filename,county,latitude,longitude,well,filetime,casgem_id,local_well_number,date,military_time_pst,no_measurement,questionable_measurement,reading_rp,reading_ws,rp_to_ws,rp_elevation,gs_elevation,wse,gs_to_ws,measurement_method,measurement_accuracy,collecting,comments,month,day,year
Glenn_01.01.2003-06.21.2013.csv,Glenn,39.3976,-121.9617,W001,2013-09-18 13:29:54,393976N1219617W001,18N01W22L001M,10/11/2011,00:00,,,7.500,0.000,7.500,72.890,72.390,65.390,7.000,ST - Steel tape measurement,0.1 Ft,Department of Water Resources,Voluntary,10,11,2011
Glenn_01.01.2003-06.21.2013.csv,Glenn,39.3976,-121.9617,W001,2013-09-18 13:29:54,393976N1219617W001,18N01W22L001M,3/28/2012,00:00,,8 - Oil or foreign substance in casing,7.000,0.200,6.800,72.890,72.390,66.090,6.300,ST - Steel tape measurement,0.1 Ft,Department of Water Resources,Voluntary,3,28,2012
Glenn_01.01.2003-06.21.2013.csv,Glenn,39.3976,-121.9617,W001,2013-09-18 13:29:54,393976N1219617W001,18N01W22L001M,7/31/2012,00:00,1 - Pumping,,NULL,NULL,NULL,72.890,72.390,NULL,NULL,,,Department of Water Resources,Voluntary,7,31,2012
Glenn_01.01.2003-06.21.2013.csv,Glenn,39.3976,-121.9617,W001,2013-09-18 13:29:54,393976N1219617W001,18N01W22L001M,10/16/2012,00:00,,8 - Oil or foreign substance in casing,10.000,1.500,8.500,72.890,72.390,64.390,8.000,ST - Steel tape measurement,0.1 Ft,Department of Water Resources,Voluntary,10,16,2012
Glenn_01.01.2003-06.21.2013.csv,Glenn,39.3976,-121.9617,W001,2013-09-18 13:29:54,393976N1219617W001,18N01W22L001M,3/18/2013,00:00,3 - Tape hung up,,NULL,NULL,NULL,72.890,72.390,NULL,NULL,,,Department of Water Resources,Voluntary,3,18,2013
Glenn_01.01.2003-06.21.2013.csv,Glenn,39.3976,-121.9617,W001,2013-09-18 13:29:54,393976N1219617W001,18N01W22L001M,5/23/2013,00:00,,8 - Oil or foreign substance in casing,19.000,8.300,10.700,72.890,72.390,62.190,10.200,ST - Steel tape measurement,0.1 Ft,Department of Water Resources,Voluntary,5,23,2013
Glenn_01.01.2003-06.21.2013.csv,Glenn,39.4002,-122.2764,W001,2013-09-18 13:29:54,394002N1222764W001,18N04W23F001M,10/11/2011,00:00,,,20.100,0.000,20.100,155.000,153.500,134.900,18.600,ES - Electric sounder measurement,0.01 Ft,Department of Water Resources,Voluntary,10,11,2011
Glenn_01.01.2003-06.21.2013.csv,Glenn,39.4002,-122.2764,W001,2013-09-18 13:29:54,394002N1222764W001,18N04W23F001M,3/27/2012,00:00,,,21.320,0.000,21.320,155.000,153.500,133.680,19.820,ES - Electric sounder measurement,0.01 Ft,Department of Water Resources,Voluntary,3,27,2012
Glenn_01.01.2003-06.21.2013.csv,Glenn,39.4002,-122.2764,W001,2013-09-18 13:29:54,394002N1222764W001,18N04W23F001M,7/31/2012,00:00,,,22.030,0.000,22.030,155.000,153.500,132.970,20.530,ES - Electric sounder measurement,0.01 Ft,Department of Water Resources,Voluntary,7,31,2012
Glenn_01.01.2003-06.21.2013.csv,Glenn,39.4002,-122.2764,W001,2013-09-18 13:29:54,394002N1222764W001,18N04W23F001M,10/16/2012,00:00,,,22.300,0.000,22.300,155.000,153.500,132.700,20.800,ES - Electric sounder measurement,0.01 Ft,Department of Water Resources,Voluntary,10,16,2012
Glenn_01.01.2003-06.21.2013.csv,Glenn,39.4002,-122.2764,W001,2013-09-18 13:29:54,394002N1222764W001,18N04W23F001M,3/18/2013,00:00,,,19.510,0.000,19.510,155.000,153.500,135.490,18.010,ES - Electric sounder measurement,0.01 Ft,Department of Water Resources,Voluntary,3,18,2013
Glenn_01.01.2003-06.21.2013.csv,Glenn,39.413,-121.9913,W001,2013-09-18 13:29:54,394130N1219913W001,18N01W17G001M,10/11/2011,00:00,,,18.850,0.000,18.850,81.390,81.390,62.540,18.850,ES - Electric sounder measurement,0.01 Ft,Department of Water Resources,Voluntary,10,11,2011
Glenn_01.01.2003-06.21.2013.csv,Glenn,39.413,-121.9913,W001,2013-09-18 13:29:54,394130N1219913W001,18N01W17G001M,3/28/2012,00:00,,,18.350,0.000,18.350,81.390,81.390,63.040,18.350,ES - Electric sounder measurement,0.01 Ft,Department of Water Resources,Voluntary,3,28,2012
Glenn_01.01.2003-06.21.2013.csv,Glenn,39.413,-121.9913,W001,2013-09-18 13:29:54,394130N1219913W001,18N01W17G001M,7/31/2012,00:00,,,21.900,0.000,21.900,81.390,81.390,59.490,21.900,ES - Electric sounder measurement,0.01 Ft,Department of Water Resources,Voluntary,7,31,2012
Glenn_01.01.2003-06.21.2013.csv,Glenn,39.413,-121.9913,W001,2013-09-18 13:29:54,394130N1219913W001,18N01W17G001M,10/16/2012,00:00,,,20.400,0.000,20.400,81.390,81.390,60.990,20.400,ES - Electric sounder measurement,0.01 Ft,Department of Water Resources,Voluntary,10,16,2012
Glenn_01.01.2003-06.21.2013.csv,Glenn,39.413,-121.9913,W001,2013-09-18 13:29:54,394130N1219913W001,18N01W17G001M,3/11/2003,00:00,,,13.200,0.000,13.200,81.390,81.390,68.190,13.200,UNK - Unknown,Unknown,Department of Water Resources,Voluntary,3,11,2003
Glenn_01.01.2003-06.21.2013.csv,Glenn,39.413,-121.9913,W001,2013-09-18 13:29:54,394130N1219913W001,18N01W17G001M,4/10/2003,00:00,,,14.400,0.000,14.400,81.390,81.390,66.990,14.400,UNK - Unknown,Unknown,Department of Water Resources,Voluntary,4,10,2003
Glenn_01.01.2003-06.21.2013.csv,Glenn,39.413,-121.9913,W001,2013-09-18 13:29:54,394130N1219913W001,18N01W17G001M,5/19/2003,00:00,,,12.900,0.000,12.900,81.390,81.390,68.490,12.900,UNK - Unknown,Unknown,Department of Water Resources,Voluntary,5,19,2003
Glenn_01.01.2003-06.21.2013.csv,Glenn,39.413,-121.9913,W001,2013-09-18 13:29:54,394130N1219913W001,18N01W17G001M,6/19/2003,00:00,,,16.100,0.000,16.100,81.390,81.390,65.290,16.100,UNK - Unknown,Unknown,Department of Water Resources,Voluntary,6,19,2003
Glenn_01.01.2003-06.21.2013.csv,Glenn,39.413,-121.9913,W001,2013-09-18 13:29:54,394130N1219913W001,18N01W17G001M,7/29/2003,00:00,,8 - Oil or foreign substance in casing,19.100,0.000,19.100,81.390,81.390,62.290,19.100,UNK - Unknown,Unknown,Department of Water Resources,Voluntary,7,29,2003
Glenn_01.01.2003-06.21.2013.csv,Glenn,39.413,-121.9913,W001,2013-09-18 13:29:54,394130N1219913W001,18N01W17G001M,8/29/2003,00:00,,8 - Oil or foreign substance in casing,18.800,0.000,18.800,81.390,81.390,62.590,18.800,UNK - Unknown,Unknown,Department of Water Resources,Voluntary,8,29,2003
Glenn_01.01.2003-06.21.2013.csv,Glenn,39.413,-121.9913,W001,2013-09-18 13:29:54,394130N1219913W001,18N01W17G001M,9/17/2003,00:00,,,18.600,0.000,18.600,81.390,81.390,62.790,18.600,UNK - Unknown,Unknown,Department of Water Resources,Voluntary,9,17,2003
Glenn_01.01.2003-06.21.2013.csv,Glenn,39.413,-121.9913,W001,2013-09-18 13:29:54,394130N1219913W001,18N01W17G001M,10/15/2003,00:00,,,18.900,0.000,18.900,81.390,81.390,62.490,18.900,UNK - Unknown,Unknown,Department of Water Resources,Voluntary,10,15,2003
Glenn_01.01.2003-06.21.2013.csv,Glenn,39.413,-121.9913,W001,2013-09-18 13:29:54,394130N1219913W001,18N01W17G001M,11/18/2003,00:00,,,18.500,0.000,18.500,81.390,81.390,62.890,18.500,UNK - Unknown,Unknown,Department of Water Resources,Voluntary,11,18,2003
Glenn_01.01.2003-06.21.2013.csv,Glenn,39.413,-121.9913,W001,2013-09-18 13:29:54,394130N1219913W001,18N01W17G001M,4/1/2004,00:00,,,12.700,0.000,12.700,81.390,81.390,68.690,12.700,UNK - Unknown,Unknown,Department of Water Resources,Voluntary,4,1,2004
Glenn_01.01.2003-06.21.2013.csv,Glenn,39.413,-121.9913,W001,2013-09-18 13:29:54,394130N1219913W001,18N01W17G001M,4/29/2004,00:00,,,15.400,0.000,15.400,81.390,81.390,65.990,15.400,UNK - Unknown,Unknown,Department of Water Resources,Voluntary,4,29,2004
Glenn_01.01.2003-06.21.2013.csv,Glenn,39.413,-121.9913,W001,2013-09-18 13:29:54,394130N1219913W001,18N01W17G001M,5/25/2004,00:00,,1 - Pumping,29.900,0.000,29.900,81.390,81.390,51.490,29.900,UNK - Unknown,Unknown,Department of Water Resources,Voluntary,5,25,2004
Glenn_01.01.2003-06.21.2013.csv,Glenn,39.413,-121.9913,W001,2013-09-18 13:29:54,394130N1219913W001,18N01W17G001M,6/23/2004,00:00,,,19.300,0.000,19.300,81.390,81.390,62.090,19.300,UNK - Unknown,Unknown,Department of Water Resources,Voluntary,6,23,2004
Glenn_01.01.2003-06.21.2013.csv,Glenn,39.413,-121.9913,W001,2013-09-18 13:29:54,394130N1219913W001,18N01W17G001M,7/28/2004,00:00,,,20.200,0.000,20.200,81.390,81.390,61.190,20.200,UNK - Unknown,Unknown,Department of Water Resources,Voluntary,7,28,2004
Glenn_01.01.2003-06.21.2013.csv,Glenn,39.413,-121.9913,W001,2013-09-18 13:29:54,394130N1219913W001,18N01W17G001M,8/23/2004,00:00,,,19.900,0.000,19.900,81.390,81.390,61.490,19.900,UNK - Unknown,Unknown,Department of Water Resources,Voluntary,8,23,2004
Glenn_01.01.2003-06.21.2013.csv,Glenn,39.413,-121.9913,W001,2013-09-18 13:29:54,394130N1219913W001,18N01W17G001M,9/21/2004,00:00,,,18.900,0.000,18.900,81.390,81.390,62.490,18.900,UNK - Unknown,Unknown,Department of Water Resources,Voluntary,9,21,2004
Glenn_01.01.2003-06.21.2013.csv,Glenn,39.413,-121.9913,W001,2013-09-18 13:29:54,394130N1219913W001,18N01W17G001M,10/19/2004,00:00,,,18.700,0.000,18.700,81.390,81.390,62.690,18.700,UNK - Unknown,Unknown,Department of Water Resources,Voluntary,10,19,2004
Glenn_01.01.2003-06.21.2013.csv,Glenn,39.413,-121.9913,W001,2013-09-18 13:29:54,394130N1219913W001,18N01W17G001M,11/17/2004,00:00,,,18.300,0.000,18.300,81.390,81.390,63.090,18.300,UNK - Unknown,Unknown,Department of Water Resources,Voluntary,11,17,2004
Glenn_01.01.2003-06.21.2013.csv,Glenn,39.413,-121.9913,W001,2013-09-18 13:29:54,394130N1219913W001,18N01W17G001M,3/30/2005,00:00,,,15.500,0.000,15.500,81.390,81.390,65.890,15.500,UNK - Unknown,Unknown,Department of Water Resources,Voluntary,3,30,2005
Glenn_01.01.2003-06.21.2013.csv,Glenn,39.413,-121.9913,W001,2013-09-18 13:29:54,394130N1219913W001,18N01W17G001M,4/27/2005,00:00,1 - Pumping,,NULL,NULL,NULL,81.390,81.390,NULL,NULL,,,Department of Water Resources,Voluntary,4,27,2005
Glenn_01.01.2003-06.21.2013.csv,Glenn,39.413,-121.9913,W001,2013-09-18 13:29:54,394130N1219913W001,18N01W17G001M,5/24/2005,00:00,,,15.400,0.000,15.400,81.390,81.390,65.990,15.400,UNK - Unknown,Unknown,Department of Water Resources,Voluntary,5,24,2005
Glenn_01.01.2003-06.21.2013.csv,Glenn,39.413,-121.9913,W001,2013-09-18 13:29:54,394130N1219913W001,18N01W17G001M,6/21/2005,00:00,,,16.200,0.000,16.200,81.390,81.390,65.190,16.200,UNK - Unknown,Unknown,Department of Water Resources,Voluntary,6,21,2005
Glenn_01.01.2003-06.21.2013.csv,Glenn,39.413,-121.9913,W001,2013-09-18 13:29:54,394130N1219913W001,18N01W17G001M,7/26/2005,00:00,1 - Pumping,,NULL,NULL,NULL,81.390,81.390,NULL,NULL,,,Department of Water Resources,Voluntary,7,26,2005
Glenn_01.01.2003-06.21.2013.csv,Glenn,39.413,-121.9913,W001,2013-09-18 13:29:54,394130N1219913W001,18N01W17G001M,8/23/2005,00:00,,,18.200,0.000,18.200,81.390,81.390,63.190,18.200,UNK - Unknown,Unknown,Department of Water Resources,Voluntary,8,23,2005
Glenn_01.01.2003-06.21.2013.csv,Glenn,39.413,-121.9913,W001,2013-09-18 13:29:54,394130N1219913W001,18N01W17G001M,9/27/2005,00:00,,,17.900,0.000,17.900,81.390,81.390,63.490,17.900,UNK - Unknown,Unknown,Department of Water Resources,Voluntary,9,27,2005
Glenn_01.01.2003-06.21.2013.csv,Glenn,39.413,-121.9913,W001,2013-09-18 13:29:54,394130N1219913W001,18N01W17G001M,10/18/2005,00:00,,,18.000,0.000,18.000,81.390,81.390,63.390,18.000,UNK - Unknown,Unknown,Department of Water Resources,Voluntary,10,18,2005
Glenn_01.01.2003-06.21.2013.csv,Glenn,39.413,-121.9913,W001,2013-09-18 13:29:54,394130N1219913W001,18N01W17G001M,3/28/2006,00:00,,,7.000,0.000,7.000,81.390,81.390,74.390,7.000,UNK - Unknown,Unknown,Department of Water Resources,Voluntary,3,28,2006
Glenn_01.01.2003-06.21.2013.csv,Glenn,39.413,-121.9913,W001,2013-09-18 13:29:54,394130N1219913W001,18N01W17G001M,5/17/2006,00:00,1 - Pumping,,NULL,NULL,NULL,81.390,81.390,NULL,NULL,,,Department of Water Resources,Voluntary,5,17,2006
Glenn_01.01.2003-06.21.2013.csv,Glenn,39.413,-121.9913,W001,2013-09-18 13:29:54,394130N1219913W001,18N01W17G001M,7/31/2006,00:00,,,16.900,0.000,16.900,81.390,81.390,64.490,16.900,UNK - Unknown,Unknown,Department of Water Resources,Voluntary,7,31,2006
Glenn_01.01.2003-06.21.2013.csv,Glenn,39.413,-121.9913,W001,2013-09-18 13:29:54,394130N1219913W001,18N01W17G001M,10/11/2006,00:00,,,17.700,0.000,17.700,81.390,81.390,63.690,17.700,UNK - Unknown,Unknown,Department of Water Resources,Voluntary,10,11,2006
Glenn_01.01.2003-06.21.2013.csv,Glenn,39.413,-121.9913,W001,2013-09-18 13:29:54,394130N1219913W001,18N01W17G001M,3/21/2007,00:00,,,17.540,0.000,17.540,81.390,81.390,63.850,17.540,UNK - Unknown,Unknown,Department of Water Resources,Voluntary,3,21,2007
Glenn_01.01.2003-06.21.2013.csv,Glenn,39.413,-121.9913,W001,2013-09-18 13:29:54,394130N1219913W001,18N01W17G001M,8/7/2007,00:00,,,20.600,0.000,20.600,81.390,81.390,60.790,20.600,UNK - Unknown,Unknown,Department of Water Resources,Voluntary,8,7,2007
Glenn_01.01.2003-06.21.2013.csv,Glenn,39.413,-121.9913,W001,2013-09-18 13:29:54,394130N1219913W001,18N01W17G001M,10/16/2007,00:00,,,18.910,0.000,18.910,81.390,81.390,62.480,18.910,UNK - Unknown,Unknown,Department of Water Resources,Voluntary,10,16,2007
Glenn_01.01.2003-06.21.2013.csv,Glenn,39.413,-121.9913,W001,2013-09-18 13:29:54,394130N1219913W001,18N01W17G001M,3/11/2008,00:00,,,16.200,0.000,16.200,81.390,81.390,65.190,16.200,UNK - Unknown,Unknown,Department of Water Resources,Voluntary,3,11,2008
Glenn_01.01.2003-06.21.2013.csv,Glenn,39.413,-121.9913,W001,2013-09-18 13:29:54,394130N1219913W001,18N01W17G001M,8/5/2008,00:00,,,20.420,0.000,20.420,81.390,81.390,60.970,20.420,UNK - Unknown,Unknown,Department of Water Resources,Voluntary,8,5,2008
Glenn_01.01.2003-06.21.2013.csv,Glenn,39.413,-121.9913,W001,2013-09-18 13:29:54,394130N1219913W001,18N01W17G001M,10/20/2008,00:00,,,18.910,0.000,18.910,81.390,81.390,62.480,18.910,UNK - Unknown,Unknown,Department of Water Resources,Voluntary,10,20,2008
Glenn_01.01.2003-06.21.2013.csv,Glenn,39.413,-121.9913,W001,2013-09-18 13:29:54,394130N1219913W001,18N01W17G001M,1/13/2009,00:00,,,18.830,0.000,18.830,81.390,81.390,62.560,18.830,UNK - Unknown,Unknown,Department of Water Resources,Voluntary,1,13,2009
Glenn_01.01.2003-06.21.2013.csv,Glenn,39.413,-121.9913,W001,2013-09-18 13:29:54,394130N1219913W001,18N01W17G001M,3/26/2009,00:00,,,17.020,0.000,17.020,81.390,81.390,64.370,17.020,UNK - Unknown,Unknown,Department of Water Resources,Voluntary,3,26,2009
Glenn_01.01.2003-06.21.2013.csv,Glenn,39.413,-121.9913,W001,2013-09-18 13:29:54,394130N1219913W001,18N01W17G001M,5/12/2009,00:00,1 - Pumping,,NULL,NULL,NULL,81.390,81.390,NULL,NULL,,,Department of Water Resources,Voluntary,5,12,2009
Glenn_01.01.2003-06.21.2013.csv,Glenn,39.413,-121.9913,W001,2013-09-18 13:29:54,394130N1219913W001,18N01W17G001M,6/24/2009,00:00,1 - Pumping,,NULL,NULL,NULL,81.390,81.390,NULL,NULL,,,Department of Water Resources,Voluntary,6,24,2009
Glenn_01.01.2003-06.21.2013.csv,Glenn,39.413,-121.9913,W001,2013-09-18 13:29:54,394130N1219913W001,18N01W17G001M,8/3/2009,00:00,1 - Pumping,,NULL,NULL,NULL,81.390,81.390,NULL,NULL,,,Department of Water Resources,Voluntary,8,3,2009
Glenn_01.01.2003-06.21.2013.csv,Glenn,39.413,-121.9913,W001,2013-09-18 13:29:54,394130N1219913W001,18N01W17G001M,9/14/2009,00:00,,,20.550,0.000,20.550,81.390,81.390,60.840,20.550,UNK - Unknown,Unknown,Department of Water Resources,Voluntary,9,14,2009
Glenn_01.01.2003-06.21.2013.csv,Glenn,39.413,-121.9913,W001,2013-09-18 13:29:54,394130N1219913W001,18N01W17G001M,10/22/2009,00:00,,,19.800,0.000,19.800,81.390,81.390,61.590,19.800,UNK - Unknown,Unknown,Department of Water Resources,Voluntary,10,22,2009
Glenn_01.01.2003-06.21.2013.csv,Glenn,39.413,-121.9913,W001,2013-09-18 13:29:54,394130N1219913W001,18N01W17G001M,3/23/2010,00:00,,,15.050,0.000,15.050,81.390,81.390,66.340,15.050,UNK - Unknown,Unknown,Department of Water Resources,Voluntary,3,23,2010
Glenn_01.01.2003-06.21.2013.csv,Glenn,39.413,-121.9913,W001,2013-09-18 13:29:54,394130N1219913W001,18N01W17G001M,8/4/2010,00:00,1 - Pumping,,NULL,NULL,NULL,81.390,81.390,NULL,NULL,,,Department of Water Resources,Voluntary,8,4,2010
Glenn_01.01.2003-06.21.2013.csv,Glenn,39.413,-121.9913,W001,2013-09-18 13:29:54,394130N1219913W001,18N01W17G001M,10/19/2010,00:00,,,19.500,0.000,19.500,81.390,81.390,61.890,19.500,UNK - Unknown,Unknown,Department of Water Resources,Voluntary,10,19,2010
Glenn_01.01.2003-06.21.2013.csv,Glenn,39.413,-121.9913,W001,2013-09-18 13:29:54,394130N1219913W001,18N01W17G001M,4/4/2011,00:00,,,6.150,0.000,6.150,81.390,81.390,75.240,6.150,UNK - Unknown,Unknown,Department of Water Resources,Voluntary,4,4,2011
Glenn_01.01.2003-06.21.2013.csv,Glenn,39.413,-121.9913,W001,2013-09-18 13:29:54,394130N1219913W001,18N01W17G001M,8/2/2011,00:00,,8 - Oil or foreign substance in casing,19.610,0.000,19.610,81.390,81.390,61.780,19.610,UNK - Unknown,Unknown,Department of Water Resources,Voluntary,8,2,2011
Glenn_01.01.2003-06.21.2013.csv,Glenn,39.413,-121.9913,W001,2013-09-18 13:29:54,394130N1219913W001,18N01W17G001M,10/11/2011,00:00,,,18.850,0.000,18.850,81.390,81.390,62.540,18.850,UNK - Unknown,Unknown,Department of Water Resources,Voluntary,10,11,2011
Glenn_01.01.2003-06.21.2013.csv,Glenn,39.413,-121.9913,W001,2013-09-18 13:29:54,394130N1219913W001,18N01W17G001M,3/18/2013,00:00,,,17.740,0.000,17.740,81.390,81.390,63.650,17.740,ES - Electric sounder measurement,0.01 Ft,Department of Water Resources,Voluntary,3,18,2013
Glenn_01.01.2003-06.21.2013.csv,Glenn,39.4199,-121.9385,W001,2013-09-18 13:29:54,394199N1219385W001,18N01W14B001M,10/11/2011,00:00,,,14.900,0.000,14.900,74.780,72.380,59.880,12.500,ST - Steel tape measurement,0.1 Ft,Department of Water Resources,Voluntary,10,11,2011
Glenn_01.01.2003-06.21.2013.csv,Glenn,39.4199,-121.9385,W001,2013-09-18 13:29:54,394199N1219385W001,18N01W14B001M,3/28/2012,00:00,7 - Special/Other,,NULL,NULL,NULL,74.780,72.380,NULL,NULL,,,Department of Water Resources,Voluntary,Locked gate.3,28,2012
Glenn_01.01.2003-06.21.2013.csv,Glenn,39.4199,-121.9385,W001,2013-09-18 13:29:54,394199N1219385W001,18N01W14B001M,7/31/2012,00:00,1 - Pumping,,NULL,NULL,NULL,74.780,72.380,NULL,NULL,,,Department of Water Resources,Voluntary,7,31,2012
Glenn_01.01.2003-06.21.2013.csv,Glenn,39.4199,-121.9385,W001,2013-09-18 13:29:54,394199N1219385W001,18N01W14B001M,10/16/2012,00:00,,,30.000,13.600,16.400,74.780,72.380,58.380,14.000,ST - Steel tape measurement,0.1 Ft,Department of Water Resources,Voluntary,10,16,2012
Glenn_01.01.2003-06.21.2013.csv,Glenn,39.4199,-121.9385,W001,2013-09-18 13:29:54,394199N1219385W001,18N01W14B001M,3/11/2003,00:00,,,6.700,0.000,6.700,74.780,72.380,68.080,4.300,UNK - Unknown,Unknown,Department of Water Resources,Voluntary,3,11,2003
Glenn_01.01.2003-06.21.2013.csv,Glenn,39.4199,-121.9385,W001,2013-09-18 13:29:54,394199N1219385W001,18N01W14B001M,4/10/2003,00:00,,,6.900,0.000,6.900,74.780,72.380,67.880,4.500,UNK - Unknown,Unknown,Department of Water Resources,Voluntary,4,10,2003
Glenn_01.01.2003-06.21.2013.csv,Glenn,39.4199,-121.9385,W001,2013-09-18 13:29:54,394199N1219385W001,18N01W14B001M,5/19/2003,00:00,,,7.500,0.000,7.500,74.780,72.380,67.280,5.100,UNK - Unknown,Unknown,Department of Water Resources,Voluntary,5,19,2003
Glenn_01.01.2003-06.21.2013.csv,Glenn,39.4199,-121.9385,W001,2013-09-18 13:29:54,394199N1219385W001,18N01W14B001M,6/19/2003,00:00,,,12.900,0.000,12.900,74.780,72.380,61.880,10.500,UNK - Unknown,Unknown,Department of Water Resources,Voluntary,6,19,2003
Glenn_01.01.2003-06.21.2013.csv,Glenn,39.4199,-121.9385,W001,2013-09-18 13:29:54,394199N1219385W001,18N01W14B001M,7/29/2003,00:00,,,17.700,0.000,17.700,74.780,72.380,57.080,15.300,UNK - Unknown,Unknown,Department of Water Resources,Voluntary,7,29,2003
Glenn_01.01.2003-06.21.2013.csv,Glenn,39.4199,-121.9385,W001,2013-09-18 13:29:54,394199N1219385W001,18N01W14B001M,8/29/2003,00:00,,,17.200,0.000,17.200,74.780,72.380,57.580,14.800,UNK - Unknown,Unknown,Department of Water Resources,Voluntary,8,29,2003
Glenn_01.01.2003-06.21.2013.csv,Glenn,39.4199,-121.9385,W001,2013-09-18 13:29:54,394199N1219385W001,18N01W14B001M,9/17/2003,00:00,,,15.100,0.000,15.100,74.780,72.380,59.680,12.700,UNK - Unknown,Unknown,Department of Water Resources,Voluntary,9,17,2003
Glenn_01.01.2003-06.21.2013.csv,Glenn,39.4199,-121.9385,W001,2013-09-18 13:29:54,394199N1219385W001,18N01W14B001M,10/15/2003,00:00,,,13.900,0.000,13.900,74.780,72.380,60.880,11.500,UNK - Unknown,Unknown,Department of Water Resources,Voluntary,10,15,2003
Glenn_01.01.2003-06.21.2013.csv,Glenn,39.4199,-121.9385,W001,2013-09-18 13:29:54,394199N1219385W001,18N01W14B001M,11/18/2003,00:00,,,12.400,0.000,12.400,74.780,72.380,62.380,10.000,UNK - Unknown,Unknown,Department of Water Resources,Voluntary,11,18,2003
Glenn_01.01.2003-06.21.2013.csv,Glenn,39.4199,-121.9385,W001,2013-09-18 13:29:54,394199N1219385W001,18N01W14B001M,4/1/2004,00:00,,,6.300,0.000,6.300,74.780,72.380,68.480,3.900,UNK - Unknown,Unknown,Department of Water Resources,Voluntary,4,1,2004
Glenn_01.01.2003-06.21.2013.csv,Glenn,39.4199,-121.9385,W001,2013-09-18 13:29:54,394199N1219385W001,18N01W14B001M,4/29/2004,00:00,,,7.900,0.000,7.900,74.780,72.380,66.880,5.500,UNK - Unknown,Unknown,Department of Water Resources,Voluntary,4,29,2004
Glenn_01.01.2003-06.21.2013.csv,Glenn,39.4199,-121.9385,W001,2013-09-18 13:29:54,394199N1219385W001,18N01W14B001M,5/25/2004,00:00,,,11.700,0.000,11.700,74.780,72.380,63.080,9.300,UNK - Unknown,Unknown,Department of Water Resources,Voluntary,5,25,2004
Glenn_01.01.2003-06.21.2013.csv,Glenn,39.4199,-121.9385,W001,2013-09-18 13:29:54,394199N1219385W001,18N01W14B001M,6/23/2004,00:00,,,15.800,0.000,15.800,74.780,72.380,58.980,13.400,UNK - Unknown,Unknown,Department of Water Resources,Voluntary,6,23,2004
Glenn_01.01.2003-06.21.2013.csv,Glenn,39.4199,-121.9385,W001,2013-09-18 13:29:54,394199N1219385W001,18N01W14B001M,7/28/2004,00:00,,,19.200,0.000,19.200,74.780,72.380,55.580,16.800,UNK - Unknown,Unknown,Department of Water Resources,Voluntary,7,28,2004
Glenn_01.01.2003-06.21.2013.csv,Glenn,39.4199,-121.9385,W001,2013-09-18 13:29:54,394199N1219385W001,18N01W14B001M,8/23/2004,00:00,,,18.700,0.000,18.700,74.780,72.380,56.080,16.300,UNK - Unknown,Unknown,Department of Water Resources,Voluntary,8,23,2004
Glenn_01.01.2003-06.21.2013.csv,Glenn,39.4199,-121.9385,W001,2013-09-18 13:29:54,394199N1219385W001,18N01W14B001M,9/21/2004,00:00,,,15.400,0.000,15.400,74.780,72.380,59.380,13.000,UNK - Unknown,Unknown,Department of Water Resources,Voluntary,9,21,2004
Glenn_01.01.2003-06.21.2013.csv,Glenn,39.4199,-121.9385,W001,2013-09-18 13:29:54,394199N1219385W001,18N01W14B001M,10/19/2004,00:00,,,13.900,0.000,13.900,74.780,72.380,60.880,11.500,UNK - Unknown,Unknown,Department of Water Resources,Voluntary,10,19,2004
Glenn_01.01.2003-06.21.2013.csv,Glenn,39.4199,-121.9385,W001,2013-09-18 13:29:54,394199N1219385W001,18N01W14B001M,11/17/2004,00:00,,,12.800,0.000,12.800,74.780,72.380,61.980,10.400,UNK - Unknown,Unknown,Department of Water Resources,Voluntary,11,17,2004
Glenn_01.01.2003-06.21.2013.csv,Glenn,39.4199,-121.9385,W001,2013-09-18 13:29:54,394199N1219385W001,18N01W14B001M,3/30/2005,00:00,,,8.300,0.000,8.300,74.780,72.380,66.480,5.900,UNK - Unknown,Unknown,Department of Water Resources,Voluntary,3,30,2005
Glenn_01.01.2003-06.21.2013.csv,Glenn,39.4199,-121.9385,W001,2013-09-18 13:29:54,394199N1219385W001,18N01W14B001M,4/27/2005,00:00,,,8.000,0.000,8.000,74.780,72.380,66.780,5.600,UNK - Unknown,Unknown,Department of Water Resources,Voluntary,4,27,2005
Glenn_01.01.2003-06.21.2013.csv,Glenn,39.4199,-121.9385,W001,2013-09-18 13:29:54,394199N1219385W001,18N01W14B001M,5/24/2005,00:00,,,8.800,0.000,8.800,74.780,72.380,65.980,6.400,UNK - Unknown,Unknown,Department of Water Resources,Voluntary,5,24,2005
Glenn_01.01.2003-06.21.2013.csv,Glenn,39.4199,-121.9385,W001,2013-09-18 13:29:54,394199N1219385W001,18N01W14B001M,6/21/2005,00:00,,,12.400,0.000,12.400,74.780,72.380,62.380,10.000,UNK - Unknown,Unknown,Department of Water Resources,Voluntary,6,21,2005
Glenn_01.01.2003-06.21.2013.csv,Glenn,39.4199,-121.9385,W001,2013-09-18 13:29:54,394199N1219385W001,18N01W14B001M,7/26/2005,00:00,,,16.800,0.000,16.800,74.780,72.380,57.980,14.400,UNK - Unknown,Unknown,Department of Water Resources,Voluntary,7,26,2005
Glenn_01.01.2003-06.21.2013.csv,Glenn,39.4199,-121.9385,W001,2013-09-18 13:29:54,394199N1219385W001,18N01W14B001M,8/23/2005,00:00,,,17.900,0.000,17.900,74.780,72.380,56.880,15.500,UNK - Unknown,Unknown,Department of Water Resources,Voluntary,8,23,2005
Glenn_01.01.2003-06.21.2013.csv,Glenn,39.4199,-121.9385,W001,2013-09-18 13:29:54,394199N1219385W001,18N01W14B001M,9/27/2005,00:00,,,13.000,0.000,13.000,74.780,72.380,61.780,10.600,UNK - Unknown,Unknown,Department of Water Resources,Voluntary,9,27,2005
Glenn_01.01.2003-06.21.2013.csv,Glenn,39.4199,-121.9385,W001,2013-09-18 13:29:54,394199N1219385W001,18N01W14B001M,10/18/2005,00:00,,,13.000,0.000,13.000,74.780,72.380,61.780,10.600,UNK - Unknown,Unknown,Department of Water Resources,Voluntary,10,18,2005
Glenn_01.01.2003-06.21.2013.csv,Glenn,39.4199,-121.9385,W001,2013-09-18 13:29:54,394199N1219385W001,18N01W14B001M,3/28/2006,00:00,,,4.500,0.000,4.500,74.780,72.380,70.280,2.100,UNK - Unknown,Unknown,Department of Water Resources,Voluntary,3,28,2006
Glenn_01.01.2003-06.21.2013.csv,Glenn,39.4199,-121.9385,W001,2013-09-18 13:29:54,394199N1219385W001,18N01W14B001M,5/17/2006,00:00,1 - Pumping,,NULL,NULL,NULL,74.780,72.380,NULL,NULL,,,Department of Water Resources,Voluntary,5,17,2006
Glenn_01.01.2003-06.21.2013.csv,Glenn,39.4199,-121.9385,W001,2013-09-18 13:29:54,394199N1219385W001,18N01W14B001M,8/2/2006,00:00,,,17.900,0.000,17.900,74.780,72.380,56.880,15.500,UNK - Unknown,Unknown,Department of Water Resources,Voluntary,8,2,2006
Glenn_01.01.2003-06.21.2013.csv,Glenn,39.4199,-121.9385,W001,2013-09-18 13:29:54,394199N1219385W001,18N01W14B001M,10/11/2006,00:00,7 - Special/Other,,NULL,NULL,NULL,74.780,72.380,NULL,NULL,,,Department of Water Resources,Voluntary,MILLIONS OF WASPS IN AND AROUND PUMP10,11,2006
Glenn_01.01.2003-06.21.2013.csv,Glenn,39.4199,-121.9385,W001,2013-09-18 13:29:54,394199N1219385W001,18N01W14B001M,3/21/2007,00:00,,,8.800,0.000,8.800,74.780,72.380,65.980,6.400,UNK - Unknown,Unknown,Department of Water Resources,Voluntary,3,21,2007
Glenn_01.01.2003-06.21.2013.csv,Glenn,39.4199,-121.9385,W001,2013-09-18 13:29:54,394199N1219385W001,18N01W14B001M,8/7/2007,00:00,1 - Pumping,,NULL,NULL,NULL,74.780,72.380,NULL,NULL,,,Department of Water Resources,Voluntary,8,7,2007
Glenn_01.01.2003-06.21.2013.csv,Glenn,39.4199,-121.9385,W001,2013-09-18 13:29:54,394199N1219385W001,18N01W14B001M,10/16/2007,00:00,,,15.000,0.000,15.000,74.780,72.380,59.780,12.600,UNK - Unknown,Unknown,Department of Water Resources,Voluntary,10,16,2007
Glenn_01.01.2003-06.21.2013.csv,Glenn,39.4199,-121.9385,W001,2013-09-18 13:29:54,394199N1219385W001,18N01W14B001M,3/11/2008,00:00,,,6.400,0.000,6.400,74.780,72.380,68.380,4.000,UNK - Unknown,Unknown,Department of Water Resources,Voluntary,3,11,2008
Glenn_01.01.2003-06.21.2013.csv,Glenn,39.4199,-121.9385,W001,2013-09-18 13:29:54,394199N1219385W001,18N01W14B001M,8/5/2008,00:00,7 - Special/Other,,NULL,NULL,NULL,74.780,72.380,NULL,NULL,,,Department of Water Resources,Voluntary,8,5,2008
Glenn_01.01.2003-06.21.2013.csv,Glenn,39.4199,-121.9385,W001,2013-09-18 13:29:54,394199N1219385W001,18N01W14B001M,10/20/2008,00:00,,,15.200,0.000,15.200,74.780,72.380,59.580,12.800,UNK - Unknown,Unknown,Department of Water Resources,Voluntary,10,20,2008
Glenn_01.01.2003-06.21.2013.csv,Glenn,39.4199,-121.9385,W001,2013-09-18 13:29:54,394199N1219385W001,18N01W14B001M,1/13/2009,00:00,,,10.500,0.000,10.500,74.780,72.380,64.280,8.100,UNK - Unknown,Unknown,Department of Water Resources,Voluntary,1,13,2009
Glenn_01.01.2003-06.21.2013.csv,Glenn,39.4199,-121.9385,W001,2013-09-18 13:29:54,394199N1219385W001,18N01W14B001M,3/26/2009,00:00,,,8.900,0.000,8.900,74.780,72.380,65.880,6.500,UNK - Unknown,Unknown,Department of Water Resources,Voluntary,3,26,2009
Glenn_01.01.2003-06.21.2013.csv,Glenn,39.4199,-121.9385,W001,2013-09-18 13:29:54,394199N1219385W001,18N01W14B001M,5/12/2009,00:00,,,13.000,0.000,13.000,74.780,72.380,61.780,10.600,UNK - Unknown,Unknown,Department of Water Resources,Voluntary,5,12,2009
Glenn_01.01.2003-06.21.2013.csv,Glenn,39.4199,-121.9385,W001,2013-09-18 13:29:54,394199N1219385W001,18N01W14B001M,6/24/2009,00:00,,,19.300,0.000,19.300,74.780,72.380,55.480,16.900,UNK - Unknown,Unknown,Department of Water Resources,Voluntary,6,24,2009
Glenn_01.01.2003-06.21.2013.csv,Glenn,39.4199,-121.9385,W001,2013-09-18 13:29:54,394199N1219385W001,18N01W14B001M,8/3/2009,00:00,1 - Pumping,,NULL,NULL,NULL,74.780,72.380,NULL,NULL,,,Department of Water Resources,Voluntary,8,3,2009
Glenn_01.01.2003-06.21.2013.csv,Glenn,39.4199,-121.9385,W001,2013-09-18 13:29:54,394199N1219385W001,18N01W14B001M,9/14/2009,00:00,,,19.100,0.000,19.100,74.780,72.380,55.680,16.700,UNK - Unknown,Unknown,Department of Water Resources,Voluntary,9,14,2009
Glenn_01.01.2003-06.21.2013.csv,Glenn,39.4199,-121.9385,W001,2013-09-18 13:29:54,394199N1219385W001,18N01W14B001M,10/21/2009,00:00,,,16.700,0.000,16.700,74.780,72.380,58.080,14.300,UNK - Unknown,Unknown,Department of Water Resources,Voluntary,10,21,2009
Glenn_01.01.2003-06.21.2013.csv,Glenn,39.4199,-121.9385,W001,2013-09-18 13:29:54,394199N1219385W001,18N01W14B001M,3/23/2010,00:00,,,6.700,0.000,6.700,74.780,72.380,68.080,4.300,UNK - Unknown,Unknown,Department of Water Resources,Voluntary,3,23,2010
Glenn_01.01.2003-06.21.2013.csv,Glenn,39.4199,-121.9385,W001,2013-09-18 13:29:54,394199N1219385W001,18N01W14B001M,8/4/2010,00:00,,,25.100,0.000,25.100,74.780,72.380,49.680,22.700,UNK - Unknown,Unknown,Department of Water Resources,Voluntary,8,4,2010
Glenn_01.01.2003-06.21.2013.csv,Glenn,39.4199,-121.9385,W001,2013-09-18 13:29:54,394199N1219385W001,18N01W14B001M,10/19/2010,00:00,,,15.600,0.000,15.600,74.780,72.380,59.180,13.200,UNK - Unknown,Unknown,Department of Water Resources,Voluntary,10,19,2010
Glenn_01.01.2003-06.21.2013.csv,Glenn,39.4199,-121.9385,W001,2013-09-18 13:29:54,394199N1219385W001,18N01W14B001M,4/4/2011,00:00,,,5.200,0.000,5.200,74.780,72.380,69.580,2.800,UNK - Unknown,Unknown,Department of Water Resources,Voluntary,4,4,2011
Glenn_01.01.2003-06.21.2013.csv,Glenn,39.4199,-121.9385,W001,2013-09-18 13:29:54,394199N1219385W001,18N01W14B001M,8/2/2011,00:00,1 - Pumping,,NULL,NULL,NULL,74.780,72.380,NULL,NULL,,,Department of Water Resources,Voluntary,8,2,2011
Glenn_01.01.2003-06.21.2013.csv,Glenn,39.4199,-121.9385,W001,2013-09-18 13:29:54,394199N1219385W001,18N01W14B001M,10/11/2011,00:00,,,14.900,0.000,14.900,74.780,72.380,59.880,12.500,UNK - Unknown,Unknown,Department of Water Resources,Voluntary,10,11,2011
Glenn_01.01.2003-06.21.2013.csv,Glenn,39.4199,-121.9385,W001,2013-09-18 13:29:54,394199N1219385W001,18N01W14B001M,3/18/2013,00:00,,,20.000,11.700,8.300,74.780,72.380,66.480,5.900,ST - Steel tape measurement,0.1 Ft,Department of Water Resources,Voluntary,3,18,2013
Glenn_01.01.2003-06.21.2013.csv,Glenn,39.4208,-122.1341,W001,2013-09-18 13:29:54,394208N1221341W001,18N02W18D001M,10/11/2011,00:00,,,4.650,0.000,4.650,83.030,82.430,78.380,4.050,ES - Electric sounder measurement,0.01 Ft,Department of Water Resources,CASGEM,10,11,2011
Glenn_01.01.2003-06.21.2013.csv,Glenn,39.4208,-122.1341,W001,2013-09-18 13:29:54,394208N1221341W001,18N02W18D001M,3/27/2012,00:00,,,5.600,0.000,5.600,83.030,82.430,77.430,5.000,ES - Electric sounder measurement,0.01 Ft,Department of Water Resources,CASGEM,3,27,2012
Glenn_01.01.2003-06.21.2013.csv,Glenn,39.4208,-122.1341,W001,2013-09-18 13:29:54,394208N1221341W001,18N02W18D001M,7/31/2012,00:00,,,5.170,0.000,5.170,83.030,82.430,77.860,4.570,ES - Electric sounder measurement,0.01 Ft,Department of Water Resources,CASGEM,7,31,2012
Glenn_01.01.2003-06.21.2013.csv,Glenn,39.4208,-122.1341,W001,2013-09-18 13:29:54,394208N1221341W001,18N02W18D001M,10/16/2012,00:00,,,5.870,0.000,5.870,83.030,82.430,77.160,5.270,ES - Electric sounder measurement,0.01 Ft,Department of Water Resources,CASGEM,10,16,2012
Glenn_01.01.2003-06.21.2013.csv,Glenn,39.4208,-122.1341,W001,2013-09-18 13:29:54,394208N1221341W001,18N02W18D001M,3/21/2007,00:00,,,1.500,0.000,1.500,83.030,82.430,81.530,0.900,UNK - Unknown,Unknown,Department of Water Resources,Voluntary,3,21,2007
Glenn_01.01.2003-06.21.2013.csv,Glenn,39.4208,-122.1341,W001,2013-09-18 13:29:54,394208N1221341W001,18N02W18D001M,8/6/2007,00:00,,,1.300,0.000,1.300,83.030,82.430,81.730,0.700,UNK - Unknown,Unknown,Department of Water Resources,Voluntary,8,6,2007
Glenn_01.01.2003-06.21.2013.csv,Glenn,39.4208,-122.1341,W001,2013-09-18 13:29:54,394208N1221341W001,18N02W18D001M,10/15/2007,00:00,,,1.840,0.000,1.840,83.030,82.430,81.190,1.240,UNK - Unknown,Unknown,Department of Water Resources,Voluntary,10,15,2007
Glenn_01.01.2003-06.21.2013.csv,Glenn,39.4208,-122.1341,W001,2013-09-18 13:29:54,394208N1221341W001,18N02W18D001M,1/18/2008,00:00,,,2.930,0.000,2.930,83.030,82.430,80.100,2.330,UNK - Unknown,Unknown,Department of Water Resources,Voluntary,1,18,2008
Glenn_01.01.2003-06.21.2013.csv,Glenn,39.4208,-122.1341,W001,2013-09-18 13:29:54,394208N1221341W001,18N02W18D001M,3/11/2008,00:00,,,3.220,0.000,3.220,83.030,82.430,79.810,2.620,UNK - Unknown,Unknown,Department of Water Resources,Voluntary,3,11,2008
Glenn_01.01.2003-06.21.2013.csv,Glenn,39.4208,-122.1341,W001,2013-09-18 13:29:54,394208N1221341W001,18N02W18D001M,7/29/2008,00:00,,,2.540,0.000,2.540,83.030,82.430,80.490,1.940,UNK - Unknown,Unknown,Department of Water Resources,Voluntary,7,29,2008
Glenn_01.01.2003-06.21.2013.csv,Glenn,39.4208,-122.1341,W001,2013-09-18 13:29:54,394208N1221341W001,18N02W18D001M,8/5/2008,00:00,,,2.530,0.000,2.530,83.030,82.430,80.500,1.930,UNK - Unknown,Unknown,Department of Water Resources,Voluntary,8,5,2008
Glenn_01.01.2003-06.21.2013.csv,Glenn,39.4208,-122.1341,W001,2013-09-18 13:29:54,394208N1221341W001,18N02W18D001M,10/20/2008,00:00,,,3.290,0.000,3.290,83.030,82.430,79.740,2.690,UNK - Unknown,Unknown,Department of Water Resources,Voluntary,10,20,2008
Glenn_01.01.2003-06.21.2013.csv,Glenn,39.4208,-122.1341,W001,2013-09-18 13:29:54,394208N1221341W001,18N02W18D001M,5/2/2007,00:00,,,1.370,0.000,1.370,83.030,82.430,81.660,0.770,UNK - Unknown,Unknown,Department of Water Resources,Voluntary,5,2,2007
Glenn_01.01.2003-06.21.2013.csv,Glenn,39.4208,-122.1341,W001,2013-09-18 13:29:54,394208N1221341W001,18N02W18D001M,1/13/2009,00:00,,,4.430,0.000,4.430,83.030,82.430,78.600,3.830,UNK - Unknown,Unknown,Department of Water Resources,Voluntary,1,13,2009
Glenn_01.01.2003-06.21.2013.csv,Glenn,39.4208,-122.1341,W001,2013-09-18 13:29:54,394208N1221341W001,18N02W18D001M,3/26/2009,00:00,,,4.650,0.000,4.650,83.030,82.430,78.380,4.050,UNK - Unknown,Unknown,Department of Water Resources,Voluntary,3,26,2009
Glenn_01.01.2003-06.21.2013.csv,Glenn,39.4208,-122.1341,W001,2013-09-18 13:29:54,394208N1221341W001,18N02W18D001M,5/12/2009,00:00,,,4.440,0.000,4.440,83.030,82.430,78.590,3.840,UNK - Unknown,Unknown,Department of Water Resources,Voluntary,5,12,2009
Glenn_01.01.2003-06.21.2013.csv,Glenn,39.4208,-122.1341,W001,2013-09-18 13:29:54,394208N1221341W001,18N02W18D001M,6/24/2009,00:00,,,4.020,0.000,4.020,83.030,82.430,79.010,3.420,UNK - Unknown,Unknown,Department of Water Resources,Voluntary,6,24,2009
Glenn_01.01.2003-06.21.2013.csv,Glenn,39.4208,-122.1341,W001,2013-09-18 13:29:54,394208N1221341W001,18N02W18D001M,8/5/2009,00:00,,,4.120,0.000,4.120,83.030,82.430,78.910,3.520,UNK - Unknown,Unknown,Department of Water Resources,Voluntary,8,5,2009
Glenn_01.01.2003-06.21.2013.csv,Glenn,39.4208,-122.1341,W001,2013-09-18 13:29:54,394208N1221341W001,18N02W18D001M,9/14/2009,00:00,,,4.720,0.000,4.720,83.030,82.430,78.310,4.120,UNK - Unknown,Unknown,Department of Water Resources,Voluntary,9,14,2009
Glenn_01.01.2003-06.21.2013.csv,Glenn,39.4208,-122.1341,W001,2013-09-18 13:29:54,394208N1221341W001,18N02W18D001M,10/21/2009,00:00,,,4.700,0.000,4.700,83.030,82.430,78.330,4.100,UNK - Unknown,Unknown,Department of Water Resources,Voluntary,10,21,2009
Glenn_01.01.2003-06.21.2013.csv,Glenn,39.4208,-122.1341,W001,2013-09-18 13:29:54,394208N1221341W001,18N02W18D001M,3/23/2010,00:00,,,5.940,0.000,5.940,83.030,82.430,77.090,5.340,UNK - Unknown,Unknown,Department of Water Resources,Voluntary,3,23,2010
Glenn_01.01.2003-06.21.2013.csv,Glenn,39.4208,-122.1341,W001,2013-09-18 13:29:54,394208N1221341W001,18N02W18D001M,8/4/2010,00:00,,,4.840,0.000,4.840,83.030,82.430,78.190,4.240,UNK - Unknown,Unknown,Department of Water Resources,Voluntary,8,4,2010
Glenn_01.01.2003-06.21.2013.csv,Glenn,39.4208,-122.1341,W001,2013-09-18 13:29:54,394208N1221341W001,18N02W18D001M,10/19/2010,00:00,,,4.960,0.000,4.960,83.030,82.430,78.070,4.360,UNK - Unknown,Unknown,Department of Water Resources,Voluntary,10,19,2010
Glenn_01.01.2003-06.21.2013.csv,Glenn,39.4208,-122.1341,W001,2013-09-18 13:29:54,394208N1221341W001,18N02W18D001M,4/4/2011,00:00,,,5.410,0.000,5.410,83.030,82.430,77.620,4.810,UNK - Unknown,Unknown,Department of Water Resources,Voluntary,4,4,2011
Glenn_01.01.2003-06.21.2013.csv,Glenn,39.4208,-122.1341,W001,2013-09-18 13:29:54,394208N1221341W001,18N02W18D001M,8/2/2011,00:00,,,4.300,0.000,4.300,83.030,82.430,78.730,3.700,UNK - Unknown,Unknown,Department of Water Resources,Voluntary,8,2,2011
Glenn_01.01.2003-06.21.2013.csv,Glenn,39.4208,-122.1341,W001,2013-09-18 13:29:54,394208N1221341W001,18N02W18D001M,10/11/2011,00:00,,,4.650,0.000,4.650,83.030,82.430,78.380,4.050,UNK - Unknown,Unknown,Department of Water Resources,Voluntary,10,11,2011
Glenn_01.01.2003-06.21.2013.csv,Glenn,39.4208,-122.1341,W001,2013-09-18 13:29:54,394208N1221341W001,18N02W18D001M,3/18/2013,00:00,,,7.010,0.000,7.010,83.030,82.430,76.020,6.410,ES - Electric sounder measurement,0.01 Ft,Department of Water Resources,CASGEM,3,18,2013
Glenn_01.01.2003-06.21.2013.csv,Glenn,39.4208,-122.1341,W002,2013-09-18 13:29:54,394208N1221341W002,18N02W18D002M,10/11/2011,00:00,,,9.450,0.000,9.450,83.430,82.430,73.980,8.450,ES - Electric sounder measurement,0.01 Ft,Department of Water Resources,CASGEM,10,11,2011
Glenn_01.01.2003-06.21.2013.csv,Glenn,39.4208,-122.1341,W002,2013-09-18 13:29:54,394208N1221341W002,18N02W18D002M,3/27/2012,00:00,,,7.000,0.000,7.000,83.430,82.430,76.430,6.000,ES - Electric sounder measurement,0.01 Ft,Department of Water Resources,CASGEM,3,27,2012
Glenn_01.01.2003-06.21.2013.csv,Glenn,39.4208,-122.1341,W002,2013-09-18 13:29:54,394208N1221341W002,18N02W18D002M,7/31/2012,00:00,,,9.850,0.000,9.850,83.430,82.430,73.580,8.850,ES - Electric sounder measurement,0.01 Ft,Department of Water Resources,CASGEM,7,31,2012
Glenn_01.01.2003-06.21.2013.csv,Glenn,39.4208,-122.1341,W002,2013-09-18 13:29:54,394208N1221341W002,18N02W18D002M,10/16/2012,00:00,,,10.820,0.000,10.820,83.430,82.430,72.610,9.820,ES - Electric sounder measurement,0.01 Ft,Department of Water Resources,CASGEM,10,16,2012
Glenn_01.01.2003-06.21.2013.csv,Glenn,39.4208,-122.1341,W002,2013-09-18 13:29:54,394208N1221341W002,18N02W18D002M,3/21/2007,00:00,,,4.720,0.000,4.720,83.430,82.430,78.710,3.720,UNK - Unknown,Unknown,Department of Water Resources,Voluntary,3,21,2007
Glenn_01.01.2003-06.21.2013.csv,Glenn,39.4208,-122.1341,W002,2013-09-18 13:29:54,394208N1221341W002,18N02W18D002M,8/6/2007,00:00,,,7.860,0.000,7.860,83.430,82.430,75.570,6.860,UNK - Unknown,Unknown,Department of Water Resources,Voluntary,8,6,2007
Glenn_01.01.2003-06.21.2013.csv,Glenn,39.4208,-122.1341,W002,2013-09-18 13:29:54,394208N1221341W002,18N02W18D002M,10/15/2007,00:00,,,8.210,0.000,8.210,83.430,82.430,75.220,7.210,UNK - Unknown,Unknown,Department of Water Resources,Voluntary,10,15,2007
Glenn_01.01.2003-06.21.2013.csv,Glenn,39.4208,-122.1341,W002,2013-09-18 13:29:54,394208N1221341W002,18N02W18D002M,1/18/2008,00:00,,,7.260,0.000,7.260,83.430,82.430,76.170,6.260,UNK - Unknown,Unknown,Department of Water Resources,Voluntary,1,18,2008
Glenn_01.01.2003-06.21.2013.csv,Glenn,39.4208,-122.1341,W002,2013-09-18 13:29:54,394208N1221341W002,18N02W18D002M,3/11/2008,00:00,,,5.890,0.000,5.890,83.430,82.430,77.540,4.890,UNK - Unknown,Unknown,Department of Water Resources,Voluntary,3,11,2008
Glenn_01.01.2003-06.21.2013.csv,Glenn,39.4208,-122.1341,W002,2013-09-18 13:29:54,394208N1221341W002,18N02W18D002M,7/29/2008,00:00,,,7.900,0.000,7.900,83.430,82.430,75.530,6.900,UNK - Unknown,Unknown,Department of Water Resources,Voluntary,7,29,2008
Glenn_01.01.2003-06.21.2013.csv,Glenn,39.4208,-122.1341,W002,2013-09-18 13:29:54,394208N1221341W002,18N02W18D002M,8/5/2008,00:00,,,8.030,0.000,8.030,83.430,82.430,75.400,7.030,UNK - Unknown,Unknown,Department of Water Resources,Voluntary,8,5,2008
Glenn_01.01.2003-06.21.2013.csv,Glenn,39.4208,-122.1341,W002,2013-09-18 13:29:54,394208N1221341W002,18N02W18D002M,10/20/2008,00:00,,,8.700,0.000,8.700,83.430,82.430,74.730,7.700,UNK - Unknown,Unknown,Department of Water Resources,Voluntary,10,20,2008
Glenn_01.01.2003-06.21.2013.csv,Glenn,39.4208,-122.1341,W002,2013-09-18 13:29:54,394208N1221341W002,18N02W18D002M,5/2/2007,00:00,,,4.940,0.000,4.940,83.430,82.430,78.490,3.940,UNK - Unknown,Unknown,Department of Water Resources,Voluntary,5,2,2007
Glenn_01.01.2003-06.21.2013.csv,Glenn,39.4208,-122.1341,W002,2013-09-18 13:29:54,394208N1221341W002,18N02W18D002M,1/13/2009,00:00,,,8.980,0.000,8.980,83.430,82.430,74.450,7.980,UNK - Unknown,Unknown,Department of Water Resources,Voluntary,1,13,2009
Glenn_01.01.2003-06.21.2013.csv,Glenn,39.4208,-122.1341,W002,2013-09-18 13:29:54,394208N1221341W002,18N02W18D002M,3/26/2009,00:00,,,7.170,0.000,7.170,83.430,82.430,76.260,6.170,UNK - Unknown,Unknown,Department of Water Resources,Voluntary,3,26,2009
Glenn_01.01.2003-06.21.2013.csv,Glenn,39.4208,-122.1341,W002,2013-09-18 13:29:54,394208N1221341W002,18N02W18D002M,5/12/2009,00:00,,,6.880,0.000,6.880,83.430,82.430,76.550,5.880,UNK - Unknown,Unknown,Department of Water Resources,Voluntary,5,12,2009
Glenn_01.01.2003-06.21.2013.csv,Glenn,39.4208,-122.1341,W002,2013-09-18 13:29:54,394208N1221341W002,18N02W18D002M,6/24/2009,00:00,,,7.650,0.000,7.650,83.430,82.430,75.780,6.650,UNK - Unknown,Unknown,Department of Water Resources,Voluntary,6,24,2009
Glenn_01.01.2003-06.21.2013.csv,Glenn,39.4208,-122.1341,W002,2013-09-18 13:29:54,394208N1221341W002,18N02W18D002M,8/5/2009,00:00,,,9.000,0.000,9.000,83.430,82.430,74.430,8.000,UNK - Unknown,Unknown,Department of Water Resources,Voluntary,8,5,2009
Glenn_01.01.2003-06.21.2013.csv,Glenn,39.4208,-122.1341,W002,2013-09-18 13:29:54,394208N1221341W002,18N02W18D002M,9/14/2009,00:00,,,9.760,0.000,9.760,83.430,82.430,73.670,8.760,UNK - Unknown,Unknown,Department of Water Resources,Voluntary,9,14,2009
Glenn_01.01.2003-06.21.2013.csv,Glenn,39.4208,-122.1341,W002,2013-09-18 13:29:54,394208N1221341W002,18N02W18D002M,10/21/2009,00:00,,,9.520,0.000,9.520,83.430,82.430,73.910,8.520,UNK - Unknown,Unknown,Department of Water Resources,Voluntary,10,21,2009
Glenn_01.01.2003-06.21.2013.csv,Glenn,39.4208,-122.1341,W002,2013-09-18 13:29:54,394208N1221341W002,18N02W18D002M,3/23/2010,00:00,,,6.860,0.000,6.860,83.430,82.430,76.570,5.860,UNK - Unknown,Unknown,Department of Water Resources,Voluntary,3,23,2010
Glenn_01.01.2003-06.21.2013.csv,Glenn,39.4208,-122.1341,W002,2013-09-18 13:29:54,394208N1221341W002,18N02W18D002M,8/4/2010,00:00,,,8.270,0.000,8.270,83.430,82.430,75.160,7.270,UNK - Unknown,Unknown,Department of Water Resources,Voluntary,8,4,2010
Glenn_01.01.2003-06.21.2013.csv,Glenn,39.4208,-122.1341,W002,2013-09-18 13:29:54,394208N1221341W002,18N02W18D002M,10/19/2010,00:00,,,8.610,0.000,8.610,83.430,82.430,74.820,7.610,UNK - Unknown,Unknown,Department of Water Resources,Voluntary,10,19,2010
Glenn_01.01.2003-06.21.2013.csv,Glenn,39.4208,-122.1341,W002,2013-09-18 13:29:54,394208N1221341W002,18N02W18D002M,4/4/2011,00:00,,,5.860,0.000,5.860,83.430,82.430,77.570,4.860,UNK - Unknown,Unknown,Department of Water Resources,Voluntary,4,4,2011
Glenn_01.01.2003-06.21.2013.csv,Glenn,39.4208,-122.1341,W002,2013-09-18 13:29:54,394208N1221341W002,18N02W18D002M,8/2/2011,00:00,,,7.690,0.000,7.690,83.430,82.430,75.740,6.690,UNK - Unknown,Unknown,Department of Water Resources,Voluntary,8,2,2011
Glenn_01.01.2003-06.21.2013.csv,Glenn,39.4208,-122.1341,W002,2013-09-18 13:29:54,394208N1221341W002,18N02W18D002M,10/11/2011,00:00,,,9.450,0.000,9.450,83.430,82.430,73.980,8.450,UNK - Unknown,Unknown,Department of Water Resources,Voluntary,10,11,2011
Glenn_01.01.2003-06.21.2013.csv,Glenn,39.4208,-122.1341,W002,2013-09-18 13:29:54,394208N1221341W002,18N02W18D002M,3/18/2013,00:00,,,8.020,0.000,8.020,83.430,82.430,75.410,7.020,ES - Electric sounder measurement,0.01 Ft,Department of Water Resources,CASGEM,3,18,2013
Glenn_01.01.2003-06.21.2013.csv,Glenn,39.4208,-122.1341,W003,2013-09-18 13:29:54,394208N1221341W003,18N02W18D003M,10/11/2011,00:00,,,9.560,0.000,9.560,84.030,82.430,74.470,7.960,ES - Electric sounder measurement,0.01 Ft,Department of Water Resources,CASGEM,10,11,2011
Glenn_01.01.2003-06.21.2013.csv,Glenn,39.4208,-122.1341,W003,2013-09-18 13:29:54,394208N1221341W003,18N02W18D003M,3/27/2012,00:00,,,6.720,0.000,6.720,84.030,82.430,77.310,5.120,ES - Electric sounder measurement,0.01 Ft,Department of Water Resources,CASGEM,3,27,2012
Glenn_01.01.2003-06.21.2013.csv,Glenn,39.4208,-122.1341,W003,2013-09-18 13:29:54,394208N1221341W003,18N02W18D003M,7/31/2012,00:00,,,10.380,0.000,10.380,84.030,82.430,73.650,8.780,ES - Electric sounder measurement,0.01 Ft,Department of Water Resources,CASGEM,7,31,2012
Glenn_01.01.2003-06.21.2013.csv,Glenn,39.4208,-122.1341,W003,2013-09-18 13:29:54,394208N1221341W003,18N02W18D003M,10/16/2012,00:00,,,10.700,0.000,10.700,84.030,82.430,73.330,9.100,ES - Electric sounder measurement,0.01 Ft,Department of Water Resources,CASGEM,10,16,2012
Glenn_01.01.2003-06.21.2013.csv,Glenn,39.4208,-122.1341,W003,2013-09-18 13:29:54,394208N1221341W003,18N02W18D003M,3/21/2007,00:00,,,5.080,0.000,5.080,84.030,82.430,78.950,3.480,UNK - Unknown,Unknown,Department of Water Resources,Voluntary,3,21,2007
Glenn_01.01.2003-06.21.2013.csv,Glenn,39.4208,-122.1341,W003,2013-09-18 13:29:54,394208N1221341W003,18N02W18D003M,8/6/2007,00:00,,,8.500,0.000,8.500,84.030,82.430,75.530,6.900,UNK - Unknown,Unknown,Department of Water Resources,Voluntary,8,6,2007
Glenn_01.01.2003-06.21.2013.csv,Glenn,39.4208,-122.1341,W003,2013-09-18 13:29:54,394208N1221341W003,18N02W18D003M,10/15/2007,00:00,,,8.630,0.000,8.630,84.030,82.430,75.400,7.030,UNK - Unknown,Unknown,Department of Water Resources,Voluntary,10,15,2007
Glenn_01.01.2003-06.21.2013.csv,Glenn,39.4208,-122.1341,W003,2013-09-18 13:29:54,394208N1221341W003,18N02W18D003M,1/18/2008,00:00,,,7.150,0.000,7.150,84.030,82.430,76.880,5.550,UNK - Unknown,Unknown,Department of Water Resources,Voluntary,1,18,2008
Glenn_01.01.2003-06.21.2013.csv,Glenn,39.4208,-122.1341,W003,2013-09-18 13:29:54,394208N1221341W003,18N02W18D003M,3/11/2008,00:00,,,5.730,0.000,5.730,84.030,82.430,78.300,4.130,UNK - Unknown,Unknown,Department of Water Resources,Voluntary,3,11,2008
Glenn_01.01.2003-06.21.2013.csv,Glenn,39.4208,-122.1341,W003,2013-09-18 13:29:54,394208N1221341W003,18N02W18D003M,7/29/2008,00:00,,,8.500,0.000,8.500,84.030,82.430,75.530,6.900,UNK - Unknown,Unknown,Department of Water Resources,Voluntary,7,29,2008
Glenn_01.01.2003-06.21.2013.csv,Glenn,39.4208,-122.1341,W003,2013-09-18 13:29:54,394208N1221341W003,18N02W18D003M,8/5/2008,00:00,,,8.620,0.000,8.620,84.030,82.430,75.410,7.020,UNK - Unknown,Unknown,Department of Water Resources,Voluntary,8,5,2008
Glenn_01.01.2003-06.21.2013.csv,Glenn,39.4208,-122.1341,W003,2013-09-18 13:29:54,394208N1221341W003,18N02W18D003M,10/20/2008,00:00,,,8.970,0.000,8.970,84.030,82.430,75.060,7.370,UNK - Unknown,Unknown,Department of Water Resources,Voluntary,10,20,2008
Glenn_01.01.2003-06.21.2013.csv,Glenn,39.4208,-122.1341,W003,2013-09-18 13:29:54,394208N1221341W003,18N02W18D003M,5/2/2007,00:00,,,5.440,0.000,5.440,84.030,82.430,78.590,3.840,UNK - Unknown,Unknown,Department of Water Resources,Voluntary,5,2,2007
Glenn_01.01.2003-06.21.2013.csv,Glenn,39.4208,-122.1341,W003,2013-09-18 13:29:54,394208N1221341W003,18N02W18D003M,1/13/2009,00:00,,,8.850,0.000,8.850,84.030,82.430,75.180,7.250,UNK - Unknown,Unknown,Department of Water Resources,Voluntary,1,13,2009
Glenn_01.01.2003-06.21.2013.csv,Glenn,39.4208,-122.1341,W003,2013-09-18 13:29:54,394208N1221341W003,18N02W18D003M,2/3/2009,00:00,,,8.330,0.000,8.330,84.030,82.430,75.700,6.730,UNK - Unknown,Unknown,Department of Water Resources,Voluntary,2,3,2009
Glenn_01.01.2003-06.21.2013.csv,Glenn,39.4208,-122.1341,W003,2013-09-18 13:29:54,394208N1221341W003,18N02W18D003M,3/26/2009,00:00,,,6.870,0.000,6.870,84.030,82.430,77.160,5.270,UNK - Unknown,Unknown,Department of Water Resources,Voluntary,3,26,2009
Glenn_01.01.2003-06.21.2013.csv,Glenn,39.4208,-122.1341,W003,2013-09-18 13:29:54,394208N1221341W003,18N02W18D003M,5/12/2009,00:00,,,7.030,0.000,7.030,84.030,82.430,77.000,5.430,UNK - Unknown,Unknown,Department of Water Resources,Voluntary,5,12,2009
Glenn_01.01.2003-06.21.2013.csv,Glenn,39.4208,-122.1341,W003,2013-09-18 13:29:54,394208N1221341W003,18N02W18D003M,6/24/2009,00:00,,,8.000,0.000,8.000,84.030,82.430,76.030,6.400,UNK - Unknown,Unknown,Department of Water Resources,Voluntary,6,24,2009
Glenn_01.01.2003-06.21.2013.csv,Glenn,39.4208,-122.1341,W003,2013-09-18 13:29:54,394208N1221341W003,18N02W18D003M,8/5/2009,00:00,,,9.370,0.000,9.370,84.030,82.430,74.660,7.770,UNK - Unknown,Unknown,Department of Water Resources,Voluntary,8,5,2009
Glenn_01.01.2003-06.21.2013.csv,Glenn,39.4208,-122.1341,W003,2013-09-18 13:29:54,394208N1221341W003,18N02W18D003M,9/14/2009,00:00,,,9.730,0.000,9.730,84.030,82.430,74.300,8.130,UNK - Unknown,Unknown,Department of Water Resources,Voluntary,9,14,2009
Glenn_01.01.2003-06.21.2013.csv,Glenn,39.4208,-122.1341,W003,2013-09-18 13:29:54,394208N1221341W003,18N02W18D003M,10/21/2009,00:00,,,9.450,0.000,9.450,84.030,82.430,74.580,7.850,UNK - Unknown,Unknown,Department of Water Resources,Voluntary,10,21,2009
Glenn_01.01.2003-06.21.2013.csv,Glenn,39.4208,-122.1341,W003,2013-09-18 13:29:54,394208N1221341W003,18N02W18D003M,3/23/2010,00:00,,,6.270,0.000,6.270,84.030,82.430,77.760,4.670,UNK - Unknown,Unknown,Department of Water Resources,Voluntary,3,23,2010
Glenn_01.01.2003-06.21.2013.csv,Glenn,39.4208,-122.1341,W003,2013-09-18 13:29:54,394208N1221341W003,18N02W18D003M,8/4/2010,00:00,,,8.620,0.000,8.620,84.030,82.430,75.410,7.020,UNK - Unknown,Unknown,Department of Water Resources,Voluntary,8,4,2010
Glenn_01.01.2003-06.21.2013.csv,Glenn,39.4208,-122.1341,W003,2013-09-18 13:29:54,394208N1221341W003,18N02W18D003M,10/19/2010,00:00,,,8.550,0.000,8.550,84.030,82.430,75.480,6.950,UNK - Unknown,Unknown,Department of Water Resources,Voluntary,10,19,2010
Glenn_01.01.2003-06.21.2013.csv,Glenn,39.4208,-122.1341,W003,2013-09-18 13:29:54,394208N1221341W003,18N02W18D003M,4/4/2011,00:00,,,5.310,0.000,5.310,84.030,82.430,78.720,3.710,UNK - Unknown,Unknown,Department of Water Resources,Voluntary,4,4,2011
Glenn_01.01.2003-06.21.2013.csv,Glenn,39.4208,-122.1341,W003,2013-09-18 13:29:54,394208N1221341W003,18N02W18D003M,8/2/2011,00:00,,,8.320,0.000,8.320,84.030,82.430,75.710,6.720,UNK - Unknown,Unknown,Department of Water Resources,Voluntary,8,2,2011
Glenn_01.01.2003-06.21.2013.csv,Glenn,39.4208,-122.1341,W003,2013-09-18 13:29:54,394208N1221341W003,18N02W18D003M,10/11/2011,00:00,,,9.560,0.000,9.560,84.030,82.430,74.470,7.960,UNK - Unknown,Unknown,Department of Water Resources,Voluntary,10,11,2011
Glenn_01.01.2003-06.21.2013.csv,Glenn,39.4208,-122.1341,W003,2013-09-18 13:29:54,394208N1221341W003,18N02W18D003M,3/18/2013,00:00,,,7.510,0.000,7.510,84.030,82.430,76.520,5.910,ES - Electric sounder measurement,0.01 Ft,Department of Water Resources,CASGEM,3,18,2013
Glenn_01.01.2003-06.21.2013.csv,Glenn,39.4208,-122.1341,W004,2013-09-18 13:29:54,394208N1221341W004,18N02W18D004M,10/11/2011,00:00,,2 - Nearby pump operating,25.140,0.000,25.140,84.430,82.430,59.290,23.140,ES - Electric sounder measurement,0.01 Ft,Department of Water Resources,CASGEM,EDITED TO A QM  - FROM HYDSTRA DATA10,11,2011
Glenn_01.01.2003-06.21.2013.csv,Glenn,39.4208,-122.1341,W004,2013-09-18 13:29:54,394208N1221341W004,18N02W18D004M,3/27/2012,00:00,,,7.800,0.000,7.800,84.430,82.430,76.630,5.800,ES - Electric sounder measurement,0.01 Ft,Department of Water Resources,CASGEM,3,27,2012
Glenn_01.01.2003-06.21.2013.csv,Glenn,39.4208,-122.1341,W004,2013-09-18 13:29:54,394208N1221341W004,18N02W18D004M,7/31/2012,00:00,,,17.970,0.000,17.970,84.430,82.430,66.460,15.970,ES - Electric sounder measurement,0.01 Ft,Department of Water Resources,CASGEM,7,31,2012
Glenn_01.01.2003-06.21.2013.csv,Glenn,39.4208,-122.1341,W004,2013-09-18 13:29:54,394208N1221341W004,18N02W18D004M,10/16/2012,00:00,,,30.560,0.000,30.560,84.430,82.430,53.870,28.560,ES - Electric sounder measurement,0.01 Ft,Department of Water Resources,CASGEM,10,16,2012
Glenn_01.01.2003-06.21.2013.csv,Glenn,39.4208,-122.1341,W004,2013-09-18 13:29:54,394208N1221341W004,18N02W18D004M,3/21/2007,00:00,,,8.270,0.000,8.270,84.430,82.430,76.160,6.270,UNK - Unknown,Unknown,Department of Water Resources,Voluntary,3,21,2007
Glenn_01.01.2003-06.21.2013.csv,Glenn,39.4208,-122.1341,W004,2013-09-18 13:29:54,394208N1221341W004,18N02W18D004M,8/6/2007,00:00,,2 - Nearby pump operating,38.950,0.000,38.950,84.430,82.430,45.480,36.950,UNK - Unknown,Unknown,Department of Water Resources,Voluntary,EDITED TO A QM  - FROM HYDSTRA DATA8,6,2007
Glenn_01.01.2003-06.21.2013.csv,Glenn,39.4208,-122.1341,W004,2013-09-18 13:29:54,394208N1221341W004,18N02W18D004M,10/15/2007,00:00,,2 - Nearby pump operating,41.510,0.000,41.510,84.430,82.430,42.920,39.510,UNK - Unknown,Unknown,Department of Water Resources,Voluntary,EDITED TO A QM  - FROM HYDSTRA DATA10,15,2007
Glenn_01.01.2003-06.21.2013.csv,Glenn,39.4208,-122.1341,W004,2013-09-18 13:29:54,394208N1221341W004,18N02W18D004M,1/18/2008,00:00,,,9.330,0.000,9.330,84.430,82.430,75.100,7.330,UNK - Unknown,Unknown,Department of Water Resources,Voluntary,1,18,2008
Glenn_01.01.2003-06.21.2013.csv,Glenn,39.4208,-122.1341,W004,2013-09-18 13:29:54,394208N1221341W004,18N02W18D004M,3/11/2008,00:00,,,7.020,0.000,7.020,84.430,82.430,77.410,5.020,UNK - Unknown,Unknown,Department of Water Resources,Voluntary,3,11,2008
Glenn_01.01.2003-06.21.2013.csv,Glenn,39.4208,-122.1341,W004,2013-09-18 13:29:54,394208N1221341W004,18N02W18D004M,7/29/2008,00:00,,2 - Nearby pump operating,40.680,0.000,40.680,84.430,82.430,43.750,38.680,UNK - Unknown,Unknown,Department of Water Resources,Voluntary,EDITED TO A QM  - FROM HYDSTRA DATA7,29,2008
Glenn_01.01.2003-06.21.2013.csv,Glenn,39.4208,-122.1341,W004,2013-09-18 13:29:54,394208N1221341W004,18N02W18D004M,8/5/2008,00:00,,2 - Nearby pump operating,40.500,0.000,40.500,84.430,82.430,43.930,38.500,UNK - Unknown,Unknown,Department of Water Resources,Voluntary,EDITED TO A QM  - FROM HYDSTRA DATA8,5,2008
Glenn_01.01.2003-06.21.2013.csv,Glenn,39.4208,-122.1341,W004,2013-09-18 13:29:54,394208N1221341W004,18N02W18D004M,10/20/2008,00:00,,2 - Nearby pump operating,41.620,0.000,41.620,84.430,82.430,42.810,39.620,UNK - Unknown,Unknown,Department of Water Resources,Voluntary,EDITED TO A QM  - FROM HYDSTRA DATA10,20,2008
Glenn_01.01.2003-06.21.2013.csv,Glenn,39.4208,-122.1341,W004,2013-09-18 13:29:54,394208N1221341W004,18N02W18D004M,5/2/2007,00:00,,2 - Nearby pump operating,13.450,0.000,13.450,84.430,82.430,70.980,11.450,UNK - Unknown,Unknown,Department of Water Resources,Voluntary,EDITED TO A QM  - FROM HYDSTRA DATA5,2,2007
Glenn_01.01.2003-06.21.2013.csv,Glenn,39.4208,-122.1341,W004,2013-09-18 13:29:54,394208N1221341W004,18N02W18D004M,1/13/2009,00:00,,,13.530,0.000,13.530,84.430,82.430,70.900,11.530,UNK - Unknown,Unknown,Department of Water Resources,Voluntary,1,13,2009
Glenn_01.01.2003-06.21.2013.csv,Glenn,39.4208,-122.1341,W004,2013-09-18 13:29:54,394208N1221341W004,18N02W18D004M,3/26/2009,00:00,,,7.610,0.000,7.610,84.430,82.430,76.820,5.610,UNK - Unknown,Unknown,Department of Water Resources,Voluntary,3,26,2009
Glenn_01.01.2003-06.21.2013.csv,Glenn,39.4208,-122.1341,W004,2013-09-18 13:29:54,394208N1221341W004,18N02W18D004M,5/12/2009,00:00,,2 - Nearby pump operating,27.300,0.000,27.300,84.430,82.430,57.130,25.300,UNK - Unknown,Unknown,Department of Water Resources,Voluntary,EDITED TO A QM  - FROM HYDSTRA DATA5,12,2009
Glenn_01.01.2003-06.21.2013.csv,Glenn,39.4208,-122.1341,W004,2013-09-18 13:29:54,394208N1221341W004,18N02W18D004M,6/24/2009,00:00,,2 - Nearby pump operating,38.090,0.000,38.090,84.430,82.430,46.340,36.090,UNK - Unknown,Unknown,Department of Water Resources,Voluntary,EDITED TO A QM  - FROM HYDSTRA DATA6,24,2009
Glenn_01.01.2003-06.21.2013.csv,Glenn,39.4208,-122.1341,W004,2013-09-18 13:29:54,394208N1221341W004,18N02W18D004M,8/5/2009,00:00,,2 - Nearby pump operating,40.480,0.000,40.480,84.430,82.430,43.950,38.480,UNK - Unknown,Unknown,Department of Water Resources,Voluntary,EDITED TO A QM  - FROM HYDSTRA DATA8,5,2009
Glenn_01.01.2003-06.21.2013.csv,Glenn,39.4208,-122.1341,W004,2013-09-18 13:29:54,394208N1221341W004,18N02W18D004M,9/14/2009,00:00,,,15.360,0.000,15.360,84.430,82.430,69.070,13.360,UNK - Unknown,Unknown,Department of Water Resources,Voluntary,9,14,2009
Glenn_01.01.2003-06.21.2013.csv,Glenn,39.4208,-122.1341,W004,2013-09-18 13:29:54,394208N1221341W004,18N02W18D004M,10/21/2009,00:00,,2 - Nearby pump operating,43.880,0.000,43.880,84.430,82.430,40.550,41.880,UNK - Unknown,Unknown,Department of Water Resources,Voluntary,EDITED TO A QM  - FROM HYDSTRA DATA10,21,2009
Glenn_01.01.2003-06.21.2013.csv,Glenn,39.4208,-122.1341,W004,2013-09-18 13:29:54,394208N1221341W004,18N02W18D004M,3/23/2010,00:00,,,8.500,0.000,8.500,84.430,82.430,75.930,6.500,UNK - Unknown,Unknown,Department of Water Resources,Voluntary,3,23,2010
Glenn_01.01.2003-06.21.2013.csv,Glenn,39.4208,-122.1341,W004,2013-09-18 13:29:54,394208N1221341W004,18N02W18D004M,8/4/2010,00:00,,2 - Nearby pump operating,18.570,0.000,18.570,84.430,82.430,65.860,16.570,UNK - Unknown,Unknown,Department of Water Resources,Voluntary,EDITED TO A QM  - FROM HYDSTRA DATA8,4,2010
Glenn_01.01.2003-06.21.2013.csv,Glenn,39.4208,-122.1341,W004,2013-09-18 13:29:54,394208N1221341W004,18N02W18D004M,10/19/2010,00:00,,2 - Nearby pump operating,42.240,0.000,42.240,84.430,82.430,42.190,40.240,UNK - Unknown,Unknown,Department of Water Resources,Voluntary,EDITED TO A QM  - FROM HYDSTRA DATA10,19,2010
Glenn_01.01.2003-06.21.2013.csv,Glenn,39.4208,-122.1341,W004,2013-09-18 13:29:54,394208N1221341W004,18N02W18D004M,4/4/2011,00:00,,,6.310,0.000,6.310,84.430,82.430,78.120,4.310,UNK - Unknown,Unknown,Department of Water Resources,Voluntary,4,4,2011
Glenn_01.01.2003-06.21.2013.csv,Glenn,39.4208,-122.1341,W004,2013-09-18 13:29:54,394208N1221341W004,18N02W18D004M,8/2/2011,00:00,,2 - Nearby pump operating,26.780,0.000,26.780,84.430,82.430,57.650,24.780,UNK - Unknown,Unknown,Department of Water Resources,Voluntary,EDITED TO A QM  - FROM HYDSTRA DATA8,2,2011
Glenn_01.01.2003-06.21.2013.csv,Glenn,39.4208,-122.1341,W004,2013-09-18 13:29:54,394208N1221341W004,18N02W18D004M,10/11/2011,00:00,,2 - Nearby pump operating,25.140,0.000,25.140,84.430,82.430,59.290,23.140,UNK - Unknown,Unknown,Department of Water Resources,Voluntary,EDITED TO A QM  - FROM HYDSTRA DATA10,11,2011
Glenn_01.01.2003-06.21.2013.csv,Glenn,39.4208,-122.1341,W004,2013-09-18 13:29:54,394208N1221341W004,18N02W18D004M,3/18/2013,00:00,,,8.070,0.000,8.070,84.430,82.430,76.360,6.070,ES - Electric sounder measurement,0.01 Ft,Department of Water Resources,CASGEM,3,18,2013
Glenn_01.01.2003-06.21.2013.csv,Glenn,39.4294,-122.1846,W001,2013-09-18 13:29:54,394294N1221846W001,18N03W10L001M,10/11/2011,00:00,,,4.070,0.000,4.070,97.440,97.440,93.370,4.070,ES - Electric sounder measurement,0.01 Ft,Department of Water Resources,Voluntary,10,11,2011
Glenn_01.01.2003-06.21.2013.csv,Glenn,39.4294,-122.1846,W001,2013-09-18 13:29:54,394294N1221846W001,18N03W10L001M,3/27/2012,00:00,,,1.790,0.000,1.790,97.440,97.440,95.650,1.790,ES - Electric sounder measurement,0.01 Ft,Department of Water Resources,Voluntary,3,27,2012
Glenn_01.01.2003-06.21.2013.csv,Glenn,39.4294,-122.1846,W001,2013-09-18 13:29:54,394294N1221846W001,18N03W10L001M,7/31/2012,00:00,,,6.040,0.000,6.040,97.440,97.440,91.400,6.040,ES - Electric sounder measurement,0.01 Ft,Department of Water Resources,Voluntary,7,31,2012
Glenn_01.01.2003-06.21.2013.csv,Glenn,39.4294,-122.1846,W001,2013-09-18 13:29:54,394294N1221846W001,18N03W10L001M,10/16/2012,00:00,,,3.700,0.000,3.700,97.440,97.440,93.740,3.700,ES - Electric sounder measurement,0.01 Ft,Department of Water Resources,Voluntary,10,16,2012
Glenn_01.01.2003-06.21.2013.csv,Glenn,39.4294,-122.1846,W001,2013-09-18 13:29:54,394294N1221846W001,18N03W10L001M,3/18/2013,00:00,,,2.940,0.000,2.940,97.440,97.440,94.500,2.940,ES - Electric sounder measurement,0.01 Ft,Department of Water Resources,Voluntary,3,18,2013
Glenn_01.01.2003-06.21.2013.csv,Glenn,39.4347,-122.2744,W001,2013-09-18 13:29:54,394347N1222744W001,18N04W11B003M,10/11/2011,00:00,,,19.730,0.000,19.730,153.490,153.490,133.760,19.730,ES - Electric sounder measurement,0.01 Ft,Department of Water Resources,Voluntary,10,11,2011
Glenn_01.01.2003-06.21.2013.csv,Glenn,39.4347,-122.2744,W001,2013-09-18 13:29:54,394347N1222744W001,18N04W11B003M,3/27/2012,00:00,,,20.730,0.000,20.730,153.490,153.490,132.760,20.730,ES - Electric sounder measurement,0.01 Ft,Department of Water Resources,Voluntary,3,27,2012
Glenn_01.01.2003-06.21.2013.csv,Glenn,39.4347,-122.2744,W001,2013-09-18 13:29:54,394347N1222744W001,18N04W11B003M,7/31/2012,00:00,,,20.710,0.000,20.710,153.490,153.490,132.780,20.710,ES - Electric sounder measurement,0.01 Ft,Department of Water Resources,Voluntary,7,31,2012
Glenn_01.01.2003-06.21.2013.csv,Glenn,39.4347,-122.2744,W001,2013-09-18 13:29:54,394347N1222744W001,18N04W11B003M,10/16/2012,00:00,,,21.290,0.000,21.290,153.490,153.490,132.200,21.290,ES - Electric sounder measurement,0.01 Ft,Department of Water Resources,Voluntary,10,16,2012
Glenn_01.01.2003-06.21.2013.csv,Glenn,39.4347,-122.2744,W001,2013-09-18 13:29:54,394347N1222744W001,18N04W11B003M,3/11/2003,00:00,,,16.900,0.000,16.900,153.490,153.490,136.590,16.900,UNK - Unknown,Unknown,Department of Water Resources,Voluntary,3,11,2003
Glenn_01.01.2003-06.21.2013.csv,Glenn,39.4347,-122.2744,W001,2013-09-18 13:29:54,394347N1222744W001,18N04W11B003M,4/10/2003,00:00,,,16.800,0.000,16.800,153.490,153.490,136.690,16.800,UNK - Unknown,Unknown,Department of Water Resources,Voluntary,4,10,2003
Glenn_01.01.2003-06.21.2013.csv,Glenn,39.4347,-122.2744,W001,2013-09-18 13:29:54,394347N1222744W001,18N04W11B003M,5/19/2003,00:00,,,18.000,0.000,18.000,153.490,153.490,135.490,18.000,UNK - Unknown,Unknown,Department of Water Resources,Voluntary,5,19,2003
Glenn_01.01.2003-06.21.2013.csv,Glenn,39.4347,-122.2744,W001,2013-09-18 13:29:54,394347N1222744W001,18N04W11B003M,6/19/2003,00:00,,,17.700,0.000,17.700,153.490,153.490,135.790,17.700,UNK - Unknown,Unknown,Department of Water Resources,Voluntary,6,19,2003
Glenn_01.01.2003-06.21.2013.csv,Glenn,39.4347,-122.2744,W001,2013-09-18 13:29:54,394347N1222744W001,18N04W11B003M,7/29/2003,00:00,,,17.800,0.000,17.800,153.490,153.490,135.690,17.800,UNK - Unknown,Unknown,Department of Water Resources,Voluntary,7,29,2003
Glenn_01.01.2003-06.21.2013.csv,Glenn,39.4347,-122.2744,W001,2013-09-18 13:29:54,394347N1222744W001,18N04W11B003M,8/29/2003,00:00,,,18.000,0.000,18.000,153.490,153.490,135.490,18.000,UNK - Unknown,Unknown,Department of Water Resources,Voluntary,8,29,2003
Glenn_01.01.2003-06.21.2013.csv,Glenn,39.4347,-122.2744,W001,2013-09-18 13:29:54,394347N1222744W001,18N04W11B003M,9/17/2003,00:00,,,17.900,0.000,17.900,153.490,153.490,135.590,17.900,UNK - Unknown,Unknown,Department of Water Resources,Voluntary,9,17,2003
Glenn_01.01.2003-06.21.2013.csv,Glenn,39.4347,-122.2744,W001,2013-09-18 13:29:54,394347N1222744W001,18N04W11B003M,10/15/2003,00:00,,,18.700,0.000,18.700,153.490,153.490,134.790,18.700,UNK - Unknown,Unknown,Department of Water Resources,Voluntary,10,15,2003
Glenn_01.01.2003-06.21.2013.csv,Glenn,39.4347,-122.2744,W001,2013-09-18 13:29:54,394347N1222744W001,18N04W11B003M,11/18/2003,00:00,,,19.600,0.000,19.600,153.490,153.490,133.890,19.600,UNK - Unknown,Unknown,Department of Water Resources,Voluntary,11,18,2003
Glenn_01.01.2003-06.21.2013.csv,Glenn,39.4347,-122.2744,W001,2013-09-18 13:29:54,394347N1222744W001,18N04W11B003M,3/31/2004,00:00,,,16.300,0.000,16.300,153.490,153.490,137.190,16.300,UNK - Unknown,Unknown,Department of Water Resources,Voluntary,3,31,2004
Glenn_01.01.2003-06.21.2013.csv,Glenn,39.4347,-122.2744,W001,2013-09-18 13:29:54,394347N1222744W001,18N04W11B003M,4/29/2004,00:00,,,16.100,0.000,16.100,153.490,153.490,137.390,16.100,UNK - Unknown,Unknown,Department of Water Resources,Voluntary,4,29,2004
Glenn_01.01.2003-06.21.2013.csv,Glenn,39.4347,-122.2744,W001,2013-09-18 13:29:54,394347N1222744W001,18N04W11B003M,5/25/2004,00:00,,,16.300,0.000,16.300,153.490,153.490,137.190,16.300,UNK - Unknown,Unknown,Department of Water Resources,Voluntary,5,25,2004
Glenn_01.01.2003-06.21.2013.csv,Glenn,39.4347,-122.2744,W001,2013-09-18 13:29:54,394347N1222744W001,18N04W11B003M,6/23/2004,00:00,,,16.000,0.000,16.000,153.490,153.490,137.490,16.000,UNK - Unknown,Unknown,Department of Water Resources,Voluntary,6,23,2004
Glenn_01.01.2003-06.21.2013.csv,Glenn,39.4347,-122.2744,W001,2013-09-18 13:29:54,394347N1222744W001,18N04W11B003M,7/28/2004,00:00,,,16.700,0.000,16.700,153.490,153.490,136.790,16.700,UNK - Unknown,Unknown,Department of Water Resources,Voluntary,7,28,2004
Glenn_01.01.2003-06.21.2013.csv,Glenn,39.4347,-122.2744,W001,2013-09-18 13:29:54,394347N1222744W001,18N04W11B003M,8/23/2004,00:00,,,16.900,0.000,16.900,153.490,153.490,136.590,16.900,UNK - Unknown,Unknown,Department of Water Resources,Voluntary,8,23,2004
Glenn_01.01.2003-06.21.2013.csv,Glenn,39.4347,-122.2744,W001,2013-09-18 13:29:54,394347N1222744W001,18N04W11B003M,9/21/2004,00:00,,,17.200,0.000,17.200,153.490,153.490,136.290,17.200,UNK - Unknown,Unknown,Department of Water Resources,Voluntary,9,21,2004
Glenn_01.01.2003-06.21.2013.csv,Glenn,39.4347,-122.2744,W001,2013-09-18 13:29:54,394347N1222744W001,18N04W11B003M,10/19/2004,00:00,,,18.000,0.000,18.000,153.490,153.490,135.490,18.000,UNK - Unknown,Unknown,Department of Water Resources,Voluntary,10,19,2004
Glenn_01.01.2003-06.21.2013.csv,Glenn,39.4347,-122.2744,W001,2013-09-18 13:29:54,394347N1222744W001,18N04W11B003M,11/17/2004,00:00,,,19.300,0.000,19.300,153.490,153.490,134.190,19.300,UNK - Unknown,Unknown,Department of Water Resources,Voluntary,11,17,2004
Glenn_01.01.2003-06.21.2013.csv,Glenn,39.4347,-122.2744,W001,2013-09-18 13:29:54,394347N1222744W001,18N04W11B003M,3/30/2005,00:00,,,16.000,0.000,16.000,153.490,153.490,137.490,16.000,UNK - Unknown,Unknown,Department of Water Resources,Voluntary,3,30,2005
Glenn_01.01.2003-06.21.2013.csv,Glenn,39.4347,-122.2744,W001,2013-09-18 13:29:54,394347N1222744W001,18N04W11B003M,4/27/2005,00:00,,,16.500,0.000,16.500,153.490,153.490,136.990,16.500,UNK - Unknown,Unknown,Department of Water Resources,Voluntary,4,27,2005
Glenn_01.01.2003-06.21.2013.csv,Glenn,39.4347,-122.2744,W001,2013-09-18 13:29:54,394347N1222744W001,18N04W11B003M,5/24/2005,00:00,,,16.400,0.000,16.400,153.490,153.490,137.090,16.400,UNK - Unknown,Unknown,Department of Water Resources,Voluntary,5,24,2005
Glenn_01.01.2003-06.21.2013.csv,Glenn,39.4347,-122.2744,W001,2013-09-18 13:29:54,394347N1222744W001,18N04W11B003M,6/21/2005,00:00,,,16.700,0.000,16.700,153.490,153.490,136.790,16.700,UNK - Unknown,Unknown,Department of Water Resources,Voluntary,6,21,2005
Glenn_01.01.2003-06.21.2013.csv,Glenn,39.4347,-122.2744,W001,2013-09-18 13:29:54,394347N1222744W001,18N04W11B003M,7/26/2005,00:00,,,16.600,0.000,16.600,153.490,153.490,136.890,16.600,UNK - Unknown,Unknown,Department of Water Resources,Voluntary,7,26,2005
Glenn_01.01.2003-06.21.2013.csv,Glenn,39.4347,-122.2744,W001,2013-09-18 13:29:54,394347N1222744W001,18N04W11B003M,8/23/2005,00:00,,,16.600,0.000,16.600,153.490,153.490,136.890,16.600,UNK - Unknown,Unknown,Department of Water Resources,Voluntary,8,23,2005
Glenn_01.01.2003-06.21.2013.csv,Glenn,39.4347,-122.2744,W001,2013-09-18 13:29:54,394347N1222744W001,18N04W11B003M,9/27/2005,00:00,,,17.000,0.000,17.000,153.490,153.490,136.490,17.000,UNK - Unknown,Unknown,Department of Water Resources,Voluntary,9,27,2005
Glenn_01.01.2003-06.21.2013.csv,Glenn,39.4347,-122.2744,W001,2013-09-18 13:29:54,394347N1222744W001,18N04W11B003M,10/18/2005,00:00,,,17.600,0.000,17.600,153.490,153.490,135.890,17.600,UNK - Unknown,Unknown,Department of Water Resources,Voluntary,10,18,2005
Glenn_01.01.2003-06.21.2013.csv,Glenn,39.4347,-122.2744,W001,2013-09-18 13:29:54,394347N1222744W001,18N04W11B003M,3/28/2006,00:00,,,17.100,0.000,17.100,153.490,153.490,136.390,17.100,UNK - Unknown,Unknown,Department of Water Resources,Voluntary,3,28,2006
Glenn_01.01.2003-06.21.2013.csv,Glenn,39.4347,-122.2744,W001,2013-09-18 13:29:54,394347N1222744W001,18N04W11B003M,5/17/2006,00:00,,,15.700,0.000,15.700,153.490,153.490,137.790,15.700,UNK - Unknown,Unknown,Department of Water Resources,Voluntary,5,17,2006
Glenn_01.01.2003-06.21.2013.csv,Glenn,39.4347,-122.2744,W001,2013-09-18 13:29:54,394347N1222744W001,18N04W11B003M,7/31/2006,00:00,,,16.200,0.000,16.200,153.490,153.490,137.290,16.200,UNK - Unknown,Unknown,Department of Water Resources,Voluntary,7,31,2006
Glenn_01.01.2003-06.21.2013.csv,Glenn,39.4347,-122.2744,W001,2013-09-18 13:29:54,394347N1222744W001,18N04W11B003M,10/11/2006,00:00,,,18.200,0.000,18.200,153.490,153.490,135.290,18.200,UNK - Unknown,Unknown,Department of Water Resources,Voluntary,10,11,2006
Glenn_01.01.2003-06.21.2013.csv,Glenn,39.4347,-122.2744,W001,2013-09-18 13:29:54,394347N1222744W001,18N04W11B003M,3/21/2007,00:00,,,20.950,0.000,20.950,153.490,153.490,132.540,20.950,UNK - Unknown,Unknown,Department of Water Resources,Voluntary,3,21,2007
Glenn_01.01.2003-06.21.2013.csv,Glenn,39.4347,-122.2744,W001,2013-09-18 13:29:54,394347N1222744W001,18N04W11B003M,8/6/2007,00:00,,,21.300,0.000,21.300,153.490,153.490,132.190,21.300,UNK - Unknown,Unknown,Department of Water Resources,Voluntary,8,6,2007
Glenn_01.01.2003-06.21.2013.csv,Glenn,39.4347,-122.2744,W001,2013-09-18 13:29:54,394347N1222744W001,18N04W11B003M,10/15/2007,00:00,,,22.070,0.000,22.070,153.490,153.490,131.420,22.070,UNK - Unknown,Unknown,Department of Water Resources,Voluntary,10,15,2007
Glenn_01.01.2003-06.21.2013.csv,Glenn,39.4347,-122.2744,W001,2013-09-18 13:29:54,394347N1222744W001,18N04W11B003M,3/12/2008,00:00,,,20.430,0.000,20.430,153.490,153.490,133.060,20.430,UNK - Unknown,Unknown,Department of Water Resources,Voluntary,3,12,2008
Glenn_01.01.2003-06.21.2013.csv,Glenn,39.4347,-122.2744,W001,2013-09-18 13:29:54,394347N1222744W001,18N04W11B003M,8/5/2008,00:00,,,22.460,0.000,22.460,153.490,153.490,131.030,22.460,UNK - Unknown,Unknown,Department of Water Resources,Voluntary,8,5,2008
Glenn_01.01.2003-06.21.2013.csv,Glenn,39.4347,-122.2744,W001,2013-09-18 13:29:54,394347N1222744W001,18N04W11B003M,10/20/2008,00:00,,,23.240,0.000,23.240,153.490,153.490,130.250,23.240,UNK - Unknown,Unknown,Department of Water Resources,Voluntary,10,20,2008
Glenn_01.01.2003-06.21.2013.csv,Glenn,39.4347,-122.2744,W001,2013-09-18 13:29:54,394347N1222744W001,18N04W11B003M,1/13/2009,00:00,,,23.770,0.000,23.770,153.490,153.490,129.720,23.770,UNK - Unknown,Unknown,Department of Water Resources,Voluntary,1,13,2009
Glenn_01.01.2003-06.21.2013.csv,Glenn,39.4347,-122.2744,W001,2013-09-18 13:29:54,394347N1222744W001,18N04W11B003M,3/26/2009,00:00,,,22.900,0.000,22.900,153.490,153.490,130.590,22.900,UNK - Unknown,Unknown,Department of Water Resources,Voluntary,3,26,2009
Glenn_01.01.2003-06.21.2013.csv,Glenn,39.4347,-122.2744,W001,2013-09-18 13:29:54,394347N1222744W001,18N04W11B003M,5/12/2009,00:00,,,23.300,0.000,23.300,153.490,153.490,130.190,23.300,UNK - Unknown,Unknown,Department of Water Resources,Voluntary,5,12,2009
Glenn_01.01.2003-06.21.2013.csv,Glenn,39.4347,-122.2744,W001,2013-09-18 13:29:54,394347N1222744W001,18N04W11B003M,6/24/2009,00:00,,,22.920,0.000,22.920,153.490,153.490,130.570,22.920,UNK - Unknown,Unknown,Department of Water Resources,Voluntary,6,24,2009
Glenn_01.01.2003-06.21.2013.csv,Glenn,39.4347,-122.2744,W001,2013-09-18 13:29:54,394347N1222744W001,18N04W11B003M,8/3/2009,00:00,,,22.200,0.000,22.200,153.490,153.490,131.290,22.200,UNK - Unknown,Unknown,Department of Water Resources,Voluntary,8,3,2009
Glenn_01.01.2003-06.21.2013.csv,Glenn,39.4347,-122.2744,W001,2013-09-18 13:29:54,394347N1222744W001,18N04W11B003M,9/14/2009,00:00,,,22.870,0.000,22.870,153.490,153.490,130.620,22.870,UNK - Unknown,Unknown,Department of Water Resources,Voluntary,9,14,2009
Glenn_01.01.2003-06.21.2013.csv,Glenn,39.4347,-122.2744,W001,2013-09-18 13:29:54,394347N1222744W001,18N04W11B003M,10/21/2009,00:00,,,23.550,0.000,23.550,153.490,153.490,129.940,23.550,UNK - Unknown,Unknown,Department of Water Resources,Voluntary,10,21,2009
Glenn_01.01.2003-06.21.2013.csv,Glenn,39.4347,-122.2744,W001,2013-09-18 13:29:54,394347N1222744W001,18N04W11B003M,3/23/2010,00:00,,,19.950,0.000,19.950,153.490,153.490,133.540,19.950,UNK - Unknown,Unknown,Department of Water Resources,Voluntary,3,23,2010
Glenn_01.01.2003-06.21.2013.csv,Glenn,39.4347,-122.2744,W001,2013-09-18 13:29:54,394347N1222744W001,18N04W11B003M,8/4/2010,00:00,,,20.740,0.000,20.740,153.490,153.490,132.750,20.740,UNK - Unknown,Unknown,Department of Water Resources,Voluntary,8,4,2010
Glenn_01.01.2003-06.21.2013.csv,Glenn,39.4347,-122.2744,W001,2013-09-18 13:29:54,394347N1222744W001,18N04W11B003M,10/19/2010,00:00,,,21.230,0.000,21.230,153.490,153.490,132.260,21.230,UNK - Unknown,Unknown,Department of Water Resources,Voluntary,10,19,2010
Glenn_01.01.2003-06.21.2013.csv,Glenn,39.4347,-122.2744,W001,2013-09-18 13:29:54,394347N1222744W001,18N04W11B003M,4/4/2011,00:00,,,15.420,0.000,15.420,153.490,153.490,138.070,15.420,UNK - Unknown,Unknown,Department of Water Resources,Voluntary,4,4,2011
Glenn_01.01.2003-06.21.2013.csv,Glenn,39.4347,-122.2744,W001,2013-09-18 13:29:54,394347N1222744W001,18N04W11B003M,8/2/2011,00:00,,,19.590,0.000,19.590,153.490,153.490,133.900,19.590,UNK - Unknown,Unknown,Department of Water Resources,Voluntary,8,2,2011
Glenn_01.01.2003-06.21.2013.csv,Glenn,39.4347,-122.2744,W001,2013-09-18 13:29:54,394347N1222744W001,18N04W11B003M,10/11/2011,00:00,,,19.730,0.000,19.730,153.490,153.490,133.760,19.730,UNK - Unknown,Unknown,Department of Water Resources,Voluntary,10,11,2011
Glenn_01.01.2003-06.21.2013.csv,Glenn,39.4347,-122.2744,W001,2013-09-18 13:29:54,394347N1222744W001,18N04W11B003M,3/18/2013,00:00,,,19.210,0.000,19.210,153.490,153.490,134.280,19.210,ES - Electric sounder measurement,0.01 Ft,Department of Water Resources,Voluntary,3,18,2013
Glenn_01.01.2003-06.21.2013.csv,Glenn,39.4363,-122.2487,W001,2013-09-18 13:29:54,394363N1222487W001,18N04W12A001M,10/11/2011,00:00,,,6.220,0.000,6.220,132.460,132.460,126.240,6.220,ES - Electric sounder measurement,0.01 Ft,Department of Water Resources,Voluntary,10,11,2011
Glenn_01.01.2003-06.21.2013.csv,Glenn,39.4363,-122.2487,W001,2013-09-18 13:29:54,394363N1222487W001,18N04W12A001M,3/27/2012,00:00,,,5.500,0.000,5.500,132.460,132.460,126.960,5.500,ES - Electric sounder measurement,0.01 Ft,Department of Water Resources,Voluntary,3,27,2012
Glenn_01.01.2003-06.21.2013.csv,Glenn,39.4363,-122.2487,W001,2013-09-18 13:29:54,394363N1222487W001,18N04W12A001M,7/31/2012,00:00,1 - Pumping,,NULL,NULL,NULL,132.460,132.460,NULL,NULL,,,Department of Water Resources,Voluntary,7,31,2012
Glenn_01.01.2003-06.21.2013.csv,Glenn,39.4363,-122.2487,W001,2013-09-18 13:29:54,394363N1222487W001,18N04W12A001M,10/16/2012,00:00,,,6.660,0.000,6.660,132.460,132.460,125.800,6.660,ES - Electric sounder measurement,0.01 Ft,Department of Water Resources,Voluntary,10,16,2012
Glenn_01.01.2003-06.21.2013.csv,Glenn,39.4363,-122.2487,W001,2013-09-18 13:29:54,394363N1222487W001,18N04W12A001M,3/18/2013,00:00,,,7.720,0.000,7.720,132.460,132.460,124.740,7.720,ES - Electric sounder measurement,0.01 Ft,Department of Water Resources,Voluntary,3,18,2013
Glenn_01.01.2003-06.21.2013.csv,Glenn,39.4419,-121.9433,W001,2013-09-18 13:29:54,394419N1219433W001,18N01W02E001M,10/11/2011,00:00,,,8.230,0.000,8.230,80.889,78.499,72.659,5.840,ES - Electric sounder measurement,0.01 Ft,Department of Water Resources,CASGEM,10,11,2011
Glenn_01.01.2003-06.21.2013.csv,Glenn,39.4419,-121.9433,W001,2013-09-18 13:29:54,394419N1219433W001,18N01W02E001M,3/28/2012,00:00,,,4.810,0.000,4.810,80.889,78.499,76.079,2.420,ES - Electric sounder measurement,0.01 Ft,Department of Water Resources,CASGEM,3,28,2012
Glenn_01.01.2003-06.21.2013.csv,Glenn,39.4419,-121.9433,W001,2013-09-18 13:29:54,394419N1219433W001,18N01W02E001M,7/31/2012,00:00,,,13.910,0.000,13.910,80.889,78.499,66.979,11.520,ES - Electric sounder measurement,0.01 Ft,Department of Water Resources,CASGEM,7,31,2012
Glenn_01.01.2003-06.21.2013.csv,Glenn,39.4419,-121.9433,W001,2013-09-18 13:29:54,394419N1219433W001,18N01W02E001M,10/16/2012,00:00,,,10.320,0.000,10.320,80.889,78.499,70.569,7.930,ES - Electric sounder measurement,0.01 Ft,Department of Water Resources,CASGEM,10,16,2012
Glenn_01.01.2003-06.21.2013.csv,Glenn,39.4419,-121.9433,W001,2013-09-18 13:29:54,394419N1219433W001,18N01W02E001M,3/18/2013,00:00,,,4.930,0.000,4.930,80.889,78.499,75.959,2.540,ES - Electric sounder measurement,0.01 Ft,Department of Water Resources,CASGEM,3,18,2013
Glenn_01.01.2003-06.21.2013.csv,Glenn,39.4419,-121.9433,W001,2013-09-18 13:29:54,394419N1219433W001,18N01W02E001M,7/30/2003,00:00,,,9.200,0.000,9.200,80.889,78.499,71.689,6.810,UNK - Unknown,Unknown,Department of Water Resources,Voluntary,7,30,2003
Glenn_01.01.2003-06.21.2013.csv,Glenn,39.4419,-121.9433,W001,2013-09-18 13:29:54,394419N1219433W001,18N01W02E001M,8/26/2003,00:00,,,8.700,0.000,8.700,80.889,78.499,72.189,6.310,UNK - Unknown,Unknown,Department of Water Resources,Voluntary,8,26,2003
Glenn_01.01.2003-06.21.2013.csv,Glenn,39.4419,-121.9433,W001,2013-09-18 13:29:54,394419N1219433W001,18N01W02E001M,9/22/2003,00:00,,,7.500,0.000,7.500,80.889,78.499,73.389,5.110,UNK - Unknown,Unknown,Department of Water Resources,Voluntary,9,22,2003
Glenn_01.01.2003-06.21.2013.csv,Glenn,39.4419,-121.9433,W001,2013-09-18 13:29:54,394419N1219433W001,18N01W02E001M,10/17/2003,00:00,,,6.600,0.000,6.600,80.889,78.499,74.289,4.210,UNK - Unknown,Unknown,Department of Water Resources,Voluntary,10,17,2003
Glenn_01.01.2003-06.21.2013.csv,Glenn,39.4419,-121.9433,W001,2013-09-18 13:29:54,394419N1219433W001,18N01W02E001M,11/21/2003,00:00,,,5.900,0.000,5.900,80.889,78.499,74.989,3.510,UNK - Unknown,Unknown,Department of Water Resources,Voluntary,11,21,2003
Glenn_01.01.2003-06.21.2013.csv,Glenn,39.4419,-121.9433,W001,2013-09-18 13:29:54,394419N1219433W001,18N01W02E001M,12/9/2003,00:00,,,5.400,0.000,5.400,80.889,78.499,75.489,3.010,UNK - Unknown,Unknown,Department of Water Resources,Voluntary,12,9,2003
Glenn_01.01.2003-06.21.2013.csv,Glenn,39.4419,-121.9433,W001,2013-09-18 13:29:54,394419N1219433W001,18N01W02E001M,4/1/2004,00:00,,,2.100,0.000,2.100,80.889,78.499,78.789,-0.290,UNK - Unknown,Unknown,Department of Water Resources,Voluntary,4,1,2004
Glenn_01.01.2003-06.21.2013.csv,Glenn,39.4419,-121.9433,W001,2013-09-18 13:29:54,394419N1219433W001,18N01W02E001M,4/29/2004,00:00,,,3.800,0.000,3.800,80.889,78.499,77.089,1.410,UNK - Unknown,Unknown,Department of Water Resources,Voluntary,4,29,2004
Glenn_01.01.2003-06.21.2013.csv,Glenn,39.4419,-121.9433,W001,2013-09-18 13:29:54,394419N1219433W001,18N01W02E001M,5/24/2004,00:00,,,7.200,0.000,7.200,80.889,78.499,73.689,4.810,UNK - Unknown,Unknown,Department of Water Resources,Voluntary,5,24,2004
Glenn_01.01.2003-06.21.2013.csv,Glenn,39.4419,-121.9433,W001,2013-09-18 13:29:54,394419N1219433W001,18N01W02E001M,2/11/2004,00:00,,,3.100,0.000,3.100,80.889,78.499,77.789,0.710,UNK - Unknown,Unknown,Department of Water Resources,Voluntary,2,11,2004
Glenn_01.01.2003-06.21.2013.csv,Glenn,39.4419,-121.9433,W001,2013-09-18 13:29:54,394419N1219433W001,18N01W02E001M,7/28/2004,00:00,,,11.300,0.000,11.300,80.889,78.499,69.589,8.910,UNK - Unknown,Unknown,Department of Water Resources,Voluntary,7,28,2004
Glenn_01.01.2003-06.21.2013.csv,Glenn,39.4419,-121.9433,W001,2013-09-18 13:29:54,394419N1219433W001,18N01W02E001M,6/24/2004,00:00,,,9.600,0.000,9.600,80.889,78.499,71.289,7.210,UNK - Unknown,Unknown,Department of Water Resources,Voluntary,6,24,2004
Glenn_01.01.2003-06.21.2013.csv,Glenn,39.4419,-121.9433,W001,2013-09-18 13:29:54,394419N1219433W001,18N01W02E001M,8/23/2004,00:00,,,9.800,0.000,9.800,80.889,78.499,71.089,7.410,UNK - Unknown,Unknown,Department of Water Resources,Voluntary,8,23,2004
Glenn_01.01.2003-06.21.2013.csv,Glenn,39.4419,-121.9433,W001,2013-09-18 13:29:54,394419N1219433W001,18N01W02E001M,9/21/2004,00:00,,,8.000,0.000,8.000,80.889,78.499,72.889,5.610,UNK - Unknown,Unknown,Department of Water Resources,Voluntary,9,21,2004
Glenn_01.01.2003-06.21.2013.csv,Glenn,39.4419,-121.9433,W001,2013-09-18 13:29:54,394419N1219433W001,18N01W02E001M,10/20/2004,00:00,,,6.900,0.000,6.900,80.889,78.499,73.989,4.510,UNK - Unknown,Unknown,Department of Water Resources,Voluntary,10,20,2004
Glenn_01.01.2003-06.21.2013.csv,Glenn,39.4419,-121.9433,W001,2013-09-18 13:29:54,394419N1219433W001,18N01W02E001M,11/22/2004,00:00,,,5.600,0.000,5.600,80.889,78.499,75.289,3.210,UNK - Unknown,Unknown,Department of Water Resources,Voluntary,11,22,2004
Glenn_01.01.2003-06.21.2013.csv,Glenn,39.4419,-121.9433,W001,2013-09-18 13:29:54,394419N1219433W001,18N01W02E001M,3/30/2005,00:00,,,2.740,0.000,2.740,80.889,78.499,78.149,0.350,UNK - Unknown,Unknown,Department of Water Resources,Voluntary,3,30,2005
Glenn_01.01.2003-06.21.2013.csv,Glenn,39.4419,-121.9433,W001,2013-09-18 13:29:54,394419N1219433W001,18N01W02E001M,4/27/2005,00:00,,,3.200,0.000,3.200,80.889,78.499,77.689,0.810,UNK - Unknown,Unknown,Department of Water Resources,Voluntary,4,27,2005
Glenn_01.01.2003-06.21.2013.csv,Glenn,39.4419,-121.9433,W001,2013-09-18 13:29:54,394419N1219433W001,18N01W02E001M,5/24/2005,00:00,,,4.400,0.000,4.400,80.889,78.499,76.489,2.010,UNK - Unknown,Unknown,Department of Water Resources,Voluntary,5,24,2005
Glenn_01.01.2003-06.21.2013.csv,Glenn,39.4419,-121.9433,W001,2013-09-18 13:29:54,394419N1219433W001,18N01W02E001M,6/21/2005,00:00,,,8.000,0.000,8.000,80.889,78.499,72.889,5.610,UNK - Unknown,Unknown,Department of Water Resources,Voluntary,6,21,2005
Glenn_01.01.2003-06.21.2013.csv,Glenn,39.4419,-121.9433,W001,2013-09-18 13:29:54,394419N1219433W001,18N01W02E001M,7/26/2005,00:00,,,10.000,0.000,10.000,80.889,78.499,70.889,7.610,UNK - Unknown,Unknown,Department of Water Resources,Voluntary,7,26,2005
Glenn_01.01.2003-06.21.2013.csv,Glenn,39.4419,-121.9433,W001,2013-09-18 13:29:54,394419N1219433W001,18N01W02E001M,8/23/2005,00:00,,,9.000,0.000,9.000,80.889,78.499,71.889,6.610,UNK - Unknown,Unknown,Department of Water Resources,Voluntary,8,23,2005
Glenn_01.01.2003-06.21.2013.csv,Glenn,39.4419,-121.9433,W001,2013-09-18 13:29:54,394419N1219433W001,18N01W02E001M,9/27/2005,00:00,,,6.300,0.000,6.300,80.889,78.499,74.589,3.910,UNK - Unknown,Unknown,Department of Water Resources,Voluntary,9,27,2005
Glenn_01.01.2003-06.21.2013.csv,Glenn,39.4419,-121.9433,W001,2013-09-18 13:29:54,394419N1219433W001,18N01W02E001M,10/18/2005,00:00,,,6.300,0.000,6.300,80.889,78.499,74.589,3.910,UNK - Unknown,Unknown,Department of Water Resources,Voluntary,10,18,2005
Glenn_01.01.2003-06.21.2013.csv,Glenn,39.4419,-121.9433,W001,2013-09-18 13:29:54,394419N1219433W001,18N01W02E001M,3/28/2006,00:00,,,1.000,0.000,1.000,80.889,78.499,79.889,-1.390,UNK - Unknown,Unknown,Department of Water Resources,Voluntary,3,28,2006
Glenn_01.01.2003-06.21.2013.csv,Glenn,39.4419,-121.9433,W001,2013-09-18 13:29:54,394419N1219433W001,18N01W02E001M,5/17/2006,00:00,,,1.900,0.000,1.900,80.889,78.499,78.989,-0.490,UNK - Unknown,Unknown,Department of Water Resources,Voluntary,5,17,2006
Glenn_01.01.2003-06.21.2013.csv,Glenn,39.4419,-121.9433,W001,2013-09-18 13:29:54,394419N1219433W001,18N01W02E001M,8/2/2006,00:00,,,10.400,0.000,10.400,80.889,78.499,70.489,8.010,UNK - Unknown,Unknown,Department of Water Resources,Voluntary,8,2,2006
Glenn_01.01.2003-06.21.2013.csv,Glenn,39.4419,-121.9433,W001,2013-09-18 13:29:54,394419N1219433W001,18N01W02E001M,10/11/2006,00:00,,,6.400,0.000,6.400,80.889,78.499,74.489,4.010,UNK - Unknown,Unknown,Department of Water Resources,Voluntary,10,11,2006
Glenn_01.01.2003-06.21.2013.csv,Glenn,39.4419,-121.9433,W001,2013-09-18 13:29:54,394419N1219433W001,18N01W02E001M,3/21/2007,00:00,,,3.860,0.000,3.860,80.889,78.499,77.029,1.470,UNK - Unknown,Unknown,Department of Water Resources,Voluntary,3,21,2007
Glenn_01.01.2003-06.21.2013.csv,Glenn,39.4419,-121.9433,W001,2013-09-18 13:29:54,394419N1219433W001,18N01W02E001M,8/7/2007,00:00,,,13.200,0.000,13.200,80.889,78.499,67.689,10.810,UNK - Unknown,Unknown,Department of Water Resources,Voluntary,8,7,2007
Glenn_01.01.2003-06.21.2013.csv,Glenn,39.4419,-121.9433,W001,2013-09-18 13:29:54,394419N1219433W001,18N01W02E001M,10/16/2007,00:00,,,7.750,0.000,7.750,80.889,78.499,73.139,5.360,UNK - Unknown,Unknown,Department of Water Resources,Voluntary,10,16,2007
Glenn_01.01.2003-06.21.2013.csv,Glenn,39.4419,-121.9433,W001,2013-09-18 13:29:54,394419N1219433W001,18N01W02E001M,1/18/2008,00:00,,,4.380,0.000,4.380,80.889,78.499,76.509,1.990,UNK - Unknown,Unknown,Department of Water Resources,Voluntary,1,18,2008
Glenn_01.01.2003-06.21.2013.csv,Glenn,39.4419,-121.9433,W001,2013-09-18 13:29:54,394419N1219433W001,18N01W02E001M,3/12/2008,00:00,,,3.080,0.000,3.080,80.889,78.499,77.809,0.690,UNK - Unknown,Unknown,Department of Water Resources,Voluntary,3,12,2008
Glenn_01.01.2003-06.21.2013.csv,Glenn,39.4419,-121.9433,W001,2013-09-18 13:29:54,394419N1219433W001,18N01W02E001M,8/5/2008,00:00,,,13.350,0.000,13.350,80.889,78.499,67.539,10.960,UNK - Unknown,Unknown,Department of Water Resources,Voluntary,8,5,2008
Glenn_01.01.2003-06.21.2013.csv,Glenn,39.4419,-121.9433,W001,2013-09-18 13:29:54,394419N1219433W001,18N01W02E001M,10/20/2008,00:00,,,9.010,0.000,9.010,80.889,78.499,71.879,6.620,UNK - Unknown,Unknown,Department of Water Resources,Voluntary,10,20,2008
Glenn_01.01.2003-06.21.2013.csv,Glenn,39.4419,-121.9433,W001,2013-09-18 13:29:54,394419N1219433W001,18N01W02E001M,1/13/2009,00:00,,,5.570,0.000,5.570,80.889,78.499,75.319,3.180,UNK - Unknown,Unknown,Department of Water Resources,Voluntary,1,13,2009
Glenn_01.01.2003-06.21.2013.csv,Glenn,39.4419,-121.9433,W001,2013-09-18 13:29:54,394419N1219433W001,18N01W02E001M,2/3/2009,00:00,,,5.150,0.000,5.150,80.889,78.499,75.739,2.760,UNK - Unknown,Unknown,Department of Water Resources,Voluntary,2,3,2009
Glenn_01.01.2003-06.21.2013.csv,Glenn,39.4419,-121.9433,W001,2013-09-18 13:29:54,394419N1219433W001,18N01W02E001M,3/26/2009,00:00,,,3.980,0.000,3.980,80.889,78.499,76.909,1.590,UNK - Unknown,Unknown,Department of Water Resources,Voluntary,3,26,2009
Glenn_01.01.2003-06.21.2013.csv,Glenn,39.4419,-121.9433,W001,2013-09-18 13:29:54,394419N1219433W001,18N01W02E001M,5/12/2009,00:00,,,8.110,0.000,8.110,80.889,78.499,72.779,5.720,UNK - Unknown,Unknown,Department of Water Resources,Voluntary,5,12,2009
Glenn_01.01.2003-06.21.2013.csv,Glenn,39.4419,-121.9433,W001,2013-09-18 13:29:54,394419N1219433W001,18N01W02E001M,6/24/2009,00:00,,,11.800,0.000,11.800,80.889,78.499,69.089,9.410,UNK - Unknown,Unknown,Department of Water Resources,Voluntary,6,24,2009
Glenn_01.01.2003-06.21.2013.csv,Glenn,39.4419,-121.9433,W001,2013-09-18 13:29:54,394419N1219433W001,18N01W02E001M,8/3/2009,00:00,,,13.650,0.000,13.650,80.889,78.499,67.239,11.260,UNK - Unknown,Unknown,Department of Water Resources,Voluntary,8,3,2009
Glenn_01.01.2003-06.21.2013.csv,Glenn,39.4419,-121.9433,W001,2013-09-18 13:29:54,394419N1219433W001,18N01W02E001M,9/14/2009,00:00,,,10.030,0.000,10.030,80.889,78.499,70.859,7.640,UNK - Unknown,Unknown,Department of Water Resources,Voluntary,9,14,2009
Glenn_01.01.2003-06.21.2013.csv,Glenn,39.4419,-121.9433,W001,2013-09-18 13:29:54,394419N1219433W001,18N01W02E001M,10/21/2009,00:00,,,10.420,0.000,10.420,80.889,78.499,70.469,8.030,UNK - Unknown,Unknown,Department of Water Resources,Voluntary,10,21,2009
Glenn_01.01.2003-06.21.2013.csv,Glenn,39.4419,-121.9433,W001,2013-09-18 13:29:54,394419N1219433W001,18N01W02E001M,3/23/2010,00:00,,,3.300,0.000,3.300,80.889,78.499,77.589,0.910,UNK - Unknown,Unknown,Department of Water Resources,Voluntary,3,23,2010
Glenn_01.01.2003-06.21.2013.csv,Glenn,39.4419,-121.9433,W001,2013-09-18 13:29:54,394419N1219433W001,18N01W02E001M,8/4/2010,00:00,,,13.450,0.000,13.450,80.889,78.499,67.439,11.060,UNK - Unknown,Unknown,Department of Water Resources,Voluntary,8,4,2010
Glenn_01.01.2003-06.21.2013.csv,Glenn,39.4419,-121.9433,W001,2013-09-18 13:29:54,394419N1219433W001,18N01W02E001M,10/19/2010,00:00,,,8.910,0.000,8.910,80.889,78.499,71.979,6.520,UNK - Unknown,Unknown,Department of Water Resources,Voluntary,10,19,2010
Glenn_01.01.2003-06.21.2013.csv,Glenn,39.4419,-121.9433,W001,2013-09-18 13:29:54,394419N1219433W001,18N01W02E001M,4/4/2011,00:00,,,2.550,0.000,2.550,80.889,78.499,78.339,0.160,UNK - Unknown,Unknown,Department of Water Resources,Voluntary,4,4,2011
Glenn_01.01.2003-06.21.2013.csv,Glenn,39.4419,-121.9433,W001,2013-09-18 13:29:54,394419N1219433W001,18N01W02E001M,8/2/2011,00:00,,,11.450,0.000,11.450,80.889,78.499,69.439,9.060,UNK - Unknown,Unknown,Department of Water Resources,Voluntary,8,2,2011
Glenn_01.01.2003-06.21.2013.csv,Glenn,39.4419,-121.9433,W002,2013-09-18 13:29:54,394419N1219433W002,18N01W02E002M,10/11/2011,00:00,,,13.720,0.000,13.720,81.304,78.504,67.584,10.920,ES - Electric sounder measurement,0.01 Ft,Department of Water Resources,CASGEM,10,11,2011
Glenn_01.01.2003-06.21.2013.csv,Glenn,39.4419,-121.9433,W002,2013-09-18 13:29:54,394419N1219433W002,18N01W02E002M,3/28/2012,00:00,,,9.280,0.000,9.280,81.304,78.504,72.024,6.480,ES - Electric sounder measurement,0.01 Ft,Department of Water Resources,CASGEM,3,28,2012
Glenn_01.01.2003-06.21.2013.csv,Glenn,39.4419,-121.9433,W002,2013-09-18 13:29:54,394419N1219433W002,18N01W02E002M,7/31/2012,00:00,,,29.460,0.000,29.460,81.304,78.504,51.844,26.660,ES - Electric sounder measurement,0.01 Ft,Department of Water Resources,CASGEM,7,31,2012
Glenn_01.01.2003-06.21.2013.csv,Glenn,39.4419,-121.9433,W002,2013-09-18 13:29:54,394419N1219433W002,18N01W02E002M,10/16/2012,00:00,,,15.830,0.000,15.830,81.304,78.504,65.474,13.030,ES - Electric sounder measurement,0.01 Ft,Department of Water Resources,CASGEM,10,16,2012
Glenn_01.01.2003-06.21.2013.csv,Glenn,39.4419,-121.9433,W002,2013-09-18 13:29:54,394419N1219433W002,18N01W02E002M,3/18/2013,00:00,,,9.050,0.000,9.050,81.304,78.504,72.254,6.250,ES - Electric sounder measurement,0.01 Ft,Department of Water Resources,CASGEM,3,18,2013
Glenn_01.01.2003-06.21.2013.csv,Glenn,39.4419,-121.9433,W002,2013-09-18 13:29:54,394419N1219433W002,18N01W02E002M,7/30/2003,00:00,,,23.700,0.000,23.700,81.304,78.504,57.604,20.900,UNK - Unknown,Unknown,Department of Water Resources,Voluntary,7,30,2003
Glenn_01.01.2003-06.21.2013.csv,Glenn,39.4419,-121.9433,W002,2013-09-18 13:29:54,394419N1219433W002,18N01W02E002M,8/26/2003,00:00,,,18.800,0.000,18.800,81.304,78.504,62.504,16.000,UNK - Unknown,Unknown,Department of Water Resources,Voluntary,8,26,2003
Glenn_01.01.2003-06.21.2013.csv,Glenn,39.4419,-121.9433,W002,2013-09-18 13:29:54,394419N1219433W002,18N01W02E002M,9/22/2003,00:00,,,13.300,0.000,13.300,81.304,78.504,68.004,10.500,UNK - Unknown,Unknown,Department of Water Resources,Voluntary,9,22,2003
Glenn_01.01.2003-06.21.2013.csv,Glenn,39.4419,-121.9433,W002,2013-09-18 13:29:54,394419N1219433W002,18N01W02E002M,10/17/2003,00:00,,,12.500,0.000,12.500,81.304,78.504,68.804,9.700,UNK - Unknown,Unknown,Department of Water Resources,Voluntary,10,17,2003
Glenn_01.01.2003-06.21.2013.csv,Glenn,39.4419,-121.9433,W002,2013-09-18 13:29:54,394419N1219433W002,18N01W02E002M,11/21/2003,00:00,,,11.000,0.000,11.000,81.304,78.504,70.304,8.200,UNK - Unknown,Unknown,Department of Water Resources,Voluntary,11,21,2003
Glenn_01.01.2003-06.21.2013.csv,Glenn,39.4419,-121.9433,W002,2013-09-18 13:29:54,394419N1219433W002,18N01W02E002M,12/9/2003,00:00,7 - Special/Other,,NULL,NULL,NULL,81.304,78.504,NULL,NULL,,,Department of Water Resources,Voluntary,TOO WET12,9,2003
Glenn_01.01.2003-06.21.2013.csv,Glenn,39.4419,-121.9433,W002,2013-09-18 13:29:54,394419N1219433W002,18N01W02E002M,4/1/2004,00:00,,,5.900,0.000,5.900,81.304,78.504,75.404,3.100,UNK - Unknown,Unknown,Department of Water Resources,Voluntary,4,1,2004
Glenn_01.01.2003-06.21.2013.csv,Glenn,39.4419,-121.9433,W002,2013-09-18 13:29:54,394419N1219433W002,18N01W02E002M,4/29/2004,00:00,,,14.700,0.000,14.700,81.304,78.504,66.604,11.900,UNK - Unknown,Unknown,Department of Water Resources,Voluntary,4,29,2004
Glenn_01.01.2003-06.21.2013.csv,Glenn,39.4419,-121.9433,W002,2013-09-18 13:29:54,394419N1219433W002,18N01W02E002M,5/24/2004,00:00,,,19.900,0.000,19.900,81.304,78.504,61.404,17.100,UNK - Unknown,Unknown,Department of Water Resources,Voluntary,5,24,2004
Glenn_01.01.2003-06.21.2013.csv,Glenn,39.4419,-121.9433,W002,2013-09-18 13:29:54,394419N1219433W002,18N01W02E002M,2/11/2004,00:00,,,6.400,0.000,6.400,81.304,78.504,74.904,3.600,UNK - Unknown,Unknown,Department of Water Resources,Voluntary,2,11,2004
Glenn_01.01.2003-06.21.2013.csv,Glenn,39.4419,-121.9433,W002,2013-09-18 13:29:54,394419N1219433W002,18N01W02E002M,7/28/2004,00:00,,,26.600,0.000,26.600,81.304,78.504,54.704,23.800,UNK - Unknown,Unknown,Department of Water Resources,Voluntary,7,28,2004
Glenn_01.01.2003-06.21.2013.csv,Glenn,39.4419,-121.9433,W002,2013-09-18 13:29:54,394419N1219433W002,18N01W02E002M,6/24/2004,00:00,,,21.200,0.000,21.200,81.304,78.504,60.104,18.400,UNK - Unknown,Unknown,Department of Water Resources,Voluntary,6,24,2004
Glenn_01.01.2003-06.21.2013.csv,Glenn,39.4419,-121.9433,W002,2013-09-18 13:29:54,394419N1219433W002,18N01W02E002M,8/23/2004,00:00,,,19.400,0.000,19.400,81.304,78.504,61.904,16.600,UNK - Unknown,Unknown,Department of Water Resources,Voluntary,8,23,2004
Glenn_01.01.2003-06.21.2013.csv,Glenn,39.4419,-121.9433,W002,2013-09-18 13:29:54,394419N1219433W002,18N01W02E002M,9/21/2004,00:00,,,14.600,0.000,14.600,81.304,78.504,66.704,11.800,UNK - Unknown,Unknown,Department of Water Resources,Voluntary,9,21,2004
Glenn_01.01.2003-06.21.2013.csv,Glenn,39.4419,-121.9433,W002,2013-09-18 13:29:54,394419N1219433W002,18N01W02E002M,10/20/2004,00:00,,,12.400,0.000,12.400,81.304,78.504,68.904,9.600,UNK - Unknown,Unknown,Department of Water Resources,Voluntary,10,20,2004
Glenn_01.01.2003-06.21.2013.csv,Glenn,39.4419,-121.9433,W002,2013-09-18 13:29:54,394419N1219433W002,18N01W02E002M,11/22/2004,00:00,,,10.500,0.000,10.500,81.304,78.504,70.804,7.700,UNK - Unknown,Unknown,Department of Water Resources,Voluntary,11,22,2004
Glenn_01.01.2003-06.21.2013.csv,Glenn,39.4419,-121.9433,W002,2013-09-18 13:29:54,394419N1219433W002,18N01W02E002M,3/30/2005,00:00,,,6.200,0.000,6.200,81.304,78.504,75.104,3.400,UNK - Unknown,Unknown,Department of Water Resources,Voluntary,3,30,2005
Glenn_01.01.2003-06.21.2013.csv,Glenn,39.4419,-121.9433,W002,2013-09-18 13:29:54,394419N1219433W002,18N01W02E002M,4/27/2005,00:00,,,8.500,0.000,8.500,81.304,78.504,72.804,5.700,UNK - Unknown,Unknown,Department of Water Resources,Voluntary,4,27,2005
Glenn_01.01.2003-06.21.2013.csv,Glenn,39.4419,-121.9433,W002,2013-09-18 13:29:54,394419N1219433W002,18N01W02E002M,5/24/2005,00:00,,,12.700,0.000,12.700,81.304,78.504,68.604,9.900,UNK - Unknown,Unknown,Department of Water Resources,Voluntary,5,24,2005
Glenn_01.01.2003-06.21.2013.csv,Glenn,39.4419,-121.9433,W002,2013-09-18 13:29:54,394419N1219433W002,18N01W02E002M,6/21/2005,00:00,,,19.200,0.000,19.200,81.304,78.504,62.104,16.400,UNK - Unknown,Unknown,Department of Water Resources,Voluntary,6,21,2005
Glenn_01.01.2003-06.21.2013.csv,Glenn,39.4419,-121.9433,W002,2013-09-18 13:29:54,394419N1219433W002,18N01W02E002M,7/26/2005,00:00,,,26.400,0.000,26.400,81.304,78.504,54.904,23.600,UNK - Unknown,Unknown,Department of Water Resources,Voluntary,7,26,2005
Glenn_01.01.2003-06.21.2013.csv,Glenn,39.4419,-121.9433,W002,2013-09-18 13:29:54,394419N1219433W002,18N01W02E002M,8/23/2005,00:00,,,16.400,0.000,16.400,81.304,78.504,64.904,13.600,UNK - Unknown,Unknown,Department of Water Resources,Voluntary,8,23,2005
Glenn_01.01.2003-06.21.2013.csv,Glenn,39.4419,-121.9433,W002,2013-09-18 13:29:54,394419N1219433W002,18N01W02E002M,9/27/2005,00:00,,,11.900,0.000,11.900,81.304,78.504,69.404,9.100,UNK - Unknown,Unknown,Department of Water Resources,Voluntary,9,27,2005
Glenn_01.01.2003-06.21.2013.csv,Glenn,39.4419,-121.9433,W002,2013-09-18 13:29:54,394419N1219433W002,18N01W02E002M,10/18/2005,00:00,,,12.300,0.000,12.300,81.304,78.504,69.004,9.500,UNK - Unknown,Unknown,Department of Water Resources,Voluntary,10,18,2005
Glenn_01.01.2003-06.21.2013.csv,Glenn,39.4419,-121.9433,W002,2013-09-18 13:29:54,394419N1219433W002,18N01W02E002M,3/28/2006,00:00,,,3.900,0.000,3.900,81.304,78.504,77.404,1.100,UNK - Unknown,Unknown,Department of Water Resources,Voluntary,3,28,2006
Glenn_01.01.2003-06.21.2013.csv,Glenn,39.4419,-121.9433,W002,2013-09-18 13:29:54,394419N1219433W002,18N01W02E002M,5/17/2006,00:00,,,12.700,0.000,12.700,81.304,78.504,68.604,9.900,UNK - Unknown,Unknown,Department of Water Resources,Voluntary,5,17,2006
Glenn_01.01.2003-06.21.2013.csv,Glenn,39.4419,-121.9433,W002,2013-09-18 13:29:54,394419N1219433W002,18N01W02E002M,8/2/2006,00:00,,,24.200,0.000,24.200,81.304,78.504,57.104,21.400,UNK - Unknown,Unknown,Department of Water Resources,Voluntary,8,2,2006
Glenn_01.01.2003-06.21.2013.csv,Glenn,39.4419,-121.9433,W002,2013-09-18 13:29:54,394419N1219433W002,18N01W02E002M,10/11/2006,00:00,,,12.300,0.000,12.300,81.304,78.504,69.004,9.500,UNK - Unknown,Unknown,Department of Water Resources,Voluntary,10,11,2006
Glenn_01.01.2003-06.21.2013.csv,Glenn,39.4419,-121.9433,W002,2013-09-18 13:29:54,394419N1219433W002,18N01W02E002M,3/21/2007,00:00,,,11.780,0.000,11.780,81.304,78.504,69.524,8.980,UNK - Unknown,Unknown,Department of Water Resources,Voluntary,3,21,2007
Glenn_01.01.2003-06.21.2013.csv,Glenn,39.4419,-121.9433,W002,2013-09-18 13:29:54,394419N1219433W002,18N01W02E002M,8/7/2007,00:00,,,25.640,0.000,25.640,81.304,78.504,55.664,22.840,UNK - Unknown,Unknown,Department of Water Resources,Voluntary,8,7,2007
Glenn_01.01.2003-06.21.2013.csv,Glenn,39.4419,-121.9433,W002,2013-09-18 13:29:54,394419N1219433W002,18N01W02E002M,10/16/2007,00:00,,,13.920,0.000,13.920,81.304,78.504,67.384,11.120,UNK - Unknown,Unknown,Department of Water Resources,Voluntary,10,16,2007
Glenn_01.01.2003-06.21.2013.csv,Glenn,39.4419,-121.9433,W002,2013-09-18 13:29:54,394419N1219433W002,18N01W02E002M,1/18/2008,00:00,,,8.720,0.000,8.720,81.304,78.504,72.584,5.920,UNK - Unknown,Unknown,Department of Water Resources,Voluntary,1,18,2008
Glenn_01.01.2003-06.21.2013.csv,Glenn,39.4419,-121.9433,W002,2013-09-18 13:29:54,394419N1219433W002,18N01W02E002M,3/12/2008,00:00,,,6.670,0.000,6.670,81.304,78.504,74.634,3.870,UNK - Unknown,Unknown,Department of Water Resources,Voluntary,3,12,2008
Glenn_01.01.2003-06.21.2013.csv,Glenn,39.4419,-121.9433,W002,2013-09-18 13:29:54,394419N1219433W002,18N01W02E002M,8/5/2008,00:00,,,26.930,0.000,26.930,81.304,78.504,54.374,24.130,UNK - Unknown,Unknown,Department of Water Resources,Voluntary,8,5,2008
Glenn_01.01.2003-06.21.2013.csv,Glenn,39.4419,-121.9433,W002,2013-09-18 13:29:54,394419N1219433W002,18N01W02E002M,10/20/2008,00:00,,,14.570,0.000,14.570,81.304,78.504,66.734,11.770,UNK - Unknown,Unknown,Department of Water Resources,Voluntary,10,20,2008
Glenn_01.01.2003-06.21.2013.csv,Glenn,39.4419,-121.9433,W002,2013-09-18 13:29:54,394419N1219433W002,18N01W02E002M,1/13/2009,00:00,,,10.540,0.000,10.540,81.304,78.504,70.764,7.740,UNK - Unknown,Unknown,Department of Water Resources,Voluntary,1,13,2009
Glenn_01.01.2003-06.21.2013.csv,Glenn,39.4419,-121.9433,W002,2013-09-18 13:29:54,394419N1219433W002,18N01W02E002M,2/3/2009,00:00,,,9.770,0.000,9.770,81.304,78.504,71.534,6.970,UNK - Unknown,Unknown,Department of Water Resources,Voluntary,2,3,2009
Glenn_01.01.2003-06.21.2013.csv,Glenn,39.4419,-121.9433,W002,2013-09-18 13:29:54,394419N1219433W002,18N01W02E002M,3/26/2009,00:00,,,8.080,0.000,8.080,81.304,78.504,73.224,5.280,UNK - Unknown,Unknown,Department of Water Resources,Voluntary,3,26,2009
Glenn_01.01.2003-06.21.2013.csv,Glenn,39.4419,-121.9433,W002,2013-09-18 13:29:54,394419N1219433W002,18N01W02E002M,5/12/2009,00:00,,,14.900,0.000,14.900,81.304,78.504,66.404,12.100,UNK - Unknown,Unknown,Department of Water Resources,Voluntary,5,12,2009
Glenn_01.01.2003-06.21.2013.csv,Glenn,39.4419,-121.9433,W002,2013-09-18 13:29:54,394419N1219433W002,18N01W02E002M,6/24/2009,00:00,,,28.500,0.000,28.500,81.304,78.504,52.804,25.700,UNK - Unknown,Unknown,Department of Water Resources,Voluntary,6,24,2009
Glenn_01.01.2003-06.21.2013.csv,Glenn,39.4419,-121.9433,W002,2013-09-18 13:29:54,394419N1219433W002,18N01W02E002M,8/3/2009,00:00,,,26.550,0.000,26.550,81.304,78.504,54.754,23.750,UNK - Unknown,Unknown,Department of Water Resources,Voluntary,8,3,2009
Glenn_01.01.2003-06.21.2013.csv,Glenn,39.4419,-121.9433,W002,2013-09-18 13:29:54,394419N1219433W002,18N01W02E002M,9/14/2009,00:00,,,16.210,0.000,16.210,81.304,78.504,65.094,13.410,UNK - Unknown,Unknown,Department of Water Resources,Voluntary,9,14,2009
Glenn_01.01.2003-06.21.2013.csv,Glenn,39.4419,-121.9433,W002,2013-09-18 13:29:54,394419N1219433W002,18N01W02E002M,10/21/2009,00:00,,,15.620,0.000,15.620,81.304,78.504,65.684,12.820,UNK - Unknown,Unknown,Department of Water Resources,Voluntary,10,21,2009
Glenn_01.01.2003-06.21.2013.csv,Glenn,39.4419,-121.9433,W002,2013-09-18 13:29:54,394419N1219433W002,18N01W02E002M,3/23/2010,00:00,,,6.290,0.000,6.290,81.304,78.504,75.014,3.490,UNK - Unknown,Unknown,Department of Water Resources,Voluntary,3,23,2010
Glenn_01.01.2003-06.21.2013.csv,Glenn,39.4419,-121.9433,W002,2013-09-18 13:29:54,394419N1219433W002,18N01W02E002M,8/4/2010,00:00,,,26.720,0.000,26.720,81.304,78.504,54.584,23.920,UNK - Unknown,Unknown,Department of Water Resources,Voluntary,8,4,2010
Glenn_01.01.2003-06.21.2013.csv,Glenn,39.4419,-121.9433,W002,2013-09-18 13:29:54,394419N1219433W002,18N01W02E002M,10/19/2010,00:00,,,14.710,0.000,14.710,81.304,78.504,66.594,11.910,UNK - Unknown,Unknown,Department of Water Resources,Voluntary,10,19,2010
Glenn_01.01.2003-06.21.2013.csv,Glenn,39.4419,-121.9433,W002,2013-09-18 13:29:54,394419N1219433W002,18N01W02E002M,4/4/2011,00:00,,,4.860,0.000,4.860,81.304,78.504,76.444,2.060,UNK - Unknown,Unknown,Department of Water Resources,Voluntary,4,4,2011
Glenn_01.01.2003-06.21.2013.csv,Glenn,39.4419,-121.9433,W002,2013-09-18 13:29:54,394419N1219433W002,18N01W02E002M,8/2/2011,00:00,,,26.360,0.000,26.360,81.304,78.504,54.944,23.560,UNK - Unknown,Unknown,Department of Water Resources,Voluntary,8,2,2011
Glenn_01.01.2003-06.21.2013.csv,Glenn,39.4419,-121.9433,W003,2013-09-18 13:29:54,394419N1219433W003,18N01W02E003M,10/11/2011,00:00,,,17.560,0.000,17.560,81.369,78.499,63.809,14.690,ES - Electric sounder measurement,0.01 Ft,Department of Water Resources,CASGEM,10,11,2011
Glenn_01.01.2003-06.21.2013.csv,Glenn,39.4419,-121.9433,W003,2013-09-18 13:29:54,394419N1219433W003,18N01W02E003M,10/11/2011,00:00,,,17.560,0.000,17.560,81.369,78.499,63.809,14.690,ES - Electric sounder measurement,0.01 Ft,Department of Water Resources,CASGEM,10,11,2011
Glenn_01.01.2003-06.21.2013.csv,Glenn,39.4419,-121.9433,W003,2013-09-18 13:29:54,394419N1219433W003,18N01W02E003M,3/28/2012,00:00,,,11.100,0.000,11.100,81.369,78.499,70.269,8.230,ES - Electric sounder measurement,0.01 Ft,Department of Water Resources,CASGEM,3,28,2012
Glenn_01.01.2003-06.21.2013.csv,Glenn,39.4419,-121.9433,W003,2013-09-18 13:29:54,394419N1219433W003,18N01W02E003M,7/31/2012,00:00,,,30.290,0.000,30.290,81.369,78.499,51.079,27.420,ES - Electric sounder measurement,0.01 Ft,Department of Water Resources,CASGEM,7,31,2012
Glenn_01.01.2003-06.21.2013.csv,Glenn,39.4419,-121.9433,W003,2013-09-18 13:29:54,394419N1219433W003,18N01W02E003M,10/16/2012,00:00,,,19.830,0.000,19.830,81.369,78.499,61.539,16.960,ES - Electric sounder measurement,0.01 Ft,Department of Water Resources,CASGEM,10,16,2012
Glenn_01.01.2003-06.21.2013.csv,Glenn,39.4419,-121.9433,W003,2013-09-18 13:29:54,394419N1219433W003,18N01W02E003M,3/18/2013,00:00,,,9.480,0.000,9.480,81.369,78.499,71.889,6.610,ES - Electric sounder measurement,0.01 Ft,Department of Water Resources,CASGEM,3,18,2013
Glenn_01.01.2003-06.21.2013.csv,Glenn,39.4419,-121.9433,W003,2013-09-18 13:29:54,394419N1219433W003,18N01W02E003M,7/30/2003,00:00,,,23.900,0.000,23.900,81.369,78.499,57.469,21.030,UNK - Unknown,Unknown,Department of Water Resources,Voluntary,7,30,2003
Glenn_01.01.2003-06.21.2013.csv,Glenn,39.4419,-121.9433,W003,2013-09-18 13:29:54,394419N1219433W003,18N01W02E003M,8/26/2003,00:00,,,22.300,0.000,22.300,81.369,78.499,59.069,19.430,UNK - Unknown,Unknown,Department of Water Resources,Voluntary,8,26,2003
Glenn_01.01.2003-06.21.2013.csv,Glenn,39.4419,-121.9433,W003,2013-09-18 13:29:54,394419N1219433W003,18N01W02E003M,9/22/2003,00:00,,,17.300,0.000,17.300,81.369,78.499,64.069,14.430,UNK - Unknown,Unknown,Department of Water Resources,Voluntary,9,22,2003
Glenn_01.01.2003-06.21.2013.csv,Glenn,39.4419,-121.9433,W003,2013-09-18 13:29:54,394419N1219433W003,18N01W02E003M,10/17/2003,00:00,,,15.800,0.000,15.800,81.369,78.499,65.569,12.930,UNK - Unknown,Unknown,Department of Water Resources,Voluntary,10,17,2003
Glenn_01.01.2003-06.21.2013.csv,Glenn,39.4419,-121.9433,W003,2013-09-18 13:29:54,394419N1219433W003,18N01W02E003M,11/21/2003,00:00,,,14.100,0.000,14.100,81.369,78.499,67.269,11.230,UNK - Unknown,Unknown,Department of Water Resources,Voluntary,11,21,2003
Glenn_01.01.2003-06.21.2013.csv,Glenn,39.4419,-121.9433,W003,2013-09-18 13:29:54,394419N1219433W003,18N01W02E003M,12/9/2003,00:00,7 - Special/Other,,NULL,NULL,NULL,81.369,78.499,NULL,NULL,,,Department of Water Resources,Voluntary,TOO WET12,9,2003
Glenn_01.01.2003-06.21.2013.csv,Glenn,39.4419,-121.9433,W003,2013-09-18 13:29:54,394419N1219433W003,18N01W02E003M,4/1/2004,00:00,,,5.800,0.000,5.800,81.369,78.499,75.569,2.930,UNK - Unknown,Unknown,Department of Water Resources,Voluntary,4,1,2004
Glenn_01.01.2003-06.21.2013.csv,Glenn,39.4419,-121.9433,W003,2013-09-18 13:29:54,394419N1219433W003,18N01W02E003M,4/29/2004,00:00,,,10.000,0.000,10.000,81.369,78.499,71.369,7.130,UNK - Unknown,Unknown,Department of Water Resources,Voluntary,4,29,2004
Glenn_01.01.2003-06.21.2013.csv,Glenn,39.4419,-121.9433,W003,2013-09-18 13:29:54,394419N1219433W003,18N01W02E003M,5/24/2004,00:00,,,17.800,0.000,17.800,81.369,78.499,63.569,14.930,UNK - Unknown,Unknown,Department of Water Resources,Voluntary,5,24,2004
Glenn_01.01.2003-06.21.2013.csv,Glenn,39.4419,-121.9433,W003,2013-09-18 13:29:54,394419N1219433W003,18N01W02E003M,2/11/2004,00:00,,,7.400,0.000,7.400,81.369,78.499,73.969,4.530,UNK - Unknown,Unknown,Department of Water Resources,Voluntary,2,11,2004
Glenn_01.01.2003-06.21.2013.csv,Glenn,39.4419,-121.9433,W003,2013-09-18 13:29:54,394419N1219433W003,18N01W02E003M,7/28/2004,00:00,,,26.400,0.000,26.400,81.369,78.499,54.969,23.530,UNK - Unknown,Unknown,Department of Water Resources,Voluntary,7,28,2004
Glenn_01.01.2003-06.21.2013.csv,Glenn,39.4419,-121.9433,W003,2013-09-18 13:29:54,394419N1219433W003,18N01W02E003M,6/24/2004,00:00,,,23.000,0.000,23.000,81.369,78.499,58.369,20.130,UNK - Unknown,Unknown,Department of Water Resources,Voluntary,6,24,2004
Glenn_01.01.2003-06.21.2013.csv,Glenn,39.4419,-121.9433,W003,2013-09-18 13:29:54,394419N1219433W003,18N01W02E003M,8/23/2004,00:00,,,22.500,0.000,22.500,81.369,78.499,58.869,19.630,UNK - Unknown,Unknown,Department of Water Resources,Voluntary,8,23,2004
Glenn_01.01.2003-06.21.2013.csv,Glenn,39.4419,-121.9433,W003,2013-09-18 13:29:54,394419N1219433W003,18N01W02E003M,9/21/2004,00:00,,,18.000,0.000,18.000,81.369,78.499,63.369,15.130,UNK - Unknown,Unknown,Department of Water Resources,Voluntary,9,21,2004
Glenn_01.01.2003-06.21.2013.csv,Glenn,39.4419,-121.9433,W003,2013-09-18 13:29:54,394419N1219433W003,18N01W02E003M,10/20/2004,00:00,,,16.000,0.000,16.000,81.369,78.499,65.369,13.130,UNK - Unknown,Unknown,Department of Water Resources,Voluntary,10,20,2004
Glenn_01.01.2003-06.21.2013.csv,Glenn,39.4419,-121.9433,W003,2013-09-18 13:29:54,394419N1219433W003,18N01W02E003M,11/22/2004,00:00,,,13.900,0.000,13.900,81.369,78.499,67.469,11.030,UNK - Unknown,Unknown,Department of Water Resources,Voluntary,11,22,2004
Glenn_01.01.2003-06.21.2013.csv,Glenn,39.4419,-121.9433,W003,2013-09-18 13:29:54,394419N1219433W003,18N01W02E003M,3/30/2005,00:00,,,6.700,0.000,6.700,81.369,78.499,74.669,3.830,UNK - Unknown,Unknown,Department of Water Resources,Voluntary,3,30,2005
Glenn_01.01.2003-06.21.2013.csv,Glenn,39.4419,-121.9433,W003,2013-09-18 13:29:54,394419N1219433W003,18N01W02E003M,4/27/2005,00:00,,,7.900,0.000,7.900,81.369,78.499,73.469,5.030,UNK - Unknown,Unknown,Department of Water Resources,Voluntary,4,27,2005
Glenn_01.01.2003-06.21.2013.csv,Glenn,39.4419,-121.9433,W003,2013-09-18 13:29:54,394419N1219433W003,18N01W02E003M,5/24/2005,00:00,,,13.200,0.000,13.200,81.369,78.499,68.169,10.330,UNK - Unknown,Unknown,Department of Water Resources,Voluntary,5,24,2005
Glenn_01.01.2003-06.21.2013.csv,Glenn,39.4419,-121.9433,W003,2013-09-18 13:29:54,394419N1219433W003,18N01W02E003M,6/21/2005,00:00,,,15.700,0.000,15.700,81.369,78.499,65.669,12.830,UNK - Unknown,Unknown,Department of Water Resources,Voluntary,6,21,2005
Glenn_01.01.2003-06.21.2013.csv,Glenn,39.4419,-121.9433,W003,2013-09-18 13:29:54,394419N1219433W003,18N01W02E003M,7/26/2005,00:00,,,24.000,0.000,24.000,81.369,78.499,57.369,21.130,UNK - Unknown,Unknown,Department of Water Resources,Voluntary,7,26,2005
Glenn_01.01.2003-06.21.2013.csv,Glenn,39.4419,-121.9433,W003,2013-09-18 13:29:54,394419N1219433W003,18N01W02E003M,8/23/2005,00:00,,,18.400,0.000,18.400,81.369,78.499,62.969,15.530,UNK - Unknown,Unknown,Department of Water Resources,Voluntary,8,23,2005
Glenn_01.01.2003-06.21.2013.csv,Glenn,39.4419,-121.9433,W003,2013-09-18 13:29:54,394419N1219433W003,18N01W02E003M,9/27/2005,00:00,,,15.400,0.000,15.400,81.369,78.499,65.969,12.530,UNK - Unknown,Unknown,Department of Water Resources,Voluntary,9,27,2005
Glenn_01.01.2003-06.21.2013.csv,Glenn,39.4419,-121.9433,W003,2013-09-18 13:29:54,394419N1219433W003,18N01W02E003M,10/18/2005,00:00,,,14.500,0.000,14.500,81.369,78.499,66.869,11.630,UNK - Unknown,Unknown,Department of Water Resources,Voluntary,10,18,2005
Glenn_01.01.2003-06.21.2013.csv,Glenn,39.4419,-121.9433,W003,2013-09-18 13:29:54,394419N1219433W003,18N01W02E003M,3/28/2006,00:00,,,4.000,0.000,4.000,81.369,78.499,77.369,1.130,UNK - Unknown,Unknown,Department of Water Resources,Voluntary,3,28,2006
Glenn_01.01.2003-06.21.2013.csv,Glenn,39.4419,-121.9433,W003,2013-09-18 13:29:54,394419N1219433W003,18N01W02E003M,5/17/2006,00:00,,,8.900,0.000,8.900,81.369,78.499,72.469,6.030,UNK - Unknown,Unknown,Department of Water Resources,Voluntary,5,17,2006
Glenn_01.01.2003-06.21.2013.csv,Glenn,39.4419,-121.9433,W003,2013-09-18 13:29:54,394419N1219433W003,18N01W02E003M,8/2/2006,00:00,,,26.200,0.000,26.200,81.369,78.499,55.169,23.330,UNK - Unknown,Unknown,Department of Water Resources,Voluntary,8,2,2006
Glenn_01.01.2003-06.21.2013.csv,Glenn,39.4419,-121.9433,W003,2013-09-18 13:29:54,394419N1219433W003,18N01W02E003M,10/11/2006,00:00,,,15.900,0.000,15.900,81.369,78.499,65.469,13.030,UNK - Unknown,Unknown,Department of Water Resources,Voluntary,10,11,2006
Glenn_01.01.2003-06.21.2013.csv,Glenn,39.4419,-121.9433,W003,2013-09-18 13:29:54,394419N1219433W003,18N01W02E003M,3/21/2007,00:00,,,10.800,0.000,10.800,81.369,78.499,70.569,7.930,UNK - Unknown,Unknown,Department of Water Resources,Voluntary,3,21,2007
Glenn_01.01.2003-06.21.2013.csv,Glenn,39.4419,-121.9433,W003,2013-09-18 13:29:54,394419N1219433W003,18N01W02E003M,8/7/2007,00:00,,,28.430,0.000,28.430,81.369,78.499,52.939,25.560,UNK - Unknown,Unknown,Department of Water Resources,Voluntary,8,7,2007
Glenn_01.01.2003-06.21.2013.csv,Glenn,39.4419,-121.9433,W003,2013-09-18 13:29:54,394419N1219433W003,18N01W02E003M,10/16/2007,00:00,,,17.000,0.000,17.000,81.369,78.499,64.369,14.130,UNK - Unknown,Unknown,Department of Water Resources,Voluntary,10,16,2007
Glenn_01.01.2003-06.21.2013.csv,Glenn,39.4419,-121.9433,W003,2013-09-18 13:29:54,394419N1219433W003,18N01W02E003M,1/18/2008,00:00,,,11.650,0.000,11.650,81.369,78.499,69.719,8.780,UNK - Unknown,Unknown,Department of Water Resources,Voluntary,1,18,2008
Glenn_01.01.2003-06.21.2013.csv,Glenn,39.4419,-121.9433,W003,2013-09-18 13:29:54,394419N1219433W003,18N01W02E003M,3/12/2008,00:00,,,7.210,0.000,7.210,81.369,78.499,74.159,4.340,UNK - Unknown,Unknown,Department of Water Resources,Voluntary,3,12,2008
Glenn_01.01.2003-06.21.2013.csv,Glenn,39.4419,-121.9433,W003,2013-09-18 13:29:54,394419N1219433W003,18N01W02E003M,8/5/2008,00:00,,,28.150,0.000,28.150,81.369,78.499,53.219,25.280,UNK - Unknown,Unknown,Department of Water Resources,Voluntary,8,5,2008
Glenn_01.01.2003-06.21.2013.csv,Glenn,39.4419,-121.9433,W003,2013-09-18 13:29:54,394419N1219433W003,18N01W02E003M,10/20/2008,00:00,,,17.550,0.000,17.550,81.369,78.499,63.819,14.680,UNK - Unknown,Unknown,Department of Water Resources,Voluntary,10,20,2008
Glenn_01.01.2003-06.21.2013.csv,Glenn,39.4419,-121.9433,W003,2013-09-18 13:29:54,394419N1219433W003,18N01W02E003M,1/13/2009,00:00,,,13.220,0.000,13.220,81.369,78.499,68.149,10.350,UNK - Unknown,Unknown,Department of Water Resources,Voluntary,1,13,2009
Glenn_01.01.2003-06.21.2013.csv,Glenn,39.4419,-121.9433,W003,2013-09-18 13:29:54,394419N1219433W003,18N01W02E003M,2/3/2009,00:00,,,12.500,0.000,12.500,81.369,78.499,68.869,9.630,UNK - Unknown,Unknown,Department of Water Resources,Voluntary,2,3,2009
Glenn_01.01.2003-06.21.2013.csv,Glenn,39.4419,-121.9433,W003,2013-09-18 13:29:54,394419N1219433W003,18N01W02E003M,3/26/2009,00:00,,,8.890,0.000,8.890,81.369,78.499,72.479,6.020,UNK - Unknown,Unknown,Department of Water Resources,Voluntary,3,26,2009
Glenn_01.01.2003-06.21.2013.csv,Glenn,39.4419,-121.9433,W003,2013-09-18 13:29:54,394419N1219433W003,18N01W02E003M,5/12/2009,00:00,,,14.500,0.000,14.500,81.369,78.499,66.869,11.630,UNK - Unknown,Unknown,Department of Water Resources,Voluntary,5,12,2009
Glenn_01.01.2003-06.21.2013.csv,Glenn,39.4419,-121.9433,W003,2013-09-18 13:29:54,394419N1219433W003,18N01W02E003M,6/24/2009,00:00,,,23.890,0.000,23.890,81.369,78.499,57.479,21.020,UNK - Unknown,Unknown,Department of Water Resources,Voluntary,6,24,2009
Glenn_01.01.2003-06.21.2013.csv,Glenn,39.4419,-121.9433,W003,2013-09-18 13:29:54,394419N1219433W003,18N01W02E003M,8/3/2009,00:00,,,28.850,0.000,28.850,81.369,78.499,52.519,25.980,UNK - Unknown,Unknown,Department of Water Resources,Voluntary,8,3,2009
Glenn_01.01.2003-06.21.2013.csv,Glenn,39.4419,-121.9433,W003,2013-09-18 13:29:54,394419N1219433W003,18N01W02E003M,9/14/2009,00:00,,,21.920,0.000,21.920,81.369,78.499,59.449,19.050,UNK - Unknown,Unknown,Department of Water Resources,Voluntary,9,14,2009
Glenn_01.01.2003-06.21.2013.csv,Glenn,39.4419,-121.9433,W003,2013-09-18 13:29:54,394419N1219433W003,18N01W02E003M,10/21/2009,00:00,,,18.560,0.000,18.560,81.369,78.499,62.809,15.690,UNK - Unknown,Unknown,Department of Water Resources,Voluntary,10,21,2009
Glenn_01.01.2003-06.21.2013.csv,Glenn,39.4419,-121.9433,W003,2013-09-18 13:29:54,394419N1219433W003,18N01W02E003M,3/23/2010,00:00,,,6.780,0.000,6.780,81.369,78.499,74.589,3.910,UNK - Unknown,Unknown,Department of Water Resources,Voluntary,3,23,2010
Glenn_01.01.2003-06.21.2013.csv,Glenn,39.4419,-121.9433,W003,2013-09-18 13:29:54,394419N1219433W003,18N01W02E003M,8/4/2010,00:00,,,28.240,0.000,28.240,81.369,78.499,53.129,25.370,UNK - Unknown,Unknown,Department of Water Resources,Voluntary,8,4,2010
Glenn_01.01.2003-06.21.2013.csv,Glenn,39.4419,-121.9433,W003,2013-09-18 13:29:54,394419N1219433W003,18N01W02E003M,10/19/2010,00:00,,,18.200,0.000,18.200,81.369,78.499,63.169,15.330,UNK - Unknown,Unknown,Department of Water Resources,Voluntary,10,19,2010
Glenn_01.01.2003-06.21.2013.csv,Glenn,39.4419,-121.9433,W003,2013-09-18 13:29:54,394419N1219433W003,18N01W02E003M,4/4/2011,00:00,,,5.370,0.000,5.370,81.369,78.499,75.999,2.500,UNK - Unknown,Unknown,Department of Water Resources,Voluntary,4,4,2011
Glenn_01.01.2003-06.21.2013.csv,Glenn,39.4419,-121.9433,W003,2013-09-18 13:29:54,394419N1219433W003,18N01W02E003M,8/2/2011,00:00,,,26.310,0.000,26.310,81.369,78.499,55.059,23.440,UNK - Unknown,Unknown,Department of Water Resources,Voluntary,8,2,2011
Glenn_01.01.2003-06.21.2013.csv,Glenn,39.4494,-121.8912,W001,2013-09-18 13:29:54,394494N1218912W001,18N01E05D001M,3/28/2012,00:00,7 - Special/Other,,NULL,NULL,NULL,77.660,77.360,NULL,NULL,,,Department of Water Resources,Voluntary,Gate locked; too muddy.3,28,2012
Glenn_01.01.2003-06.21.2013.csv,Glenn,39.4494,-121.8912,W001,2013-09-18 13:29:54,394494N1218912W001,18N01E05D001M,7/31/2012,00:00,,,5.650,0.000,5.650,77.660,77.360,72.010,5.350,ES - Electric sounder measurement,0.01 Ft,Department of Water Resources,Voluntary,RP Elevation was wrong7,31,2012
Glenn_01.01.2003-06.21.2013.csv,Glenn,39.4494,-121.8912,W001,2013-09-18 13:29:54,394494N1218912W001,18N01E05D001M,10/16/2012,00:00,,,4.940,0.000,4.940,77.660,77.360,72.720,4.640,ES - Electric sounder measurement,0.01 Ft,Department of Water Resources,Voluntary,RP Elevation was wrong10,16,2012
Glenn_01.01.2003-06.21.2013.csv,Glenn,39.4494,-121.8912,W001,2013-09-18 13:29:54,394494N1218912W001,18N01E05D001M,3/18/2013,00:00,,,4.220,0.000,4.220,77.660,77.360,73.440,3.920,ES - Electric sounder measurement,0.01 Ft,Department of Water Resources,Voluntary,3,18,2013
Glenn_01.01.2003-06.21.2013.csv,Glenn,39.4559,-122.0854,W001,2013-09-18 13:29:54,394559N1220854W001,19N02W33K001M,10/11/2011,00:00,,,8.120,0.000,8.120,87.710,87.410,79.590,7.820,ES - Electric sounder measurement,0.01 Ft,Department of Water Resources,CASGEM,10,11,2011
Glenn_01.01.2003-06.21.2013.csv,Glenn,39.4559,-122.0854,W001,2013-09-18 13:29:54,394559N1220854W001,19N02W33K001M,3/27/2012,00:00,,,5.630,0.000,5.630,87.710,87.410,82.080,5.330,ES - Electric sounder measurement,0.01 Ft,Department of Water Resources,CASGEM,3,27,2012
Glenn_01.01.2003-06.21.2013.csv,Glenn,39.4559,-122.0854,W001,2013-09-18 13:29:54,394559N1220854W001,19N02W33K001M,7/31/2012,00:00,,,5.360,0.000,5.360,87.710,87.410,82.350,5.060,ES - Electric sounder measurement,0.01 Ft,Department of Water Resources,CASGEM,7,31,2012
Glenn_01.01.2003-06.21.2013.csv,Glenn,39.4559,-122.0854,W001,2013-09-18 13:29:54,394559N1220854W001,19N02W33K001M,10/16/2012,00:00,,,10.130,0.000,10.130,87.710,87.410,77.580,9.830,ES - Electric sounder measurement,0.01 Ft,Department of Water Resources,CASGEM,10,16,2012
Glenn_01.01.2003-06.21.2013.csv,Glenn,39.4559,-122.0854,W001,2013-09-18 13:29:54,394559N1220854W001,19N02W33K001M,2/18/2003,00:00,,,3.100,0.000,3.100,87.710,87.410,84.610,2.800,UNK - Unknown,Unknown,Department of Water Resources,Voluntary,2,18,2003
Glenn_01.01.2003-06.21.2013.csv,Glenn,39.4559,-122.0854,W001,2013-09-18 13:29:54,394559N1220854W001,19N02W33K001M,3/13/2003,00:00,,,5.200,0.000,5.200,87.710,87.410,82.510,4.900,UNK - Unknown,Unknown,Department of Water Resources,Voluntary,3,13,2003
Glenn_01.01.2003-06.21.2013.csv,Glenn,39.4559,-122.0854,W001,2013-09-18 13:29:54,394559N1220854W001,19N02W33K001M,4/9/2003,00:00,,,6.200,0.000,6.200,87.710,87.410,81.510,5.900,UNK - Unknown,Unknown,Department of Water Resources,Voluntary,4,9,2003
Glenn_01.01.2003-06.21.2013.csv,Glenn,39.4559,-122.0854,W001,2013-09-18 13:29:54,394559N1220854W001,19N02W33K001M,5/28/2003,00:00,,,6.700,0.000,6.700,87.710,87.410,81.010,6.400,UNK - Unknown,Unknown,Department of Water Resources,Voluntary,5,28,2003
Glenn_01.01.2003-06.21.2013.csv,Glenn,39.4559,-122.0854,W001,2013-09-18 13:29:54,394559N1220854W001,19N02W33K001M,6/19/2003,00:00,,,5.400,0.000,5.400,87.710,87.410,82.310,5.100,UNK - Unknown,Unknown,Department of Water Resources,Voluntary,6,19,2003
Glenn_01.01.2003-06.21.2013.csv,Glenn,39.4559,-122.0854,W001,2013-09-18 13:29:54,394559N1220854W001,19N02W33K001M,7/30/2003,00:00,,,6.000,0.000,6.000,87.710,87.410,81.710,5.700,UNK - Unknown,Unknown,Department of Water Resources,Voluntary,7,30,2003
Glenn_01.01.2003-06.21.2013.csv,Glenn,39.4559,-122.0854,W001,2013-09-18 13:29:54,394559N1220854W001,19N02W33K001M,8/26/2003,00:00,,,5.700,0.000,5.700,87.710,87.410,82.010,5.400,UNK - Unknown,Unknown,Department of Water Resources,Voluntary,8,26,2003
Glenn_01.01.2003-06.21.2013.csv,Glenn,39.4559,-122.0854,W001,2013-09-18 13:29:54,394559N1220854W001,19N02W33K001M,9/22/2003,00:00,,,8.300,0.000,8.300,87.710,87.410,79.410,8.000,UNK - Unknown,Unknown,Department of Water Resources,Voluntary,9,22,2003
Glenn_01.01.2003-06.21.2013.csv,Glenn,39.4559,-122.0854,W001,2013-09-18 13:29:54,394559N1220854W001,19N02W33K001M,10/16/2003,00:00,,,10.000,0.000,10.000,87.710,87.410,77.710,9.700,UNK - Unknown,Unknown,Department of Water Resources,Voluntary,10,16,2003
Glenn_01.01.2003-06.21.2013.csv,Glenn,39.4559,-122.0854,W001,2013-09-18 13:29:54,394559N1220854W001,19N02W33K001M,11/21/2003,00:00,,,5.700,0.000,5.700,87.710,87.410,82.010,5.400,UNK - Unknown,Unknown,Department of Water Resources,Voluntary,11,21,2003
Glenn_01.01.2003-06.21.2013.csv,Glenn,39.4559,-122.0854,W001,2013-09-18 13:29:54,394559N1220854W001,19N02W33K001M,12/9/2003,00:00,7 - Special/Other,,NULL,NULL,NULL,87.710,87.410,NULL,NULL,,,Department of Water Resources,Voluntary,TOO WET12,9,2003
Glenn_01.01.2003-06.21.2013.csv,Glenn,39.4559,-122.0854,W001,2013-09-18 13:29:54,394559N1220854W001,19N02W33K001M,4/1/2004,00:00,,,5.900,0.000,5.900,87.710,87.410,81.810,5.600,UNK - Unknown,Unknown,Department of Water Resources,Voluntary,4,1,2004
Glenn_01.01.2003-06.21.2013.csv,Glenn,39.4559,-122.0854,W001,2013-09-18 13:29:54,394559N1220854W001,19N02W33K001M,4/29/2004,00:00,,,7.000,0.000,7.000,87.710,87.410,80.710,6.700,UNK - Unknown,Unknown,Department of Water Resources,Voluntary,4,29,2004
Glenn_01.01.2003-06.21.2013.csv,Glenn,39.4559,-122.0854,W001,2013-09-18 13:29:54,394559N1220854W001,19N02W33K001M,5/24/2004,00:00,,,5.900,0.000,5.900,87.710,87.410,81.810,5.600,UNK - Unknown,Unknown,Department of Water Resources,Voluntary,5,24,2004
Glenn_01.01.2003-06.21.2013.csv,Glenn,39.4559,-122.0854,W001,2013-09-18 13:29:54,394559N1220854W001,19N02W33K001M,2/11/2004,00:00,,,3.500,0.000,3.500,87.710,87.410,84.210,3.200,UNK - Unknown,Unknown,Department of Water Resources,Voluntary,2,11,2004
Glenn_01.01.2003-06.21.2013.csv,Glenn,39.4559,-122.0854,W001,2013-09-18 13:29:54,394559N1220854W001,19N02W33K001M,7/28/2004,00:00,,,6.400,0.000,6.400,87.710,87.410,81.310,6.100,UNK - Unknown,Unknown,Department of Water Resources,Voluntary,7,28,2004
Glenn_01.01.2003-06.21.2013.csv,Glenn,39.4559,-122.0854,W001,2013-09-18 13:29:54,394559N1220854W001,19N02W33K001M,6/24/2004,00:00,,,7.200,0.000,7.200,87.710,87.410,80.510,6.900,UNK - Unknown,Unknown,Department of Water Resources,Voluntary,6,24,2004
Glenn_01.01.2003-06.21.2013.csv,Glenn,39.4559,-122.0854,W001,2013-09-18 13:29:54,394559N1220854W001,19N02W33K001M,8/23/2004,00:00,,,5.600,0.000,5.600,87.710,87.410,82.110,5.300,UNK - Unknown,Unknown,Department of Water Resources,Voluntary,8,23,2004
Glenn_01.01.2003-06.21.2013.csv,Glenn,39.4559,-122.0854,W001,2013-09-18 13:29:54,394559N1220854W001,19N02W33K001M,9/21/2004,00:00,,,8.700,0.000,8.700,87.710,87.410,79.010,8.400,UNK - Unknown,Unknown,Department of Water Resources,Voluntary,9,21,2004
Glenn_01.01.2003-06.21.2013.csv,Glenn,39.4559,-122.0854,W001,2013-09-18 13:29:54,394559N1220854W001,19N02W33K001M,10/20/2004,00:00,,,10.200,0.000,10.200,87.710,87.410,77.510,9.900,UNK - Unknown,Unknown,Department of Water Resources,Voluntary,10,20,2004
Glenn_01.01.2003-06.21.2013.csv,Glenn,39.4559,-122.0854,W001,2013-09-18 13:29:54,394559N1220854W001,19N02W33K001M,11/22/2004,00:00,,,5.700,0.000,5.700,87.710,87.410,82.010,5.400,UNK - Unknown,Unknown,Department of Water Resources,Voluntary,11,22,2004
Glenn_01.01.2003-06.21.2013.csv,Glenn,39.4559,-122.0854,W001,2013-09-18 13:29:54,394559N1220854W001,19N02W33K001M,3/30/2005,00:00,,,6.200,0.000,6.200,87.710,87.410,81.510,5.900,UNK - Unknown,Unknown,Department of Water Resources,Voluntary,3,30,2005
Glenn_01.01.2003-06.21.2013.csv,Glenn,39.4559,-122.0854,W001,2013-09-18 13:29:54,394559N1220854W001,19N02W33K001M,4/27/2005,00:00,,,6.400,0.000,6.400,87.710,87.410,81.310,6.100,UNK - Unknown,Unknown,Department of Water Resources,Voluntary,4,27,2005
Glenn_01.01.2003-06.21.2013.csv,Glenn,39.4559,-122.0854,W001,2013-09-18 13:29:54,394559N1220854W001,19N02W33K001M,5/24/2005,00:00,,,5.000,0.000,5.000,87.710,87.410,82.710,4.700,UNK - Unknown,Unknown,Department of Water Resources,Voluntary,5,24,2005
Glenn_01.01.2003-06.21.2013.csv,Glenn,39.4559,-122.0854,W001,2013-09-18 13:29:54,394559N1220854W001,19N02W33K001M,6/21/2005,00:00,,,6.200,0.000,6.200,87.710,87.410,81.510,5.900,UNK - Unknown,Unknown,Department of Water Resources,Voluntary,6,21,2005
Glenn_01.01.2003-06.21.2013.csv,Glenn,39.4559,-122.0854,W001,2013-09-18 13:29:54,394559N1220854W001,19N02W33K001M,7/26/2005,00:00,,,6.500,0.000,6.500,87.710,87.410,81.210,6.200,UNK - Unknown,Unknown,Department of Water Resources,Voluntary,7,26,2005
Glenn_01.01.2003-06.21.2013.csv,Glenn,39.4559,-122.0854,W001,2013-09-18 13:29:54,394559N1220854W001,19N02W33K001M,8/23/2005,00:00,,,6.500,0.000,6.500,87.710,87.410,81.210,6.200,UNK - Unknown,Unknown,Department of Water Resources,Voluntary,8,23,2005
Glenn_01.01.2003-06.21.2013.csv,Glenn,39.4559,-122.0854,W001,2013-09-18 13:29:54,394559N1220854W001,19N02W33K001M,9/27/2005,00:00,,,8.600,0.000,8.600,87.710,87.410,79.110,8.300,UNK - Unknown,Unknown,Department of Water Resources,Voluntary,9,27,2005
Glenn_01.01.2003-06.21.2013.csv,Glenn,39.4559,-122.0854,W001,2013-09-18 13:29:54,394559N1220854W001,19N02W33K001M,10/18/2005,00:00,,,11.200,0.000,11.200,87.710,87.410,76.510,10.900,UNK - Unknown,Unknown,Department of Water Resources,Voluntary,10,18,2005
Glenn_01.01.2003-06.21.2013.csv,Glenn,39.4559,-122.0854,W001,2013-09-18 13:29:54,394559N1220854W001,19N02W33K001M,3/28/2006,00:00,,,3.700,0.000,3.700,87.710,87.410,84.010,3.400,UNK - Unknown,Unknown,Department of Water Resources,Voluntary,3,28,2006
Glenn_01.01.2003-06.21.2013.csv,Glenn,39.4559,-122.0854,W001,2013-09-18 13:29:54,394559N1220854W001,19N02W33K001M,5/17/2006,00:00,,,7.100,0.000,7.100,87.710,87.410,80.610,6.800,UNK - Unknown,Unknown,Department of Water Resources,Voluntary,5,17,2006
Glenn_01.01.2003-06.21.2013.csv,Glenn,39.4559,-122.0854,W001,2013-09-18 13:29:54,394559N1220854W001,19N02W33K001M,7/31/2006,00:00,,,6.300,0.000,6.300,87.710,87.410,81.410,6.000,UNK - Unknown,Unknown,Department of Water Resources,Voluntary,7,31,2006
Glenn_01.01.2003-06.21.2013.csv,Glenn,39.4559,-122.0854,W001,2013-09-18 13:29:54,394559N1220854W001,19N02W33K001M,10/11/2006,00:00,,,10.200,0.000,10.200,87.710,87.410,77.510,9.900,UNK - Unknown,Unknown,Department of Water Resources,Voluntary,10,11,2006
Glenn_01.01.2003-06.21.2013.csv,Glenn,39.4559,-122.0854,W001,2013-09-18 13:29:54,394559N1220854W001,19N02W33K001M,3/21/2007,00:00,,,6.600,0.000,6.600,87.710,87.410,81.110,6.300,UNK - Unknown,Unknown,Department of Water Resources,Voluntary,3,21,2007
Glenn_01.01.2003-06.21.2013.csv,Glenn,39.4559,-122.0854,W001,2013-09-18 13:29:54,394559N1220854W001,19N02W33K001M,8/7/2007,00:00,,,7.000,0.000,7.000,87.710,87.410,80.710,6.700,UNK - Unknown,Unknown,Department of Water Resources,Voluntary,8,7,2007
Glenn_01.01.2003-06.21.2013.csv,Glenn,39.4559,-122.0854,W001,2013-09-18 13:29:54,394559N1220854W001,19N02W33K001M,10/15/2007,00:00,,,9.700,0.000,9.700,87.710,87.410,78.010,9.400,UNK - Unknown,Unknown,Department of Water Resources,Voluntary,10,15,2007
Glenn_01.01.2003-06.21.2013.csv,Glenn,39.4559,-122.0854,W001,2013-09-18 13:29:54,394559N1220854W001,19N02W33K001M,1/18/2008,00:00,7 - Special/Other,,NULL,NULL,NULL,87.710,87.410,NULL,NULL,,,Department of Water Resources,Voluntary,1,18,2008
Glenn_01.01.2003-06.21.2013.csv,Glenn,39.4559,-122.0854,W001,2013-09-18 13:29:54,394559N1220854W001,19N02W33K001M,3/11/2008,00:00,,,5.010,0.000,5.010,87.710,87.410,82.700,4.710,UNK - Unknown,Unknown,Department of Water Resources,Voluntary,3,11,2008
Glenn_01.01.2003-06.21.2013.csv,Glenn,39.4559,-122.0854,W001,2013-09-18 13:29:54,394559N1220854W001,19N02W33K001M,8/5/2008,00:00,,,7.500,0.000,7.500,87.710,87.410,80.210,7.200,UNK - Unknown,Unknown,Department of Water Resources,Voluntary,8,5,2008
Glenn_01.01.2003-06.21.2013.csv,Glenn,39.4559,-122.0854,W001,2013-09-18 13:29:54,394559N1220854W001,19N02W33K001M,10/20/2008,00:00,,,9.580,0.000,9.580,87.710,87.410,78.130,9.280,UNK - Unknown,Unknown,Department of Water Resources,Voluntary,10,20,2008
Glenn_01.01.2003-06.21.2013.csv,Glenn,39.4559,-122.0854,W001,2013-09-18 13:29:54,394559N1220854W001,19N02W33K001M,1/13/2009,00:00,,,9.700,0.000,9.700,87.710,87.410,78.010,9.400,UNK - Unknown,Unknown,Department of Water Resources,Voluntary,1,13,2009
Glenn_01.01.2003-06.21.2013.csv,Glenn,39.4559,-122.0854,W001,2013-09-18 13:29:54,394559N1220854W001,19N02W33K001M,2/2/2009,00:00,,,5.530,0.000,5.530,87.710,87.410,82.180,5.230,UNK - Unknown,Unknown,Department of Water Resources,Voluntary,2,2,2009
Glenn_01.01.2003-06.21.2013.csv,Glenn,39.4559,-122.0854,W001,2013-09-18 13:29:54,394559N1220854W001,19N02W33K001M,3/26/2009,00:00,,,6.040,0.000,6.040,87.710,87.410,81.670,5.740,UNK - Unknown,Unknown,Department of Water Resources,Voluntary,3,26,2009
Glenn_01.01.2003-06.21.2013.csv,Glenn,39.4559,-122.0854,W001,2013-09-18 13:29:54,394559N1220854W001,19N02W33K001M,5/12/2009,00:00,,,7.930,0.000,7.930,87.710,87.410,79.780,7.630,UNK - Unknown,Unknown,Department of Water Resources,Voluntary,5,12,2009
Glenn_01.01.2003-06.21.2013.csv,Glenn,39.4559,-122.0854,W001,2013-09-18 13:29:54,394559N1220854W001,19N02W33K001M,6/24/2009,00:00,,,8.960,0.000,8.960,87.710,87.410,78.750,8.660,UNK - Unknown,Unknown,Department of Water Resources,Voluntary,6,24,2009
Glenn_01.01.2003-06.21.2013.csv,Glenn,39.4559,-122.0854,W001,2013-09-18 13:29:54,394559N1220854W001,19N02W33K001M,8/4/2009,00:00,,,7.530,0.000,7.530,87.710,87.410,80.180,7.230,UNK - Unknown,Unknown,Department of Water Resources,Voluntary,8,4,2009
Glenn_01.01.2003-06.21.2013.csv,Glenn,39.4559,-122.0854,W001,2013-09-18 13:29:54,394559N1220854W001,19N02W33K001M,9/14/2009,00:00,,,5.620,0.000,5.620,87.710,87.410,82.090,5.320,UNK - Unknown,Unknown,Department of Water Resources,Voluntary,9,14,2009
Glenn_01.01.2003-06.21.2013.csv,Glenn,39.4559,-122.0854,W001,2013-09-18 13:29:54,394559N1220854W001,19N02W33K001M,10/21/2009,00:00,,,10.670,0.000,10.670,87.710,87.410,77.040,10.370,UNK - Unknown,Unknown,Department of Water Resources,Voluntary,10,21,2009
Glenn_01.01.2003-06.21.2013.csv,Glenn,39.4559,-122.0854,W001,2013-09-18 13:29:54,394559N1220854W001,19N02W33K001M,3/23/2010,00:00,,,5.810,0.000,5.810,87.710,87.410,81.900,5.510,UNK - Unknown,Unknown,Department of Water Resources,Voluntary,3,23,2010
Glenn_01.01.2003-06.21.2013.csv,Glenn,39.4559,-122.0854,W001,2013-09-18 13:29:54,394559N1220854W001,19N02W33K001M,8/4/2010,00:00,,,5.360,0.000,5.360,87.710,87.410,82.350,5.060,UNK - Unknown,Unknown,Department of Water Resources,Voluntary,8,4,2010
Glenn_01.01.2003-06.21.2013.csv,Glenn,39.4559,-122.0854,W001,2013-09-18 13:29:54,394559N1220854W001,19N02W33K001M,10/19/2010,00:00,,,11.220,0.000,11.220,87.710,87.410,76.490,10.920,UNK - Unknown,Unknown,Department of Water Resources,Voluntary,10,19,2010
Glenn_01.01.2003-06.21.2013.csv,Glenn,39.4559,-122.0854,W001,2013-09-18 13:29:54,394559N1220854W001,19N02W33K001M,4/4/2011,00:00,,,3.820,0.000,3.820,87.710,87.410,83.890,3.520,UNK - Unknown,Unknown,Department of Water Resources,Voluntary,4,4,2011
Glenn_01.01.2003-06.21.2013.csv,Glenn,39.4559,-122.0854,W001,2013-09-18 13:29:54,394559N1220854W001,19N02W33K001M,8/2/2011,00:00,,,5.920,0.000,5.920,87.710,87.410,81.790,5.620,UNK - Unknown,Unknown,Department of Water Resources,Voluntary,8,2,2011
Glenn_01.01.2003-06.21.2013.csv,Glenn,39.4559,-122.0854,W001,2013-09-18 13:29:54,394559N1220854W001,19N02W33K001M,10/11/2011,00:00,,,8.120,0.000,8.120,87.710,87.410,79.590,7.820,UNK - Unknown,Unknown,Department of Water Resources,Voluntary,10,11,2011
Glenn_01.01.2003-06.21.2013.csv,Glenn,39.4559,-122.0854,W001,2013-09-18 13:29:54,394559N1220854W001,19N02W33K001M,3/18/2013,00:00,,,6.870,0.000,6.870,87.710,87.410,80.840,6.570,ES - Electric sounder measurement,0.01 Ft,Department of Water Resources,CASGEM,3,18,2013
Glenn_01.01.2003-06.21.2013.csv,Glenn,39.4564,-122.0246,W001,2013-09-18 13:29:54,394564N1220246W001,19N02W36H001M,10/11/2011,00:00,,,10.590,0.000,10.590,84.790,83.790,74.200,9.590,ES - Electric sounder measurement,0.01 Ft,Department of Water Resources,Voluntary,10,11,2011
Glenn_01.01.2003-06.21.2013.csv,Glenn,39.4564,-122.0246,W001,2013-09-18 13:29:54,394564N1220246W001,19N02W36H001M,3/27/2012,00:00,,,11.540,0.000,11.540,84.790,83.790,73.250,10.540,ES - Electric sounder measurement,0.01 Ft,Department of Water Resources,Voluntary,3,27,2012
Glenn_01.01.2003-06.21.2013.csv,Glenn,39.4564,-122.0246,W001,2013-09-18 13:29:54,394564N1220246W001,19N02W36H001M,7/31/2012,00:00,,,6.360,0.000,6.360,84.790,83.790,78.430,5.360,ES - Electric sounder measurement,0.01 Ft,Department of Water Resources,Voluntary,7,31,2012
Glenn_01.01.2003-06.21.2013.csv,Glenn,39.4564,-122.0246,W001,2013-09-18 13:29:54,394564N1220246W001,19N02W36H001M,10/16/2012,00:00,,,12.340,0.000,12.340,84.790,83.790,72.450,11.340,ES - Electric sounder measurement,0.01 Ft,Department of Water Resources,Voluntary,10,16,2012
Glenn_01.01.2003-06.21.2013.csv,Glenn,39.4564,-122.0246,W001,2013-09-18 13:29:54,394564N1220246W001,19N02W36H001M,3/11/2003,00:00,,,6.800,0.000,6.800,84.790,83.790,77.990,5.800,UNK - Unknown,Unknown,Department of Water Resources,Voluntary,3,11,2003
Glenn_01.01.2003-06.21.2013.csv,Glenn,39.4564,-122.0246,W001,2013-09-18 13:29:54,394564N1220246W001,19N02W36H001M,4/10/2003,00:00,,,8.000,0.000,8.000,84.790,83.790,76.790,7.000,UNK - Unknown,Unknown,Department of Water Resources,Voluntary,4,10,2003
Glenn_01.01.2003-06.21.2013.csv,Glenn,39.4564,-122.0246,W001,2013-09-18 13:29:54,394564N1220246W001,19N02W36H001M,5/19/2003,00:00,,,3.600,0.000,3.600,84.790,83.790,81.190,2.600,UNK - Unknown,Unknown,Department of Water Resources,Voluntary,5,19,2003
Glenn_01.01.2003-06.21.2013.csv,Glenn,39.4564,-122.0246,W001,2013-09-18 13:29:54,394564N1220246W001,19N02W36H001M,6/19/2003,00:00,,,3.400,0.000,3.400,84.790,83.790,81.390,2.400,UNK - Unknown,Unknown,Department of Water Resources,Voluntary,6,19,2003
Glenn_01.01.2003-06.21.2013.csv,Glenn,39.4564,-122.0246,W001,2013-09-18 13:29:54,394564N1220246W001,19N02W36H001M,7/29/2003,00:00,,,3.100,0.000,3.100,84.790,83.790,81.690,2.100,UNK - Unknown,Unknown,Department of Water Resources,Voluntary,7,29,2003
Glenn_01.01.2003-06.21.2013.csv,Glenn,39.4564,-122.0246,W001,2013-09-18 13:29:54,394564N1220246W001,19N02W36H001M,8/29/2003,00:00,,,3.400,0.000,3.400,84.790,83.790,81.390,2.400,UNK - Unknown,Unknown,Department of Water Resources,Voluntary,8,29,2003
Glenn_01.01.2003-06.21.2013.csv,Glenn,39.4564,-122.0246,W001,2013-09-18 13:29:54,394564N1220246W001,19N02W36H001M,9/17/2003,00:00,,,7.700,0.000,7.700,84.790,83.790,77.090,6.700,UNK - Unknown,Unknown,Department of Water Resources,Voluntary,9,17,2003
Glenn_01.01.2003-06.21.2013.csv,Glenn,39.4564,-122.0246,W001,2013-09-18 13:29:54,394564N1220246W001,19N02W36H001M,10/14/2003,00:00,,,8.200,0.000,8.200,84.790,83.790,76.590,7.200,UNK - Unknown,Unknown,Department of Water Resources,Voluntary,10,14,2003
Glenn_01.01.2003-06.21.2013.csv,Glenn,39.4564,-122.0246,W001,2013-09-18 13:29:54,394564N1220246W001,19N02W36H001M,11/18/2003,00:00,,,5.700,0.000,5.700,84.790,83.790,79.090,4.700,UNK - Unknown,Unknown,Department of Water Resources,Voluntary,11,18,2003
Glenn_01.01.2003-06.21.2013.csv,Glenn,39.4564,-122.0246,W001,2013-09-18 13:29:54,394564N1220246W001,19N02W36H001M,4/1/2004,00:00,,,6.200,0.000,6.200,84.790,83.790,78.590,5.200,UNK - Unknown,Unknown,Department of Water Resources,Voluntary,4,1,2004
Glenn_01.01.2003-06.21.2013.csv,Glenn,39.4564,-122.0246,W001,2013-09-18 13:29:54,394564N1220246W001,19N02W36H001M,4/29/2004,00:00,,1 - Pumping,9.100,0.000,9.100,84.790,83.790,75.690,8.100,UNK - Unknown,Unknown,Department of Water Resources,Voluntary,4,29,2004
Glenn_01.01.2003-06.21.2013.csv,Glenn,39.4564,-122.0246,W001,2013-09-18 13:29:54,394564N1220246W001,19N02W36H001M,5/25/2004,00:00,,,3.300,0.000,3.300,84.790,83.790,81.490,2.300,UNK - Unknown,Unknown,Department of Water Resources,Voluntary,5,25,2004
Glenn_01.01.2003-06.21.2013.csv,Glenn,39.4564,-122.0246,W001,2013-09-18 13:29:54,394564N1220246W001,19N02W36H001M,6/23/2004,00:00,,,3.200,0.000,3.200,84.790,83.790,81.590,2.200,UNK - Unknown,Unknown,Department of Water Resources,Voluntary,6,23,2004
Glenn_01.01.2003-06.21.2013.csv,Glenn,39.4564,-122.0246,W001,2013-09-18 13:29:54,394564N1220246W001,19N02W36H001M,7/28/2004,00:00,,,3.200,0.000,3.200,84.790,83.790,81.590,2.200,UNK - Unknown,Unknown,Department of Water Resources,Voluntary,7,28,2004
Glenn_01.01.2003-06.21.2013.csv,Glenn,39.4564,-122.0246,W001,2013-09-18 13:29:54,394564N1220246W001,19N02W36H001M,8/23/2004,00:00,,,2.900,0.000,2.900,84.790,83.790,81.890,1.900,UNK - Unknown,Unknown,Department of Water Resources,Voluntary,8,23,2004
Glenn_01.01.2003-06.21.2013.csv,Glenn,39.4564,-122.0246,W001,2013-09-18 13:29:54,394564N1220246W001,19N02W36H001M,9/21/2004,00:00,,,9.000,0.000,9.000,84.790,83.790,75.790,8.000,UNK - Unknown,Unknown,Department of Water Resources,Voluntary,9,21,2004
Glenn_01.01.2003-06.21.2013.csv,Glenn,39.4564,-122.0246,W001,2013-09-18 13:29:54,394564N1220246W001,19N02W36H001M,10/19/2004,00:00,,,12.200,0.000,12.200,84.790,83.790,72.590,11.200,UNK - Unknown,Unknown,Department of Water Resources,Voluntary,10,19,2004
Glenn_01.01.2003-06.21.2013.csv,Glenn,39.4564,-122.0246,W001,2013-09-18 13:29:54,394564N1220246W001,19N02W36H001M,11/17/2004,00:00,,,6.000,0.000,6.000,84.790,83.790,78.790,5.000,UNK - Unknown,Unknown,Department of Water Resources,Voluntary,11,17,2004
Glenn_01.01.2003-06.21.2013.csv,Glenn,39.4564,-122.0246,W001,2013-09-18 13:29:54,394564N1220246W001,19N02W36H001M,3/30/2005,00:00,,,8.300,0.000,8.300,84.790,83.790,76.490,7.300,UNK - Unknown,Unknown,Department of Water Resources,Voluntary,3,30,2005
Glenn_01.01.2003-06.21.2013.csv,Glenn,39.4564,-122.0246,W001,2013-09-18 13:29:54,394564N1220246W001,19N02W36H001M,4/27/2005,00:00,,,7.500,0.000,7.500,84.790,83.790,77.290,6.500,UNK - Unknown,Unknown,Department of Water Resources,Voluntary,4,27,2005
Glenn_01.01.2003-06.21.2013.csv,Glenn,39.4564,-122.0246,W001,2013-09-18 13:29:54,394564N1220246W001,19N02W36H001M,5/24/2005,00:00,,,3.800,0.000,3.800,84.790,83.790,80.990,2.800,UNK - Unknown,Unknown,Department of Water Resources,Voluntary,5,24,2005
Glenn_01.01.2003-06.21.2013.csv,Glenn,39.4564,-122.0246,W001,2013-09-18 13:29:54,394564N1220246W001,19N02W36H001M,6/21/2005,00:00,,,3.000,0.000,3.000,84.790,83.790,81.790,2.000,UNK - Unknown,Unknown,Department of Water Resources,Voluntary,6,21,2005
Glenn_01.01.2003-06.21.2013.csv,Glenn,39.4564,-122.0246,W001,2013-09-18 13:29:54,394564N1220246W001,19N02W36H001M,7/26/2005,00:00,,,2.900,0.000,2.900,84.790,83.790,81.890,1.900,UNK - Unknown,Unknown,Department of Water Resources,Voluntary,7,26,2005
Glenn_01.01.2003-06.21.2013.csv,Glenn,39.4564,-122.0246,W001,2013-09-18 13:29:54,394564N1220246W001,19N02W36H001M,8/23/2005,00:00,,,2.700,0.000,2.700,84.790,83.790,82.090,1.700,UNK - Unknown,Unknown,Department of Water Resources,Voluntary,8,23,2005
Glenn_01.01.2003-06.21.2013.csv,Glenn,39.4564,-122.0246,W001,2013-09-18 13:29:54,394564N1220246W001,19N02W36H001M,9/27/2005,00:00,,,8.500,0.000,8.500,84.790,83.790,76.290,7.500,UNK - Unknown,Unknown,Department of Water Resources,Voluntary,9,27,2005
Glenn_01.01.2003-06.21.2013.csv,Glenn,39.4564,-122.0246,W001,2013-09-18 13:29:54,394564N1220246W001,19N02W36H001M,10/18/2005,00:00,,,10.400,0.000,10.400,84.790,83.790,74.390,9.400,UNK - Unknown,Unknown,Department of Water Resources,Voluntary,10,18,2005
Glenn_01.01.2003-06.21.2013.csv,Glenn,39.4564,-122.0246,W001,2013-09-18 13:29:54,394564N1220246W001,19N02W36H001M,3/28/2006,00:00,,,3.200,0.000,3.200,84.790,83.790,81.590,2.200,UNK - Unknown,Unknown,Department of Water Resources,Voluntary,3,28,2006
Glenn_01.01.2003-06.21.2013.csv,Glenn,39.4564,-122.0246,W001,2013-09-18 13:29:54,394564N1220246W001,19N02W36H001M,5/17/2006,00:00,,,2.300,0.000,2.300,84.790,83.790,82.490,1.300,UNK - Unknown,Unknown,Department of Water Resources,Voluntary,5,17,2006
Glenn_01.01.2003-06.21.2013.csv,Glenn,39.4564,-122.0246,W001,2013-09-18 13:29:54,394564N1220246W001,19N02W36H001M,7/31/2006,00:00,,,2.600,0.000,2.600,84.790,83.790,82.190,1.600,UNK - Unknown,Unknown,Department of Water Resources,Voluntary,7,31,2006
Glenn_01.01.2003-06.21.2013.csv,Glenn,39.4564,-122.0246,W001,2013-09-18 13:29:54,394564N1220246W001,19N02W36H001M,10/11/2006,00:00,,,10.000,0.000,10.000,84.790,83.790,74.790,9.000,UNK - Unknown,Unknown,Department of Water Resources,Voluntary,10,11,2006
Glenn_01.01.2003-06.21.2013.csv,Glenn,39.4564,-122.0246,W001,2013-09-18 13:29:54,394564N1220246W001,19N02W36H001M,3/21/2007,00:00,,,10.500,0.000,10.500,84.790,83.790,74.290,9.500,UNK - Unknown,Unknown,Department of Water Resources,Voluntary,3,21,2007
Glenn_01.01.2003-06.21.2013.csv,Glenn,39.4564,-122.0246,W001,2013-09-18 13:29:54,394564N1220246W001,19N02W36H001M,8/7/2007,00:00,,,3.000,0.000,3.000,84.790,83.790,81.790,2.000,UNK - Unknown,Unknown,Department of Water Resources,Voluntary,8,7,2007
Glenn_01.01.2003-06.21.2013.csv,Glenn,39.4564,-122.0246,W001,2013-09-18 13:29:54,394564N1220246W001,19N02W36H001M,10/15/2007,00:00,,,5.780,0.000,5.780,84.790,83.790,79.010,4.780,UNK - Unknown,Unknown,Department of Water Resources,Voluntary,10,15,2007
Glenn_01.01.2003-06.21.2013.csv,Glenn,39.4564,-122.0246,W001,2013-09-18 13:29:54,394564N1220246W001,19N02W36H001M,3/11/2008,00:00,,,8.480,0.000,8.480,84.790,83.790,76.310,7.480,UNK - Unknown,Unknown,Department of Water Resources,Voluntary,3,11,2008
Glenn_01.01.2003-06.21.2013.csv,Glenn,39.4564,-122.0246,W001,2013-09-18 13:29:54,394564N1220246W001,19N02W36H001M,8/5/2008,00:00,,,2.730,0.000,2.730,84.790,83.790,82.060,1.730,UNK - Unknown,Unknown,Department of Water Resources,Voluntary,8,5,2008
Glenn_01.01.2003-06.21.2013.csv,Glenn,39.4564,-122.0246,W001,2013-09-18 13:29:54,394564N1220246W001,19N02W36H001M,10/20/2008,00:00,,,5.100,0.000,5.100,84.790,83.790,79.690,4.100,UNK - Unknown,Unknown,Department of Water Resources,Voluntary,10,20,2008
Glenn_01.01.2003-06.21.2013.csv,Glenn,39.4564,-122.0246,W001,2013-09-18 13:29:54,394564N1220246W001,19N02W36H001M,1/13/2009,00:00,,,10.800,0.000,10.800,84.790,83.790,73.990,9.800,UNK - Unknown,Unknown,Department of Water Resources,Voluntary,1,13,2009
Glenn_01.01.2003-06.21.2013.csv,Glenn,39.4564,-122.0246,W001,2013-09-18 13:29:54,394564N1220246W001,19N02W36H001M,3/26/2009,00:00,,,9.400,0.000,9.400,84.790,83.790,75.390,8.400,UNK - Unknown,Unknown,Department of Water Resources,Voluntary,3,26,2009
Glenn_01.01.2003-06.21.2013.csv,Glenn,39.4564,-122.0246,W001,2013-09-18 13:29:54,394564N1220246W001,19N02W36H001M,5/12/2009,00:00,,,3.600,0.000,3.600,84.790,83.790,81.190,2.600,UNK - Unknown,Unknown,Department of Water Resources,Voluntary,5,12,2009
Glenn_01.01.2003-06.21.2013.csv,Glenn,39.4564,-122.0246,W001,2013-09-18 13:29:54,394564N1220246W001,19N02W36H001M,6/24/2009,00:00,,,3.720,0.000,3.720,84.790,83.790,81.070,2.720,UNK - Unknown,Unknown,Department of Water Resources,Voluntary,6,24,2009
Glenn_01.01.2003-06.21.2013.csv,Glenn,39.4564,-122.0246,W001,2013-09-18 13:29:54,394564N1220246W001,19N02W36H001M,8/4/2009,00:00,,,3.100,0.000,3.100,84.790,83.790,81.690,2.100,UNK - Unknown,Unknown,Department of Water Resources,Voluntary,8,4,2009
Glenn_01.01.2003-06.21.2013.csv,Glenn,39.4564,-122.0246,W001,2013-09-18 13:29:54,394564N1220246W001,19N02W36H001M,9/14/2009,00:00,,,7.190,0.000,7.190,84.790,83.790,77.600,6.190,UNK - Unknown,Unknown,Department of Water Resources,Voluntary,9,14,2009
Glenn_01.01.2003-06.21.2013.csv,Glenn,39.4564,-122.0246,W001,2013-09-18 13:29:54,394564N1220246W001,19N02W36H001M,10/21/2009,00:00,,,5.310,0.000,5.310,84.790,83.790,79.480,4.310,UNK - Unknown,Unknown,Department of Water Resources,Voluntary,10,21,2009
Glenn_01.01.2003-06.21.2013.csv,Glenn,39.4564,-122.0246,W001,2013-09-18 13:29:54,394564N1220246W001,19N02W36H001M,3/23/2010,00:00,,,7.800,0.000,7.800,84.790,83.790,76.990,6.800,UNK - Unknown,Unknown,Department of Water Resources,Voluntary,3,23,2010
Glenn_01.01.2003-06.21.2013.csv,Glenn,39.4564,-122.0246,W001,2013-09-18 13:29:54,394564N1220246W001,19N02W36H001M,8/4/2010,00:00,,,3.520,0.000,3.520,84.790,83.790,81.270,2.520,UNK - Unknown,Unknown,Department of Water Resources,Voluntary,8,4,2010
Glenn_01.01.2003-06.21.2013.csv,Glenn,39.4564,-122.0246,W001,2013-09-18 13:29:54,394564N1220246W001,19N02W36H001M,10/19/2010,00:00,,,11.750,0.000,11.750,84.790,83.790,73.040,10.750,UNK - Unknown,Unknown,Department of Water Resources,Voluntary,10,19,2010
Glenn_01.01.2003-06.21.2013.csv,Glenn,39.4564,-122.0246,W001,2013-09-18 13:29:54,394564N1220246W001,19N02W36H001M,4/4/2011,00:00,,,2.720,0.000,2.720,84.790,83.790,82.070,1.720,UNK - Unknown,Unknown,Department of Water Resources,Voluntary,4,4,2011
Glenn_01.01.2003-06.21.2013.csv,Glenn,39.4564,-122.0246,W001,2013-09-18 13:29:54,394564N1220246W001,19N02W36H001M,8/2/2011,00:00,,,4.790,0.000,4.790,84.790,83.790,80.000,3.790,UNK - Unknown,Unknown,Department of Water Resources,Voluntary,8,2,2011
Glenn_01.01.2003-06.21.2013.csv,Glenn,39.4564,-122.0246,W001,2013-09-18 13:29:54,394564N1220246W001,19N02W36H001M,10/11/2011,00:00,,,10.590,0.000,10.590,84.790,83.790,74.200,9.590,UNK - Unknown,Unknown,Department of Water Resources,Voluntary,10,11,2011
Glenn_01.01.2003-06.21.2013.csv,Glenn,39.4564,-122.0246,W001,2013-09-18 13:29:54,394564N1220246W001,19N02W36H001M,3/18/2013,00:00,,,11.390,0.000,11.390,84.790,83.790,73.400,10.390,ES - Electric sounder measurement,0.01 Ft,Department of Water Resources,Voluntary,3,18,2013
Glenn_01.01.2003-06.21.2013.csv,Glenn,39.4574,-122.0005,W001,2013-09-18 13:29:54,394574N1220005W001,Fish and Wildlife-Sol Norte,10/11/2011,00:00,,,22.560,0.000,22.560,93.032,89.262,70.472,18.790,ES - Electric sounder measurement,0.01 Ft,Department of Water Resources,Voluntary,10,11,2011
Glenn_01.01.2003-06.21.2013.csv,Glenn,39.4574,-122.0005,W001,2013-09-18 13:29:54,394574N1220005W001,Fish and Wildlife-Sol Norte,3/28/2012,00:00,,,22.310,0.000,22.310,93.032,89.262,70.722,18.540,ES - Electric sounder measurement,0.01 Ft,Department of Water Resources,Voluntary,3,28,2012
Glenn_01.01.2003-06.21.2013.csv,Glenn,39.4574,-122.0005,W001,2013-09-18 13:29:54,394574N1220005W001,Fish and Wildlife-Sol Norte,7/31/2012,00:00,,,23.850,0.000,23.850,93.032,89.262,69.182,20.080,ES - Electric sounder measurement,0.01 Ft,Department of Water Resources,Voluntary,7,31,2012
Glenn_01.01.2003-06.21.2013.csv,Glenn,39.4574,-122.0005,W001,2013-09-18 13:29:54,394574N1220005W001,Fish and Wildlife-Sol Norte,10/16/2012,00:00,,,24.210,0.000,24.210,93.032,89.262,68.822,20.440,ES - Electric sounder measurement,0.01 Ft,Department of Water Resources,Voluntary,10,16,2012
Glenn_01.01.2003-06.21.2013.csv,Glenn,39.4574,-122.0005,W001,2013-09-18 13:29:54,394574N1220005W001,Fish and Wildlife-Sol Norte,3/18/2013,00:00,,,22.370,0.000,22.370,93.032,89.262,70.662,18.600,ES - Electric sounder measurement,0.01 Ft,Department of Water Resources,Voluntary,3,18,2013
Glenn_01.01.2003-06.21.2013.csv,Glenn,39.4574,-122.0005,W001,2013-09-18 13:29:54,394574N1220005W001,Fish and Wildlife-Sol Norte,8/25/2005,00:00,,,23.000,0.000,23.000,93.032,89.262,70.032,19.230,UNK - Unknown,Unknown,Department of Water Resources,Voluntary,8,25,2005
Glenn_01.01.2003-06.21.2013.csv,Glenn,39.4574,-122.0005,W001,2013-09-18 13:29:54,394574N1220005W001,Fish and Wildlife-Sol Norte,9/27/2005,00:00,,,23.200,0.000,23.200,93.032,89.262,69.832,19.430,UNK - Unknown,Unknown,Department of Water Resources,Voluntary,9,27,2005
Glenn_01.01.2003-06.21.2013.csv,Glenn,39.4574,-122.0005,W001,2013-09-18 13:29:54,394574N1220005W001,Fish and Wildlife-Sol Norte,10/18/2005,00:00,,,23.300,0.000,23.300,93.032,89.262,69.732,19.530,UNK - Unknown,Unknown,Department of Water Resources,Voluntary,10,18,2005
Glenn_01.01.2003-06.21.2013.csv,Glenn,39.4574,-122.0005,W001,2013-09-18 13:29:54,394574N1220005W001,Fish and Wildlife-Sol Norte,3/28/2006,00:00,,,12.100,0.000,12.100,93.032,89.262,80.932,8.330,UNK - Unknown,Unknown,Department of Water Resources,Voluntary,3,28,2006
Glenn_01.01.2003-06.21.2013.csv,Glenn,39.4574,-122.0005,W001,2013-09-18 13:29:54,394574N1220005W001,Fish and Wildlife-Sol Norte,5/17/2006,00:00,,,15.800,0.000,15.800,93.032,89.262,77.232,12.030,UNK - Unknown,Unknown,Department of Water Resources,Voluntary,5,17,2006
Glenn_01.01.2003-06.21.2013.csv,Glenn,39.4574,-122.0005,W001,2013-09-18 13:29:54,394574N1220005W001,Fish and Wildlife-Sol Norte,7/31/2006,00:00,,,21.100,0.000,21.100,93.032,89.262,71.932,17.330,UNK - Unknown,Unknown,Department of Water Resources,Voluntary,7,31,2006
Glenn_01.01.2003-06.21.2013.csv,Glenn,39.4574,-122.0005,W001,2013-09-18 13:29:54,394574N1220005W001,Fish and Wildlife-Sol Norte,10/11/2006,00:00,,,22.600,0.000,22.600,93.032,89.262,70.432,18.830,UNK - Unknown,Unknown,Department of Water Resources,Voluntary,10,11,2006
Glenn_01.01.2003-06.21.2013.csv,Glenn,39.4574,-122.0005,W001,2013-09-18 13:29:54,394574N1220005W001,Fish and Wildlife-Sol Norte,3/21/2007,00:00,,,21.690,0.000,21.690,93.032,89.262,71.342,17.920,UNK - Unknown,Unknown,Department of Water Resources,Voluntary,3,21,2007
Glenn_01.01.2003-06.21.2013.csv,Glenn,39.4574,-122.0005,W001,2013-09-18 13:29:54,394574N1220005W001,Fish and Wildlife-Sol Norte,8/7/2007,00:00,9 - Temporarily inaccessible,,NULL,NULL,NULL,93.032,89.262,NULL,NULL,,,Department of Water Resources,Voluntary,8,7,2007
Glenn_01.01.2003-06.21.2013.csv,Glenn,39.4574,-122.0005,W001,2013-09-18 13:29:54,394574N1220005W001,Fish and Wildlife-Sol Norte,3/11/2008,00:00,,,20.850,0.000,20.850,93.032,89.262,72.182,17.080,UNK - Unknown,Unknown,Department of Water Resources,Voluntary,3,11,2008
Glenn_01.01.2003-06.21.2013.csv,Glenn,39.4574,-122.0005,W001,2013-09-18 13:29:54,394574N1220005W001,Fish and Wildlife-Sol Norte,8/5/2008,00:00,,,22.860,0.000,22.860,93.032,89.262,70.172,19.090,UNK - Unknown,Unknown,Department of Water Resources,Voluntary,8,5,2008
Glenn_01.01.2003-06.21.2013.csv,Glenn,39.4574,-122.0005,W001,2013-09-18 13:29:54,394574N1220005W001,Fish and Wildlife-Sol Norte,10/20/2008,00:00,9 - Temporarily inaccessible,,NULL,NULL,NULL,93.032,89.262,NULL,NULL,,,Department of Water Resources,Voluntary,10,20,2008
Glenn_01.01.2003-06.21.2013.csv,Glenn,39.4574,-122.0005,W001,2013-09-18 13:29:54,394574N1220005W001,Fish and Wildlife-Sol Norte,1/13/2009,00:00,9 - Temporarily inaccessible,,NULL,NULL,NULL,93.032,89.262,NULL,NULL,,,Department of Water Resources,Voluntary,1,13,2009
Glenn_01.01.2003-06.21.2013.csv,Glenn,39.4574,-122.0005,W001,2013-09-18 13:29:54,394574N1220005W001,Fish and Wildlife-Sol Norte,3/26/2009,00:00,9 - Temporarily inaccessible,,NULL,NULL,NULL,93.032,89.262,NULL,NULL,,,Department of Water Resources,Voluntary,3,26,2009
Glenn_01.01.2003-06.21.2013.csv,Glenn,39.4574,-122.0005,W001,2013-09-18 13:29:54,394574N1220005W001,Fish and Wildlife-Sol Norte,5/12/2009,00:00,9 - Temporarily inaccessible,,NULL,NULL,NULL,93.032,89.262,NULL,NULL,,,Department of Water Resources,Voluntary,5,12,2009
Glenn_01.01.2003-06.21.2013.csv,Glenn,39.4574,-122.0005,W001,2013-09-18 13:29:54,394574N1220005W001,Fish and Wildlife-Sol Norte,6/24/2009,00:00,9 - Temporarily inaccessible,,NULL,NULL,NULL,93.032,89.262,NULL,NULL,,,Department of Water Resources,Voluntary,6,24,2009
Glenn_01.01.2003-06.21.2013.csv,Glenn,39.4574,-122.0005,W001,2013-09-18 13:29:54,394574N1220005W001,Fish and Wildlife-Sol Norte,8/6/2009,00:00,9 - Temporarily inaccessible,,NULL,NULL,NULL,93.032,89.262,NULL,NULL,,,Department of Water Resources,Voluntary,8,6,2009
Glenn_01.01.2003-06.21.2013.csv,Glenn,39.4574,-122.0005,W001,2013-09-18 13:29:54,394574N1220005W001,Fish and Wildlife-Sol Norte,9/14/2009,00:00,9 - Temporarily inaccessible,,NULL,NULL,NULL,93.032,89.262,NULL,NULL,,,Department of Water Resources,Voluntary,9,14,2009
Glenn_01.01.2003-06.21.2013.csv,Glenn,39.4574,-122.0005,W001,2013-09-18 13:29:54,394574N1220005W001,Fish and Wildlife-Sol Norte,10/21/2009,00:00,9 - Temporarily inaccessible,,NULL,NULL,NULL,93.032,89.262,NULL,NULL,,,Department of Water Resources,Voluntary,10,21,2009
Glenn_01.01.2003-06.21.2013.csv,Glenn,39.4574,-122.0005,W001,2013-09-18 13:29:54,394574N1220005W001,Fish and Wildlife-Sol Norte,3/23/2010,00:00,,,20.170,0.000,20.170,93.032,89.262,72.862,16.400,UNK - Unknown,Unknown,Department of Water Resources,Voluntary,3,23,2010
Glenn_01.01.2003-06.21.2013.csv,Glenn,39.4574,-122.0005,W001,2013-09-18 13:29:54,394574N1220005W001,Fish and Wildlife-Sol Norte,8/4/2010,00:00,9 - Temporarily inaccessible,,NULL,NULL,NULL,93.032,89.262,NULL,NULL,,,Department of Water Resources,Voluntary,8,4,2010
Glenn_01.01.2003-06.21.2013.csv,Glenn,39.4574,-122.0005,W001,2013-09-18 13:29:54,394574N1220005W001,Fish and Wildlife-Sol Norte,10/19/2010,00:00,,,23.770,0.000,23.770,93.032,89.262,69.262,20.000,UNK - Unknown,Unknown,Department of Water Resources,Voluntary,10,19,2010
Glenn_01.01.2003-06.21.2013.csv,Glenn,39.4574,-122.0005,W001,2013-09-18 13:29:54,394574N1220005W001,Fish and Wildlife-Sol Norte,4/4/2011,00:00,,,9.550,0.000,9.550,93.032,89.262,83.482,5.780,UNK - Unknown,Unknown,Department of Water Resources,Voluntary,4,4,2011
Glenn_01.01.2003-06.21.2013.csv,Glenn,39.4574,-122.0005,W001,2013-09-18 13:29:54,394574N1220005W001,Fish and Wildlife-Sol Norte,8/2/2011,00:00,,,24.370,0.000,24.370,93.032,89.262,68.662,20.600,UNK - Unknown,Unknown,Department of Water Resources,Voluntary,8,2,2011
Glenn_01.01.2003-06.21.2013.csv,Glenn,39.4575,-122.0728,W001,2013-09-18 13:29:54,394575N1220728W001,19N02W34F001M,10/11/2011,00:00,,,6.440,0.000,6.440,86.900,85.400,80.460,4.940,ES - Electric sounder measurement,0.01 Ft,Department of Water Resources,Voluntary,10,11,2011
Glenn_01.01.2003-06.21.2013.csv,Glenn,39.4575,-122.0728,W001,2013-09-18 13:29:54,394575N1220728W001,19N02W34F001M,3/27/2012,00:00,,,4.910,0.000,4.910,86.900,85.400,81.990,3.410,ES - Electric sounder measurement,0.01 Ft,Department of Water Resources,Voluntary,3,27,2012
Glenn_01.01.2003-06.21.2013.csv,Glenn,39.4575,-122.0728,W001,2013-09-18 13:29:54,394575N1220728W001,19N02W34F001M,7/31/2012,00:00,,,4.980,0.000,4.980,86.900,85.400,81.920,3.480,ES - Electric sounder measurement,0.01 Ft,Department of Water Resources,Voluntary,7,31,2012
Glenn_01.01.2003-06.21.2013.csv,Glenn,39.4575,-122.0728,W001,2013-09-18 13:29:54,394575N1220728W001,19N02W34F001M,10/16/2012,00:00,,,8.050,0.000,8.050,86.900,85.400,78.850,6.550,ES - Electric sounder measurement,0.01 Ft,Department of Water Resources,Voluntary,10,16,2012
Glenn_01.01.2003-06.21.2013.csv,Glenn,39.4575,-122.0728,W001,2013-09-18 13:29:54,394575N1220728W001,19N02W34F001M,3/11/2003,00:00,,,6.900,0.000,6.900,86.900,85.400,80.000,5.400,UNK - Unknown,Unknown,Department of Water Resources,Voluntary,3,11,2003
Glenn_01.01.2003-06.21.2013.csv,Glenn,39.4575,-122.0728,W001,2013-09-18 13:29:54,394575N1220728W001,19N02W34F001M,4/10/2003,00:00,,1 - Pumping,8.200,0.000,8.200,86.900,85.400,78.700,6.700,UNK - Unknown,Unknown,Department of Water Resources,Voluntary,4,10,2003
Glenn_01.01.2003-06.21.2013.csv,Glenn,39.4575,-122.0728,W001,2013-09-18 13:29:54,394575N1220728W001,19N02W34F001M,5/19/2003,00:00,,,5.100,0.000,5.100,86.900,85.400,81.800,3.600,UNK - Unknown,Unknown,Department of Water Resources,Voluntary,5,19,2003
Glenn_01.01.2003-06.21.2013.csv,Glenn,39.4575,-122.0728,W001,2013-09-18 13:29:54,394575N1220728W001,19N02W34F001M,6/19/2003,00:00,,,4.100,0.000,4.100,86.900,85.400,82.800,2.600,UNK - Unknown,Unknown,Department of Water Resources,Voluntary,6,19,2003
Glenn_01.01.2003-06.21.2013.csv,Glenn,39.4575,-122.0728,W001,2013-09-18 13:29:54,394575N1220728W001,19N02W34F001M,7/29/2003,00:00,,,4.400,0.000,4.400,86.900,85.400,82.500,2.900,UNK - Unknown,Unknown,Department of Water Resources,Voluntary,7,29,2003
Glenn_01.01.2003-06.21.2013.csv,Glenn,39.4575,-122.0728,W001,2013-09-18 13:29:54,394575N1220728W001,19N02W34F001M,8/29/2003,00:00,,,5.600,0.000,5.600,86.900,85.400,81.300,4.100,UNK - Unknown,Unknown,Department of Water Resources,Voluntary,8,29,2003
Glenn_01.01.2003-06.21.2013.csv,Glenn,39.4575,-122.0728,W001,2013-09-18 13:29:54,394575N1220728W001,19N02W34F001M,9/17/2003,00:00,,,5.500,0.000,5.500,86.900,85.400,81.400,4.000,UNK - Unknown,Unknown,Department of Water Resources,Voluntary,9,17,2003
Glenn_01.01.2003-06.21.2013.csv,Glenn,39.4575,-122.0728,W001,2013-09-18 13:29:54,394575N1220728W001,19N02W34F001M,10/14/2003,00:00,,,5.200,0.000,5.200,86.900,85.400,81.700,3.700,UNK - Unknown,Unknown,Department of Water Resources,Voluntary,10,14,2003
Glenn_01.01.2003-06.21.2013.csv,Glenn,39.4575,-122.0728,W001,2013-09-18 13:29:54,394575N1220728W001,19N02W34F001M,11/18/2003,00:00,,,4.700,0.000,4.700,86.900,85.400,82.200,3.200,UNK - Unknown,Unknown,Department of Water Resources,Voluntary,11,18,2003
Glenn_01.01.2003-06.21.2013.csv,Glenn,39.4575,-122.0728,W001,2013-09-18 13:29:54,394575N1220728W001,19N02W34F001M,4/1/2004,00:00,,,5.100,0.000,5.100,86.900,85.400,81.800,3.600,UNK - Unknown,Unknown,Department of Water Resources,Voluntary,4,1,2004
Glenn_01.01.2003-06.21.2013.csv,Glenn,39.4575,-122.0728,W001,2013-09-18 13:29:54,394575N1220728W001,19N02W34F001M,4/29/2004,00:00,,,5.400,0.000,5.400,86.900,85.400,81.500,3.900,UNK - Unknown,Unknown,Department of Water Resources,Voluntary,4,29,2004
Glenn_01.01.2003-06.21.2013.csv,Glenn,39.4575,-122.0728,W001,2013-09-18 13:29:54,394575N1220728W001,19N02W34F001M,5/25/2004,00:00,,,4.600,0.000,4.600,86.900,85.400,82.300,3.100,UNK - Unknown,Unknown,Department of Water Resources,Voluntary,5,25,2004
Glenn_01.01.2003-06.21.2013.csv,Glenn,39.4575,-122.0728,W001,2013-09-18 13:29:54,394575N1220728W001,19N02W34F001M,6/23/2004,00:00,,,5.600,0.000,5.600,86.900,85.400,81.300,4.100,UNK - Unknown,Unknown,Department of Water Resources,Voluntary,6,23,2004
Glenn_01.01.2003-06.21.2013.csv,Glenn,39.4575,-122.0728,W001,2013-09-18 13:29:54,394575N1220728W001,19N02W34F001M,7/28/2004,00:00,,,4.600,0.000,4.600,86.900,85.400,82.300,3.100,UNK - Unknown,Unknown,Department of Water Resources,Voluntary,7,28,2004
Glenn_01.01.2003-06.21.2013.csv,Glenn,39.4575,-122.0728,W001,2013-09-18 13:29:54,394575N1220728W001,19N02W34F001M,8/23/2004,00:00,,,4.200,0.000,4.200,86.900,85.400,82.700,2.700,UNK - Unknown,Unknown,Department of Water Resources,Voluntary,8,23,2004
Glenn_01.01.2003-06.21.2013.csv,Glenn,39.4575,-122.0728,W001,2013-09-18 13:29:54,394575N1220728W001,19N02W34F001M,9/21/2004,00:00,,,7.500,0.000,7.500,86.900,85.400,79.400,6.000,UNK - Unknown,Unknown,Department of Water Resources,Voluntary,9,21,2004
Glenn_01.01.2003-06.21.2013.csv,Glenn,39.4575,-122.0728,W001,2013-09-18 13:29:54,394575N1220728W001,19N02W34F001M,10/19/2004,00:00,,,8.200,0.000,8.200,86.900,85.400,78.700,6.700,UNK - Unknown,Unknown,Department of Water Resources,Voluntary,10,19,2004
Glenn_01.01.2003-06.21.2013.csv,Glenn,39.4575,-122.0728,W001,2013-09-18 13:29:54,394575N1220728W001,19N02W34F001M,11/17/2004,00:00,,,4.000,0.000,4.000,86.900,85.400,82.900,2.500,UNK - Unknown,Unknown,Department of Water Resources,Voluntary,11,17,2004
Glenn_01.01.2003-06.21.2013.csv,Glenn,39.4575,-122.0728,W001,2013-09-18 13:29:54,394575N1220728W001,19N02W34F001M,3/30/2005,00:00,,,3.200,0.000,3.200,86.900,85.400,83.700,1.700,UNK - Unknown,Unknown,Department of Water Resources,Voluntary,3,30,2005
Glenn_01.01.2003-06.21.2013.csv,Glenn,39.4575,-122.0728,W001,2013-09-18 13:29:54,394575N1220728W001,19N02W34F001M,4/27/2005,00:00,,,5.500,0.000,5.500,86.900,85.400,81.400,4.000,UNK - Unknown,Unknown,Department of Water Resources,Voluntary,4,27,2005
Glenn_01.01.2003-06.21.2013.csv,Glenn,39.4575,-122.0728,W001,2013-09-18 13:29:54,394575N1220728W001,19N02W34F001M,5/24/2005,00:00,,,3.700,0.000,3.700,86.900,85.400,83.200,2.200,UNK - Unknown,Unknown,Department of Water Resources,Voluntary,5,24,2005
Glenn_01.01.2003-06.21.2013.csv,Glenn,39.4575,-122.0728,W001,2013-09-18 13:29:54,394575N1220728W001,19N02W34F001M,6/21/2005,00:00,,,4.500,0.000,4.500,86.900,85.400,82.400,3.000,UNK - Unknown,Unknown,Department of Water Resources,Voluntary,6,21,2005
Glenn_01.01.2003-06.21.2013.csv,Glenn,39.4575,-122.0728,W001,2013-09-18 13:29:54,394575N1220728W001,19N02W34F001M,7/26/2005,00:00,,,4.600,0.000,4.600,86.900,85.400,82.300,3.100,UNK - Unknown,Unknown,Department of Water Resources,Voluntary,7,26,2005
Glenn_01.01.2003-06.21.2013.csv,Glenn,39.4575,-122.0728,W001,2013-09-18 13:29:54,394575N1220728W001,19N02W34F001M,8/23/2005,00:00,,,4.600,0.000,4.600,86.900,85.400,82.300,3.100,UNK - Unknown,Unknown,Department of Water Resources,Voluntary,8,23,2005
Glenn_01.01.2003-06.21.2013.csv,Glenn,39.4575,-122.0728,W001,2013-09-18 13:29:54,394575N1220728W001,19N02W34F001M,9/27/2005,00:00,,,6.800,0.000,6.800,86.900,85.400,80.100,5.300,UNK - Unknown,Unknown,Department of Water Resources,Voluntary,9,27,2005
Glenn_01.01.2003-06.21.2013.csv,Glenn,39.4575,-122.0728,W001,2013-09-18 13:29:54,394575N1220728W001,19N02W34F001M,10/18/2005,00:00,,,9.100,0.000,9.100,86.900,85.400,77.800,7.600,UNK - Unknown,Unknown,Department of Water Resources,Voluntary,10,18,2005
Glenn_01.01.2003-06.21.2013.csv,Glenn,39.4575,-122.0728,W001,2013-09-18 13:29:54,394575N1220728W001,19N02W34F001M,3/28/2006,00:00,,,3.000,0.000,3.000,86.900,85.400,83.900,1.500,UNK - Unknown,Unknown,Department of Water Resources,Voluntary,3,28,2006
Glenn_01.01.2003-06.21.2013.csv,Glenn,39.4575,-122.0728,W001,2013-09-18 13:29:54,394575N1220728W001,19N02W34F001M,5/17/2006,00:00,,1 - Pumping,6.600,0.000,6.600,86.900,85.400,80.300,5.100,UNK - Unknown,Unknown,Department of Water Resources,Voluntary,5,17,2006
Glenn_01.01.2003-06.21.2013.csv,Glenn,39.4575,-122.0728,W001,2013-09-18 13:29:54,394575N1220728W001,19N02W34F001M,7/31/2006,00:00,,,4.400,0.000,4.400,86.900,85.400,82.500,2.900,UNK - Unknown,Unknown,Department of Water Resources,Voluntary,7,31,2006
Glenn_01.01.2003-06.21.2013.csv,Glenn,39.4575,-122.0728,W001,2013-09-18 13:29:54,394575N1220728W001,19N02W34F001M,10/11/2006,00:00,,,8.100,0.000,8.100,86.900,85.400,78.800,6.600,UNK - Unknown,Unknown,Department of Water Resources,Voluntary,10,11,2006
Glenn_01.01.2003-06.21.2013.csv,Glenn,39.4575,-122.0728,W001,2013-09-18 13:29:54,394575N1220728W001,19N02W34F001M,3/21/2007,00:00,,,6.100,0.000,6.100,86.900,85.400,80.800,4.600,UNK - Unknown,Unknown,Department of Water Resources,Voluntary,3,21,2007
Glenn_01.01.2003-06.21.2013.csv,Glenn,39.4575,-122.0728,W001,2013-09-18 13:29:54,394575N1220728W001,19N02W34F001M,8/7/2007,00:00,,,5.000,0.000,5.000,86.900,85.400,81.900,3.500,UNK - Unknown,Unknown,Department of Water Resources,Voluntary,8,7,2007
Glenn_01.01.2003-06.21.2013.csv,Glenn,39.4575,-122.0728,W001,2013-09-18 13:29:54,394575N1220728W001,19N02W34F001M,10/15/2007,00:00,,,7.000,0.000,7.000,86.900,85.400,79.900,5.500,UNK - Unknown,Unknown,Department of Water Resources,Voluntary,10,15,2007
Glenn_01.01.2003-06.21.2013.csv,Glenn,39.4575,-122.0728,W001,2013-09-18 13:29:54,394575N1220728W001,19N02W34F001M,3/11/2008,00:00,,,4.500,0.000,4.500,86.900,85.400,82.400,3.000,UNK - Unknown,Unknown,Department of Water Resources,Voluntary,3,11,2008
Glenn_01.01.2003-06.21.2013.csv,Glenn,39.4575,-122.0728,W001,2013-09-18 13:29:54,394575N1220728W001,19N02W34F001M,8/5/2008,00:00,,,5.100,0.000,5.100,86.900,85.400,81.800,3.600,UNK - Unknown,Unknown,Department of Water Resources,Voluntary,8,5,2008
Glenn_01.01.2003-06.21.2013.csv,Glenn,39.4575,-122.0728,W001,2013-09-18 13:29:54,394575N1220728W001,19N02W34F001M,10/20/2008,00:00,,,7.000,0.000,7.000,86.900,85.400,79.900,5.500,UNK - Unknown,Unknown,Department of Water Resources,Voluntary,10,20,2008
Glenn_01.01.2003-06.21.2013.csv,Glenn,39.4575,-122.0728,W001,2013-09-18 13:29:54,394575N1220728W001,19N02W34F001M,1/13/2009,00:00,,,6.700,0.000,6.700,86.900,85.400,80.200,5.200,UNK - Unknown,Unknown,Department of Water Resources,Voluntary,1,13,2009
Glenn_01.01.2003-06.21.2013.csv,Glenn,39.4575,-122.0728,W001,2013-09-18 13:29:54,394575N1220728W001,19N02W34F001M,3/26/2009,00:00,,,5.300,0.000,5.300,86.900,85.400,81.600,3.800,UNK - Unknown,Unknown,Department of Water Resources,Voluntary,3,26,2009
Glenn_01.01.2003-06.21.2013.csv,Glenn,39.4575,-122.0728,W001,2013-09-18 13:29:54,394575N1220728W001,19N02W34F001M,5/12/2009,00:00,,,5.700,0.000,5.700,86.900,85.400,81.200,4.200,UNK - Unknown,Unknown,Department of Water Resources,Voluntary,5,12,2009
Glenn_01.01.2003-06.21.2013.csv,Glenn,39.4575,-122.0728,W001,2013-09-18 13:29:54,394575N1220728W001,19N02W34F001M,6/24/2009,00:00,,,6.200,0.000,6.200,86.900,85.400,80.700,4.700,UNK - Unknown,Unknown,Department of Water Resources,Voluntary,6,24,2009
Glenn_01.01.2003-06.21.2013.csv,Glenn,39.4575,-122.0728,W001,2013-09-18 13:29:54,394575N1220728W001,19N02W34F001M,8/4/2009,00:00,,,5.450,0.000,5.450,86.900,85.400,81.450,3.950,UNK - Unknown,Unknown,Department of Water Resources,Voluntary,8,4,2009
Glenn_01.01.2003-06.21.2013.csv,Glenn,39.4575,-122.0728,W001,2013-09-18 13:29:54,394575N1220728W001,19N02W34F001M,9/14/2009,00:00,,,4.770,0.000,4.770,86.900,85.400,82.130,3.270,UNK - Unknown,Unknown,Department of Water Resources,Voluntary,9,14,2009
Glenn_01.01.2003-06.21.2013.csv,Glenn,39.4575,-122.0728,W001,2013-09-18 13:29:54,394575N1220728W001,19N02W34F001M,10/21/2009,00:00,,,7.970,0.000,7.970,86.900,85.400,78.930,6.470,UNK - Unknown,Unknown,Department of Water Resources,Voluntary,10,21,2009
Glenn_01.01.2003-06.21.2013.csv,Glenn,39.4575,-122.0728,W001,2013-09-18 13:29:54,394575N1220728W001,19N02W34F001M,3/23/2010,00:00,,,4.920,0.000,4.920,86.900,85.400,81.980,3.420,UNK - Unknown,Unknown,Department of Water Resources,Voluntary,3,23,2010
Glenn_01.01.2003-06.21.2013.csv,Glenn,39.4575,-122.0728,W001,2013-09-18 13:29:54,394575N1220728W001,19N02W34F001M,8/4/2010,00:00,,,4.270,0.000,4.270,86.900,85.400,82.630,2.770,UNK - Unknown,Unknown,Department of Water Resources,Voluntary,8,4,2010
Glenn_01.01.2003-06.21.2013.csv,Glenn,39.4575,-122.0728,W001,2013-09-18 13:29:54,394575N1220728W001,19N02W34F001M,10/19/2010,00:00,,,8.660,0.000,8.660,86.900,85.400,78.240,7.160,UNK - Unknown,Unknown,Department of Water Resources,Voluntary,10,19,2010
Glenn_01.01.2003-06.21.2013.csv,Glenn,39.4575,-122.0728,W001,2013-09-18 13:29:54,394575N1220728W001,19N02W34F001M,4/4/2011,00:00,,,2.960,0.000,2.960,86.900,85.400,83.940,1.460,UNK - Unknown,Unknown,Department of Water Resources,Voluntary,4,4,2011
Glenn_01.01.2003-06.21.2013.csv,Glenn,39.4575,-122.0728,W001,2013-09-18 13:29:54,394575N1220728W001,19N02W34F001M,8/2/2011,00:00,,,4.500,0.000,4.500,86.900,85.400,82.400,3.000,UNK - Unknown,Unknown,Department of Water Resources,Voluntary,8,2,2011
Glenn_01.01.2003-06.21.2013.csv,Glenn,39.4575,-122.0728,W001,2013-09-18 13:29:54,394575N1220728W001,19N02W34F001M,10/11/2011,00:00,,,6.440,0.000,6.440,86.900,85.400,80.460,4.940,UNK - Unknown,Unknown,Department of Water Resources,Voluntary,10,11,2011
Glenn_01.01.2003-06.21.2013.csv,Glenn,39.4575,-122.0728,W001,2013-09-18 13:29:54,394575N1220728W001,19N02W34F001M,3/18/2013,00:00,,,6.210,0.000,6.210,86.900,85.400,80.690,4.710,ES - Electric sounder measurement,0.01 Ft,Department of Water Resources,Voluntary,3,18,2013
Glenn_01.01.2003-06.21.2013.csv,Glenn,39.4644,-121.9514,W001,2013-09-18 13:29:54,394644N1219514W001,19N01W27R001M,10/11/2011,00:00,,,19.300,0.000,19.300,83.880,83.380,64.580,18.800,ST - Steel tape measurement,0.1 Ft,Department of Water Resources,Voluntary,10,11,2011
Glenn_01.01.2003-06.21.2013.csv,Glenn,39.4644,-121.9514,W001,2013-09-18 13:29:54,394644N1219514W001,19N01W27R001M,3/28/2012,00:00,,,25.000,11.700,13.300,83.880,83.380,70.580,12.800,ST - Steel tape measurement,0.1 Ft,Department of Water Resources,Voluntary,3,28,2012
Glenn_01.01.2003-06.21.2013.csv,Glenn,39.4644,-121.9514,W001,2013-09-18 13:29:54,394644N1219514W001,19N01W27R001M,7/31/2012,00:00,,,30.000,0.400,29.600,83.880,83.380,54.280,29.100,ST - Steel tape measurement,0.1 Ft,Department of Water Resources,Voluntary,7,31,2012
Glenn_01.01.2003-06.21.2013.csv,Glenn,39.4644,-121.9514,W001,2013-09-18 13:29:54,394644N1219514W001,19N01W27R001M,10/16/2012,00:00,,,25.000,2.700,22.300,83.880,83.380,61.580,21.800,ST - Steel tape measurement,0.1 Ft,Department of Water Resources,Voluntary,10,16,2012
Glenn_01.01.2003-06.21.2013.csv,Glenn,39.4644,-121.9514,W001,2013-09-18 13:29:54,394644N1219514W001,19N01W27R001M,3/11/2003,00:00,,,8.400,0.000,8.400,83.880,83.380,75.480,7.900,UNK - Unknown,Unknown,Department of Water Resources,Voluntary,3,11,2003
Glenn_01.01.2003-06.21.2013.csv,Glenn,39.4644,-121.9514,W001,2013-09-18 13:29:54,394644N1219514W001,19N01W27R001M,4/10/2003,00:00,,,9.600,0.000,9.600,83.880,83.380,74.280,9.100,UNK - Unknown,Unknown,Department of Water Resources,Voluntary,4,10,2003
Glenn_01.01.2003-06.21.2013.csv,Glenn,39.4644,-121.9514,W001,2013-09-18 13:29:54,394644N1219514W001,19N01W27R001M,5/19/2003,00:00,,,10.000,0.000,10.000,83.880,83.380,73.880,9.500,UNK - Unknown,Unknown,Department of Water Resources,Voluntary,5,19,2003
Glenn_01.01.2003-06.21.2013.csv,Glenn,39.4644,-121.9514,W001,2013-09-18 13:29:54,394644N1219514W001,19N01W27R001M,6/19/2003,00:00,,,19.300,0.000,19.300,83.880,83.380,64.580,18.800,UNK - Unknown,Unknown,Department of Water Resources,Voluntary,6,19,2003
Glenn_01.01.2003-06.21.2013.csv,Glenn,39.4644,-121.9514,W001,2013-09-18 13:29:54,394644N1219514W001,19N01W27R001M,7/29/2003,00:00,,8 - Oil or foreign substance in casing,26.200,0.000,26.200,83.880,83.380,57.680,25.700,UNK - Unknown,Unknown,Department of Water Resources,Voluntary,7,29,2003
Glenn_01.01.2003-06.21.2013.csv,Glenn,39.4644,-121.9514,W001,2013-09-18 13:29:54,394644N1219514W001,19N01W27R001M,8/29/2003,00:00,,,24.400,0.000,24.400,83.880,83.380,59.480,23.900,UNK - Unknown,Unknown,Department of Water Resources,Voluntary,8,29,2003
Glenn_01.01.2003-06.21.2013.csv,Glenn,39.4644,-121.9514,W001,2013-09-18 13:29:54,394644N1219514W001,19N01W27R001M,9/17/2003,00:00,,,20.900,0.000,20.900,83.880,83.380,62.980,20.400,UNK - Unknown,Unknown,Department of Water Resources,Voluntary,9,17,2003
Glenn_01.01.2003-06.21.2013.csv,Glenn,39.4644,-121.9514,W001,2013-09-18 13:29:54,394644N1219514W001,19N01W27R001M,10/15/2003,00:00,,,18.500,0.000,18.500,83.880,83.380,65.380,18.000,UNK - Unknown,Unknown,Department of Water Resources,Voluntary,10,15,2003
Glenn_01.01.2003-06.21.2013.csv,Glenn,39.4644,-121.9514,W001,2013-09-18 13:29:54,394644N1219514W001,19N01W27R001M,11/18/2003,00:00,,,16.300,0.000,16.300,83.880,83.380,67.580,15.800,UNK - Unknown,Unknown,Department of Water Resources,Voluntary,11,18,2003
Glenn_01.01.2003-06.21.2013.csv,Glenn,39.4644,-121.9514,W001,2013-09-18 13:29:54,394644N1219514W001,19N01W27R001M,4/1/2004,00:00,,,7.000,0.000,7.000,83.880,83.380,76.880,6.500,UNK - Unknown,Unknown,Department of Water Resources,Voluntary,4,1,2004
Glenn_01.01.2003-06.21.2013.csv,Glenn,39.4644,-121.9514,W001,2013-09-18 13:29:54,394644N1219514W001,19N01W27R001M,4/29/2004,00:00,,,14.900,0.000,14.900,83.880,83.380,68.980,14.400,UNK - Unknown,Unknown,Department of Water Resources,Voluntary,4,29,2004
Glenn_01.01.2003-06.21.2013.csv,Glenn,39.4644,-121.9514,W001,2013-09-18 13:29:54,394644N1219514W001,19N01W27R001M,5/25/2004,00:00,,,20.900,0.000,20.900,83.880,83.380,62.980,20.400,UNK - Unknown,Unknown,Department of Water Resources,Voluntary,5,25,2004
Glenn_01.01.2003-06.21.2013.csv,Glenn,39.4644,-121.9514,W001,2013-09-18 13:29:54,394644N1219514W001,19N01W27R001M,6/23/2004,00:00,,,25.600,0.000,25.600,83.880,83.380,58.280,25.100,UNK - Unknown,Unknown,Department of Water Resources,Voluntary,6,23,2004
Glenn_01.01.2003-06.21.2013.csv,Glenn,39.4644,-121.9514,W001,2013-09-18 13:29:54,394644N1219514W001,19N01W27R001M,7/28/2004,00:00,,,27.200,0.000,27.200,83.880,83.380,56.680,26.700,UNK - Unknown,Unknown,Department of Water Resources,Voluntary,7,28,2004
Glenn_01.01.2003-06.21.2013.csv,Glenn,39.4644,-121.9514,W001,2013-09-18 13:29:54,394644N1219514W001,19N01W27R001M,8/23/2004,00:00,,,25.100,0.000,25.100,83.880,83.380,58.780,24.600,UNK - Unknown,Unknown,Department of Water Resources,Voluntary,8,23,2004
Glenn_01.01.2003-06.21.2013.csv,Glenn,39.4644,-121.9514,W001,2013-09-18 13:29:54,394644N1219514W001,19N01W27R001M,9/21/2004,00:00,,,21.200,0.000,21.200,83.880,83.380,62.680,20.700,UNK - Unknown,Unknown,Department of Water Resources,Voluntary,9,21,2004
Glenn_01.01.2003-06.21.2013.csv,Glenn,39.4644,-121.9514,W001,2013-09-18 13:29:54,394644N1219514W001,19N01W27R001M,10/19/2004,00:00,,,18.000,0.000,18.000,83.880,83.380,65.880,17.500,UNK - Unknown,Unknown,Department of Water Resources,Voluntary,10,19,2004
Glenn_01.01.2003-06.21.2013.csv,Glenn,39.4644,-121.9514,W001,2013-09-18 13:29:54,394644N1219514W001,19N01W27R001M,11/17/2004,00:00,,,16.100,0.000,16.100,83.880,83.380,67.780,15.600,UNK - Unknown,Unknown,Department of Water Resources,Voluntary,11,17,2004
Glenn_01.01.2003-06.21.2013.csv,Glenn,39.4644,-121.9514,W001,2013-09-18 13:29:54,394644N1219514W001,19N01W27R001M,3/30/2005,00:00,,,8.700,0.000,8.700,83.880,83.380,75.180,8.200,UNK - Unknown,Unknown,Department of Water Resources,Voluntary,3,30,2005
Glenn_01.01.2003-06.21.2013.csv,Glenn,39.4644,-121.9514,W001,2013-09-18 13:29:54,394644N1219514W001,19N01W27R001M,4/27/2005,00:00,,,9.700,0.000,9.700,83.880,83.380,74.180,9.200,UNK - Unknown,Unknown,Department of Water Resources,Voluntary,4,27,2005
Glenn_01.01.2003-06.21.2013.csv,Glenn,39.4644,-121.9514,W001,2013-09-18 13:29:54,394644N1219514W001,19N01W27R001M,5/24/2005,00:00,,,11.700,0.000,11.700,83.880,83.380,72.180,11.200,UNK - Unknown,Unknown,Department of Water Resources,Voluntary,5,24,2005
Glenn_01.01.2003-06.21.2013.csv,Glenn,39.4644,-121.9514,W001,2013-09-18 13:29:54,394644N1219514W001,19N01W27R001M,6/21/2005,00:00,,,18.000,0.000,18.000,83.880,83.380,65.880,17.500,UNK - Unknown,Unknown,Department of Water Resources,Voluntary,6,21,2005
Glenn_01.01.2003-06.21.2013.csv,Glenn,39.4644,-121.9514,W001,2013-09-18 13:29:54,394644N1219514W001,19N01W27R001M,7/26/2005,00:00,,,23.000,0.000,23.000,83.880,83.380,60.880,22.500,UNK - Unknown,Unknown,Department of Water Resources,Voluntary,7,26,2005
Glenn_01.01.2003-06.21.2013.csv,Glenn,39.4644,-121.9514,W001,2013-09-18 13:29:54,394644N1219514W001,19N01W27R001M,8/23/2005,00:00,,,21.900,0.000,21.900,83.880,83.380,61.980,21.400,UNK - Unknown,Unknown,Department of Water Resources,Voluntary,8,23,2005
Glenn_01.01.2003-06.21.2013.csv,Glenn,39.4644,-121.9514,W001,2013-09-18 13:29:54,394644N1219514W001,19N01W27R001M,9/27/2005,00:00,,,18.500,0.000,18.500,83.880,83.380,65.380,18.000,UNK - Unknown,Unknown,Department of Water Resources,Voluntary,9,27,2005
Glenn_01.01.2003-06.21.2013.csv,Glenn,39.4644,-121.9514,W001,2013-09-18 13:29:54,394644N1219514W001,19N01W27R001M,10/18/2005,00:00,,,16.900,0.000,16.900,83.880,83.380,66.980,16.400,UNK - Unknown,Unknown,Department of Water Resources,Voluntary,10,18,2005
Glenn_01.01.2003-06.21.2013.csv,Glenn,39.4644,-121.9514,W001,2013-09-18 13:29:54,394644N1219514W001,19N01W27R001M,3/28/2006,00:00,,,4.900,0.000,4.900,83.880,83.380,78.980,4.400,UNK - Unknown,Unknown,Department of Water Resources,Voluntary,3,28,2006
Glenn_01.01.2003-06.21.2013.csv,Glenn,39.4644,-121.9514,W001,2013-09-18 13:29:54,394644N1219514W001,19N01W27R001M,5/17/2006,00:00,,,9.800,0.000,9.800,83.880,83.380,74.080,9.300,UNK - Unknown,Unknown,Department of Water Resources,Voluntary,5,17,2006
Glenn_01.01.2003-06.21.2013.csv,Glenn,39.4644,-121.9514,W001,2013-09-18 13:29:54,394644N1219514W001,19N01W27R001M,7/31/2006,00:00,,,24.600,0.000,24.600,83.880,83.380,59.280,24.100,UNK - Unknown,Unknown,Department of Water Resources,Voluntary,7,31,2006
Glenn_01.01.2003-06.21.2013.csv,Glenn,39.4644,-121.9514,W001,2013-09-18 13:29:54,394644N1219514W001,19N01W27R001M,10/11/2006,00:00,,,18.300,0.000,18.300,83.880,83.380,65.580,17.800,UNK - Unknown,Unknown,Department of Water Resources,Voluntary,10,11,2006
Glenn_01.01.2003-06.21.2013.csv,Glenn,39.4644,-121.9514,W001,2013-09-18 13:29:54,394644N1219514W001,19N01W27R001M,3/21/2007,00:00,,,12.840,0.000,12.840,83.880,83.380,71.040,12.340,UNK - Unknown,Unknown,Department of Water Resources,Voluntary,3,21,2007
Glenn_01.01.2003-06.21.2013.csv,Glenn,39.4644,-121.9514,W001,2013-09-18 13:29:54,394644N1219514W001,19N01W27R001M,8/7/2007,00:00,,,28.300,0.000,28.300,83.880,83.380,55.580,27.800,UNK - Unknown,Unknown,Department of Water Resources,Voluntary,8,7,2007
Glenn_01.01.2003-06.21.2013.csv,Glenn,39.4644,-121.9514,W001,2013-09-18 13:29:54,394644N1219514W001,19N01W27R001M,10/16/2007,00:00,,,19.300,0.000,19.300,83.880,83.380,64.580,18.800,UNK - Unknown,Unknown,Department of Water Resources,Voluntary,10,16,2007
Glenn_01.01.2003-06.21.2013.csv,Glenn,39.4644,-121.9514,W001,2013-09-18 13:29:54,394644N1219514W001,19N01W27R001M,3/11/2008,00:00,,,9.700,0.000,9.700,83.880,83.380,74.180,9.200,UNK - Unknown,Unknown,Department of Water Resources,Voluntary,3,11,2008
Glenn_01.01.2003-06.21.2013.csv,Glenn,39.4644,-121.9514,W001,2013-09-18 13:29:54,394644N1219514W001,19N01W27R001M,8/5/2008,00:00,,,29.200,0.000,29.200,83.880,83.380,54.680,28.700,UNK - Unknown,Unknown,Department of Water Resources,Voluntary,8,5,2008
Glenn_01.01.2003-06.21.2013.csv,Glenn,39.4644,-121.9514,W001,2013-09-18 13:29:54,394644N1219514W001,19N01W27R001M,10/20/2008,00:00,,,20.000,0.000,20.000,83.880,83.380,63.880,19.500,UNK - Unknown,Unknown,Department of Water Resources,Voluntary,10,20,2008
Glenn_01.01.2003-06.21.2013.csv,Glenn,39.4644,-121.9514,W001,2013-09-18 13:29:54,394644N1219514W001,19N01W27R001M,1/13/2009,00:00,,,15.300,0.000,15.300,83.880,83.380,68.580,14.800,UNK - Unknown,Unknown,Department of Water Resources,Voluntary,1,13,2009
Glenn_01.01.2003-06.21.2013.csv,Glenn,39.4644,-121.9514,W001,2013-09-18 13:29:54,394644N1219514W001,19N01W27R001M,3/26/2009,00:00,,,12.500,0.000,12.500,83.880,83.380,71.380,12.000,UNK - Unknown,Unknown,Department of Water Resources,Voluntary,3,26,2009
Glenn_01.01.2003-06.21.2013.csv,Glenn,39.4644,-121.9514,W001,2013-09-18 13:29:54,394644N1219514W001,19N01W27R001M,5/12/2009,00:00,1 - Pumping,,NULL,NULL,NULL,83.880,83.380,NULL,NULL,,,Department of Water Resources,Voluntary,5,12,2009
Glenn_01.01.2003-06.21.2013.csv,Glenn,39.4644,-121.9514,W001,2013-09-18 13:29:54,394644N1219514W001,19N01W27R001M,6/24/2009,00:00,1 - Pumping,,NULL,NULL,NULL,83.880,83.380,NULL,NULL,,,Department of Water Resources,Voluntary,6,24,2009
Glenn_01.01.2003-06.21.2013.csv,Glenn,39.4644,-121.9514,W001,2013-09-18 13:29:54,394644N1219514W001,19N01W27R001M,8/4/2009,00:00,,,30.900,0.000,30.900,83.880,83.380,52.980,30.400,UNK - Unknown,Unknown,Department of Water Resources,Voluntary,8,4,2009
Glenn_01.01.2003-06.21.2013.csv,Glenn,39.4644,-121.9514,W001,2013-09-18 13:29:54,394644N1219514W001,19N01W27R001M,9/14/2009,00:00,,,26.100,0.000,26.100,83.880,83.380,57.780,25.600,UNK - Unknown,Unknown,Department of Water Resources,Voluntary,9,14,2009
Glenn_01.01.2003-06.21.2013.csv,Glenn,39.4644,-121.9514,W001,2013-09-18 13:29:54,394644N1219514W001,19N01W27R001M,10/21/2009,00:00,,,28.700,0.000,28.700,83.880,83.380,55.180,28.200,UNK - Unknown,Unknown,Department of Water Resources,Voluntary,10,21,2009
Glenn_01.01.2003-06.21.2013.csv,Glenn,39.4644,-121.9514,W001,2013-09-18 13:29:54,394644N1219514W001,19N01W27R001M,3/23/2010,00:00,,,8.400,0.000,8.400,83.880,83.380,75.480,7.900,UNK - Unknown,Unknown,Department of Water Resources,Voluntary,3,23,2010
Glenn_01.01.2003-06.21.2013.csv,Glenn,39.4644,-121.9514,W001,2013-09-18 13:29:54,394644N1219514W001,19N01W27R001M,8/4/2010,00:00,,,28.500,0.000,28.500,83.880,83.380,55.380,28.000,UNK - Unknown,Unknown,Department of Water Resources,Voluntary,8,4,2010
Glenn_01.01.2003-06.21.2013.csv,Glenn,39.4644,-121.9514,W001,2013-09-18 13:29:54,394644N1219514W001,19N01W27R001M,10/19/2010,00:00,,,20.600,0.000,20.600,83.880,83.380,63.280,20.100,UNK - Unknown,Unknown,Department of Water Resources,Voluntary,10,19,2010
Glenn_01.01.2003-06.21.2013.csv,Glenn,39.4644,-121.9514,W001,2013-09-18 13:29:54,394644N1219514W001,19N01W27R001M,4/4/2011,00:00,,,6.700,0.000,6.700,83.880,83.380,77.180,6.200,UNK - Unknown,Unknown,Department of Water Resources,Voluntary,4,4,2011
Glenn_01.01.2003-06.21.2013.csv,Glenn,39.4644,-121.9514,W001,2013-09-18 13:29:54,394644N1219514W001,19N01W27R001M,8/2/2011,00:00,,,25.600,0.000,25.600,83.880,83.380,58.280,25.100,UNK - Unknown,Unknown,Department of Water Resources,Voluntary,8,2,2011
Glenn_01.01.2003-06.21.2013.csv,Glenn,39.4644,-121.9514,W001,2013-09-18 13:29:54,394644N1219514W001,19N01W27R001M,10/11/2011,00:00,,,19.300,0.000,19.300,83.880,83.380,64.580,18.800,UNK - Unknown,Unknown,Department of Water Resources,Voluntary,10,11,2011
Glenn_01.01.2003-06.21.2013.csv,Glenn,39.4644,-121.9514,W001,2013-09-18 13:29:54,394644N1219514W001,19N01W27R001M,3/18/2013,00:00,,,20.000,7.900,12.100,83.880,83.380,71.780,11.600,ST - Steel tape measurement,0.1 Ft,Department of Water Resources,Voluntary,3,18,2013
Glenn_01.01.2003-06.21.2013.csv,Glenn,39.465,-122.2537,W001,2013-09-18 13:29:54,394650N1222537W001,19N04W36A001M,10/11/2011,00:00,,,9.580,0.000,9.580,150.970,149.470,141.390,8.080,ES - Electric sounder measurement,0.01 Ft,Department of Water Resources,Voluntary,10,11,2011
Glenn_01.01.2003-06.21.2013.csv,Glenn,39.465,-122.2537,W001,2013-09-18 13:29:54,394650N1222537W001,19N04W36A001M,3/27/2012,00:00,,,9.500,0.000,9.500,150.970,149.470,141.470,8.000,ES - Electric sounder measurement,0.01 Ft,Department of Water Resources,Voluntary,3,27,2012
Glenn_01.01.2003-06.21.2013.csv,Glenn,39.465,-122.2537,W001,2013-09-18 13:29:54,394650N1222537W001,19N04W36A001M,7/31/2012,00:00,,,8.770,0.000,8.770,150.970,149.470,142.200,7.270,ES - Electric sounder measurement,0.01 Ft,Department of Water Resources,Voluntary,7,31,2012
Glenn_01.01.2003-06.21.2013.csv,Glenn,39.465,-122.2537,W001,2013-09-18 13:29:54,394650N1222537W001,19N04W36A001M,10/16/2012,00:00,,,10.550,0.000,10.550,150.970,149.470,140.420,9.050,ES - Electric sounder measurement,0.01 Ft,Department of Water Resources,Voluntary,10,16,2012
Glenn_01.01.2003-06.21.2013.csv,Glenn,39.465,-122.2537,W001,2013-09-18 13:29:54,394650N1222537W001,19N04W36A001M,3/11/2003,00:00,,,8.800,0.000,8.800,150.970,149.470,142.170,7.300,UNK - Unknown,Unknown,Department of Water Resources,Voluntary,3,11,2003
Glenn_01.01.2003-06.21.2013.csv,Glenn,39.465,-122.2537,W001,2013-09-18 13:29:54,394650N1222537W001,19N04W36A001M,4/10/2003,00:00,,1 - Pumping,9.200,0.000,9.200,150.970,149.470,141.770,7.700,UNK - Unknown,Unknown,Department of Water Resources,Voluntary,4,10,2003
Glenn_01.01.2003-06.21.2013.csv,Glenn,39.465,-122.2537,W001,2013-09-18 13:29:54,394650N1222537W001,19N04W36A001M,5/19/2003,00:00,,,9.000,0.000,9.000,150.970,149.470,141.970,7.500,UNK - Unknown,Unknown,Department of Water Resources,Voluntary,5,19,2003
Glenn_01.01.2003-06.21.2013.csv,Glenn,39.465,-122.2537,W001,2013-09-18 13:29:54,394650N1222537W001,19N04W36A001M,6/19/2003,00:00,,4 - Pumped recently,8.100,0.000,8.100,150.970,149.470,142.870,6.600,UNK - Unknown,Unknown,Department of Water Resources,Voluntary,6,19,2003
Glenn_01.01.2003-06.21.2013.csv,Glenn,39.465,-122.2537,W001,2013-09-18 13:29:54,394650N1222537W001,19N04W36A001M,7/29/2003,00:00,,,8.700,0.000,8.700,150.970,149.470,142.270,7.200,UNK - Unknown,Unknown,Department of Water Resources,Voluntary,7,29,2003
Glenn_01.01.2003-06.21.2013.csv,Glenn,39.465,-122.2537,W001,2013-09-18 13:29:54,394650N1222537W001,19N04W36A001M,8/29/2003,00:00,,,8.400,0.000,8.400,150.970,149.470,142.570,6.900,UNK - Unknown,Unknown,Department of Water Resources,Voluntary,8,29,2003
Glenn_01.01.2003-06.21.2013.csv,Glenn,39.465,-122.2537,W001,2013-09-18 13:29:54,394650N1222537W001,19N04W36A001M,9/17/2003,00:00,,,9.700,0.000,9.700,150.970,149.470,141.270,8.200,UNK - Unknown,Unknown,Department of Water Resources,Voluntary,9,17,2003
Glenn_01.01.2003-06.21.2013.csv,Glenn,39.465,-122.2537,W001,2013-09-18 13:29:54,394650N1222537W001,19N04W36A001M,10/14/2003,00:00,,,10.200,0.000,10.200,150.970,149.470,140.770,8.700,UNK - Unknown,Unknown,Department of Water Resources,Voluntary,10,14,2003
Glenn_01.01.2003-06.21.2013.csv,Glenn,39.465,-122.2537,W001,2013-09-18 13:29:54,394650N1222537W001,19N04W36A001M,11/18/2003,00:00,,,11.100,0.000,11.100,150.970,149.470,139.870,9.600,UNK - Unknown,Unknown,Department of Water Resources,Voluntary,11,18,2003
Glenn_01.01.2003-06.21.2013.csv,Glenn,39.465,-122.2537,W001,2013-09-18 13:29:54,394650N1222537W001,19N04W36A001M,3/31/2004,00:00,,,8.300,0.000,8.300,150.970,149.470,142.670,6.800,UNK - Unknown,Unknown,Department of Water Resources,Voluntary,3,31,2004
Glenn_01.01.2003-06.21.2013.csv,Glenn,39.465,-122.2537,W001,2013-09-18 13:29:54,394650N1222537W001,19N04W36A001M,4/29/2004,00:00,,,7.900,0.000,7.900,150.970,149.470,143.070,6.400,UNK - Unknown,Unknown,Department of Water Resources,Voluntary,4,29,2004
Glenn_01.01.2003-06.21.2013.csv,Glenn,39.465,-122.2537,W001,2013-09-18 13:29:54,394650N1222537W001,19N04W36A001M,5/25/2004,00:00,,,7.400,0.000,7.400,150.970,149.470,143.570,5.900,UNK - Unknown,Unknown,Department of Water Resources,Voluntary,5,25,2004
Glenn_01.01.2003-06.21.2013.csv,Glenn,39.465,-122.2537,W001,2013-09-18 13:29:54,394650N1222537W001,19N04W36A001M,6/23/2004,00:00,,,7.900,0.000,7.900,150.970,149.470,143.070,6.400,UNK - Unknown,Unknown,Department of Water Resources,Voluntary,6,23,2004
Glenn_01.01.2003-06.21.2013.csv,Glenn,39.465,-122.2537,W001,2013-09-18 13:29:54,394650N1222537W001,19N04W36A001M,7/28/2004,00:00,,,7.700,0.000,7.700,150.970,149.470,143.270,6.200,UNK - Unknown,Unknown,Department of Water Resources,Voluntary,7,28,2004
Glenn_01.01.2003-06.21.2013.csv,Glenn,39.465,-122.2537,W001,2013-09-18 13:29:54,394650N1222537W001,19N04W36A001M,8/23/2004,00:00,,1 - Pumping,8.400,0.000,8.400,150.970,149.470,142.570,6.900,UNK - Unknown,Unknown,Department of Water Resources,Voluntary,8,23,2004
Glenn_01.01.2003-06.21.2013.csv,Glenn,39.465,-122.2537,W001,2013-09-18 13:29:54,394650N1222537W001,19N04W36A001M,9/21/2004,00:00,,,9.300,0.000,9.300,150.970,149.470,141.670,7.800,UNK - Unknown,Unknown,Department of Water Resources,Voluntary,9,21,2004
Glenn_01.01.2003-06.21.2013.csv,Glenn,39.465,-122.2537,W001,2013-09-18 13:29:54,394650N1222537W001,19N04W36A001M,10/19/2004,00:00,,,10.100,0.000,10.100,150.970,149.470,140.870,8.600,UNK - Unknown,Unknown,Department of Water Resources,Voluntary,10,19,2004
Glenn_01.01.2003-06.21.2013.csv,Glenn,39.465,-122.2537,W001,2013-09-18 13:29:54,394650N1222537W001,19N04W36A001M,11/17/2004,00:00,,,10.200,0.000,10.200,150.970,149.470,140.770,8.700,UNK - Unknown,Unknown,Department of Water Resources,Voluntary,11,17,2004
Glenn_01.01.2003-06.21.2013.csv,Glenn,39.465,-122.2537,W001,2013-09-18 13:29:54,394650N1222537W001,19N04W36A001M,3/30/2005,00:00,,4 - Pumped recently,7.600,0.000,7.600,150.970,149.470,143.370,6.100,UNK - Unknown,Unknown,Department of Water Resources,Voluntary,3,30,2005
Glenn_01.01.2003-06.21.2013.csv,Glenn,39.465,-122.2537,W001,2013-09-18 13:29:54,394650N1222537W001,19N04W36A001M,4/27/2005,00:00,,,8.700,0.000,8.700,150.970,149.470,142.270,7.200,UNK - Unknown,Unknown,Department of Water Resources,Voluntary,4,27,2005
Glenn_01.01.2003-06.21.2013.csv,Glenn,39.465,-122.2537,W001,2013-09-18 13:29:54,394650N1222537W001,19N04W36A001M,5/24/2005,00:00,,,7.700,0.000,7.700,150.970,149.470,143.270,6.200,UNK - Unknown,Unknown,Department of Water Resources,Voluntary,5,24,2005
Glenn_01.01.2003-06.21.2013.csv,Glenn,39.465,-122.2537,W001,2013-09-18 13:29:54,394650N1222537W001,19N04W36A001M,6/21/2005,00:00,7 - Special/Other,,NULL,NULL,NULL,150.970,149.470,NULL,NULL,,,Department of Water Resources,Voluntary,6,21,2005
Glenn_01.01.2003-06.21.2013.csv,Glenn,39.465,-122.2537,W001,2013-09-18 13:29:54,394650N1222537W001,19N04W36A001M,7/26/2005,00:00,,,8.500,0.000,8.500,150.970,149.470,142.470,7.000,UNK - Unknown,Unknown,Department of Water Resources,Voluntary,7,26,2005
Glenn_01.01.2003-06.21.2013.csv,Glenn,39.465,-122.2537,W001,2013-09-18 13:29:54,394650N1222537W001,19N04W36A001M,8/23/2005,00:00,,,8.400,0.000,8.400,150.970,149.470,142.570,6.900,UNK - Unknown,Unknown,Department of Water Resources,Voluntary,8,23,2005
Glenn_01.01.2003-06.21.2013.csv,Glenn,39.465,-122.2537,W001,2013-09-18 13:29:54,394650N1222537W001,19N04W36A001M,9/27/2005,00:00,,,9.500,0.000,9.500,150.970,149.470,141.470,8.000,UNK - Unknown,Unknown,Department of Water Resources,Voluntary,9,27,2005
Glenn_01.01.2003-06.21.2013.csv,Glenn,39.465,-122.2537,W001,2013-09-18 13:29:54,394650N1222537W001,19N04W36A001M,10/18/2005,00:00,,,10.100,0.000,10.100,150.970,149.470,140.870,8.600,UNK - Unknown,Unknown,Department of Water Resources,Voluntary,10,18,2005
Glenn_01.01.2003-06.21.2013.csv,Glenn,39.465,-122.2537,W001,2013-09-18 13:29:54,394650N1222537W001,19N04W36A001M,3/27/2006,00:00,,6 - Other,2.080,0.000,2.080,150.970,149.470,148.890,0.580,UNK - Unknown,Unknown,Department of Water Resources,Voluntary,GOOD DATA POINT; EDITTED AS A QM.3,27,2006
Glenn_01.01.2003-06.21.2013.csv,Glenn,39.465,-122.2537,W001,2013-09-18 13:29:54,394650N1222537W001,19N04W36A001M,5/17/2006,00:00,,,8.300,0.000,8.300,150.970,149.470,142.670,6.800,UNK - Unknown,Unknown,Department of Water Resources,Voluntary,5,17,2006
Glenn_01.01.2003-06.21.2013.csv,Glenn,39.465,-122.2537,W001,2013-09-18 13:29:54,394650N1222537W001,19N04W36A001M,7/31/2006,00:00,,,10.100,0.000,10.100,150.970,149.470,140.870,8.600,UNK - Unknown,Unknown,Department of Water Resources,Voluntary,7,31,2006
Glenn_01.01.2003-06.21.2013.csv,Glenn,39.465,-122.2537,W001,2013-09-18 13:29:54,394650N1222537W001,19N04W36A001M,10/11/2006,00:00,1 - Pumping,,NULL,NULL,NULL,150.970,149.470,NULL,NULL,,,Department of Water Resources,Voluntary,10,11,2006
Glenn_01.01.2003-06.21.2013.csv,Glenn,39.465,-122.2537,W001,2013-09-18 13:29:54,394650N1222537W001,19N04W36A001M,3/21/2007,00:00,,,11.300,0.000,11.300,150.970,149.470,139.670,9.800,UNK - Unknown,Unknown,Department of Water Resources,Voluntary,3,21,2007
Glenn_01.01.2003-06.21.2013.csv,Glenn,39.465,-122.2537,W001,2013-09-18 13:29:54,394650N1222537W001,19N04W36A001M,8/6/2007,00:00,,,8.100,0.000,8.100,150.970,149.470,142.870,6.600,UNK - Unknown,Unknown,Department of Water Resources,Voluntary,8,6,2007
Glenn_01.01.2003-06.21.2013.csv,Glenn,39.465,-122.2537,W001,2013-09-18 13:29:54,394650N1222537W001,19N04W36A001M,10/15/2007,00:00,,,10.160,0.000,10.160,150.970,149.470,140.810,8.660,UNK - Unknown,Unknown,Department of Water Resources,Voluntary,10,15,2007
Glenn_01.01.2003-06.21.2013.csv,Glenn,39.465,-122.2537,W001,2013-09-18 13:29:54,394650N1222537W001,19N04W36A001M,3/12/2008,00:00,,,8.540,0.000,8.540,150.970,149.470,142.430,7.040,UNK - Unknown,Unknown,Department of Water Resources,Voluntary,3,12,2008
Glenn_01.01.2003-06.21.2013.csv,Glenn,39.465,-122.2537,W001,2013-09-18 13:29:54,394650N1222537W001,19N04W36A001M,8/5/2008,00:00,,,10.600,0.000,10.600,150.970,149.470,140.370,9.100,UNK - Unknown,Unknown,Department of Water Resources,Voluntary,8,5,2008
Glenn_01.01.2003-06.21.2013.csv,Glenn,39.465,-122.2537,W001,2013-09-18 13:29:54,394650N1222537W001,19N04W36A001M,10/20/2008,00:00,,,11.100,0.000,11.100,150.970,149.470,139.870,9.600,UNK - Unknown,Unknown,Department of Water Resources,Voluntary,10,20,2008
Glenn_01.01.2003-06.21.2013.csv,Glenn,39.465,-122.2537,W001,2013-09-18 13:29:54,394650N1222537W001,19N04W36A001M,1/13/2009,00:00,,,13.000,0.000,13.000,150.970,149.470,137.970,11.500,UNK - Unknown,Unknown,Department of Water Resources,Voluntary,1,13,2009
Glenn_01.01.2003-06.21.2013.csv,Glenn,39.465,-122.2537,W001,2013-09-18 13:29:54,394650N1222537W001,19N04W36A001M,3/25/2009,00:00,,,13.100,0.000,13.100,150.970,149.470,137.870,11.600,UNK - Unknown,Unknown,Department of Water Resources,Voluntary,3,25,2009
Glenn_01.01.2003-06.21.2013.csv,Glenn,39.465,-122.2537,W001,2013-09-18 13:29:54,394650N1222537W001,19N04W36A001M,5/12/2009,00:00,,,11.300,0.000,11.300,150.970,149.470,139.670,9.800,UNK - Unknown,Unknown,Department of Water Resources,Voluntary,5,12,2009
Glenn_01.01.2003-06.21.2013.csv,Glenn,39.465,-122.2537,W001,2013-09-18 13:29:54,394650N1222537W001,19N04W36A001M,6/24/2009,00:00,,,11.300,0.000,11.300,150.970,149.470,139.670,9.800,UNK - Unknown,Unknown,Department of Water Resources,Voluntary,6,24,2009
Glenn_01.01.2003-06.21.2013.csv,Glenn,39.465,-122.2537,W001,2013-09-18 13:29:54,394650N1222537W001,19N04W36A001M,8/3/2009,00:00,,,10.300,0.000,10.300,150.970,149.470,140.670,8.800,UNK - Unknown,Unknown,Department of Water Resources,Voluntary,8,3,2009
Glenn_01.01.2003-06.21.2013.csv,Glenn,39.465,-122.2537,W001,2013-09-18 13:29:54,394650N1222537W001,19N04W36A001M,9/14/2009,00:00,,,10.200,0.000,10.200,150.970,149.470,140.770,8.700,UNK - Unknown,Unknown,Department of Water Resources,Voluntary,9,14,2009
Glenn_01.01.2003-06.21.2013.csv,Glenn,39.465,-122.2537,W001,2013-09-18 13:29:54,394650N1222537W001,19N04W36A001M,10/21/2009,00:00,,,10.940,0.000,10.940,150.970,149.470,140.030,9.440,UNK - Unknown,Unknown,Department of Water Resources,Voluntary,10,21,2009
Glenn_01.01.2003-06.21.2013.csv,Glenn,39.465,-122.2537,W001,2013-09-18 13:29:54,394650N1222537W001,19N04W36A001M,3/23/2010,00:00,,,8.770,0.000,8.770,150.970,149.470,142.200,7.270,UNK - Unknown,Unknown,Department of Water Resources,Voluntary,3,23,2010
Glenn_01.01.2003-06.21.2013.csv,Glenn,39.465,-122.2537,W001,2013-09-18 13:29:54,394650N1222537W001,19N04W36A001M,8/3/2010,00:00,,,7.180,0.000,7.180,150.970,149.470,143.790,5.680,UNK - Unknown,Unknown,Department of Water Resources,Voluntary,8,3,2010
Glenn_01.01.2003-06.21.2013.csv,Glenn,39.465,-122.2537,W001,2013-09-18 13:29:54,394650N1222537W001,19N04W36A001M,10/19/2010,00:00,,,9.670,0.000,9.670,150.970,149.470,141.300,8.170,UNK - Unknown,Unknown,Department of Water Resources,Voluntary,10,19,2010
Glenn_01.01.2003-06.21.2013.csv,Glenn,39.465,-122.2537,W001,2013-09-18 13:29:54,394650N1222537W001,19N04W36A001M,4/4/2011,00:00,,,7.800,0.000,7.800,150.970,149.470,143.170,6.300,UNK - Unknown,Unknown,Department of Water Resources,Voluntary,4,4,2011
Glenn_01.01.2003-06.21.2013.csv,Glenn,39.465,-122.2537,W001,2013-09-18 13:29:54,394650N1222537W001,19N04W36A001M,8/2/2011,00:00,,,7.920,0.000,7.920,150.970,149.470,143.050,6.420,UNK - Unknown,Unknown,Department of Water Resources,Voluntary,8,2,2011
Glenn_01.01.2003-06.21.2013.csv,Glenn,39.465,-122.2537,W001,2013-09-18 13:29:54,394650N1222537W001,19N04W36A001M,10/11/2011,00:00,,,9.580,0.000,9.580,150.970,149.470,141.390,8.080,UNK - Unknown,Unknown,Department of Water Resources,Voluntary,10,11,2011
Glenn_01.01.2003-06.21.2013.csv,Glenn,39.465,-122.2537,W001,2013-09-18 13:29:54,394650N1222537W001,19N04W36A001M,3/18/2013,00:00,,,10.000,0.000,10.000,150.970,149.470,140.970,8.500,ES - Electric sounder measurement,0.01 Ft,Department of Water Resources,Voluntary,3,18,2013
Glenn_01.01.2003-06.21.2013.csv,Glenn,39.4661,-122.1076,W001,2013-09-18 13:29:54,394661N1221076W001,19N02W29Q001M,10/11/2011,00:00,,,5.410,0.000,5.410,92.420,92.420,87.010,5.410,ES - Electric sounder measurement,0.01 Ft,Department of Water Resources,Voluntary,10,11,2011
Glenn_01.01.2003-06.21.2013.csv,Glenn,39.4661,-122.1076,W001,2013-09-18 13:29:54,394661N1221076W001,19N02W29Q001M,3/27/2012,00:00,,,2.750,0.000,2.750,92.420,92.420,89.670,2.750,ES - Electric sounder measurement,0.01 Ft,Department of Water Resources,Voluntary,3,27,2012
Glenn_01.01.2003-06.21.2013.csv,Glenn,39.4661,-122.1076,W001,2013-09-18 13:29:54,394661N1221076W001,19N02W29Q001M,7/31/2012,00:00,,,2.710,0.000,2.710,92.420,92.420,89.710,2.710,ES - Electric sounder measurement,0.01 Ft,Department of Water Resources,Voluntary,7,31,2012
Glenn_01.01.2003-06.21.2013.csv,Glenn,39.4661,-122.1076,W001,2013-09-18 13:29:54,394661N1221076W001,19N02W29Q001M,10/16/2012,00:00,,,7.110,0.000,7.110,92.420,92.420,85.310,7.110,ES - Electric sounder measurement,0.01 Ft,Department of Water Resources,Voluntary,10,16,2012
Glenn_01.01.2003-06.21.2013.csv,Glenn,39.4661,-122.1076,W001,2013-09-18 13:29:54,394661N1221076W001,19N02W29Q001M,3/18/2013,00:00,,,4.150,0.000,4.150,92.420,92.420,88.270,4.150,ES - Electric sounder measurement,0.01 Ft,Department of Water Resources,Voluntary,3,18,2013
Glenn_01.01.2003-06.21.2013.csv,Glenn,39.4665,-122.167,W001,2013-09-18 13:29:54,394665N1221670W001,19N03W26P001M,10/11/2011,00:00,,,3.600,0.000,3.600,103.430,100.430,99.830,0.600,ST - Steel tape measurement,0.1 Ft,Department of Water Resources,Voluntary,10,11,2011
Glenn_01.01.2003-06.21.2013.csv,Glenn,39.4665,-122.167,W001,2013-09-18 13:29:54,394665N1221670W001,19N03W26P001M,3/27/2012,00:00,,,2.960,0.000,2.960,103.430,100.430,100.470,-0.040,ES - Electric sounder measurement,0.01 Ft,Department of Water Resources,Voluntary,3,27,2012
Glenn_01.01.2003-06.21.2013.csv,Glenn,39.4665,-122.167,W001,2013-09-18 13:29:54,394665N1221670W001,19N03W26P001M,7/31/2012,00:00,,,6.000,3.000,3.000,103.430,100.430,100.430,0.000,ST - Steel tape measurement,0.01 Ft,Department of Water Resources,Voluntary,7,31,2012
Glenn_01.01.2003-06.21.2013.csv,Glenn,39.4665,-122.167,W001,2013-09-18 13:29:54,394665N1221670W001,19N03W26P001M,10/16/2012,00:00,,,5.000,0.700,4.300,103.430,100.430,99.130,1.300,ST - Steel tape measurement,0.1 Ft,Department of Water Resources,Voluntary,10,16,2012
Glenn_01.01.2003-06.21.2013.csv,Glenn,39.4665,-122.167,W001,2013-09-18 13:29:54,394665N1221670W001,19N03W26P001M,3/11/2003,00:00,,,2.200,0.000,2.200,103.430,100.430,101.230,-0.800,UNK - Unknown,Unknown,Department of Water Resources,Voluntary,3,11,2003
Glenn_01.01.2003-06.21.2013.csv,Glenn,39.4665,-122.167,W001,2013-09-18 13:29:54,394665N1221670W001,19N03W26P001M,4/10/2003,00:00,,,2.900,0.000,2.900,103.430,100.430,100.530,-0.100,UNK - Unknown,Unknown,Department of Water Resources,Voluntary,4,10,2003
Glenn_01.01.2003-06.21.2013.csv,Glenn,39.4665,-122.167,W001,2013-09-18 13:29:54,394665N1221670W001,19N03W26P001M,5/19/2003,00:00,,,2.700,0.000,2.700,103.430,100.430,100.730,-0.300,UNK - Unknown,Unknown,Department of Water Resources,Voluntary,5,19,2003
Glenn_01.01.2003-06.21.2013.csv,Glenn,39.4665,-122.167,W001,2013-09-18 13:29:54,394665N1221670W001,19N03W26P001M,6/19/2003,00:00,,,2.500,0.000,2.500,103.430,100.430,100.930,-0.500,UNK - Unknown,Unknown,Department of Water Resources,Voluntary,6,19,2003
Glenn_01.01.2003-06.21.2013.csv,Glenn,39.4665,-122.167,W001,2013-09-18 13:29:54,394665N1221670W001,19N03W26P001M,7/29/2003,00:00,,,2.900,0.000,2.900,103.430,100.430,100.530,-0.100,UNK - Unknown,Unknown,Department of Water Resources,Voluntary,7,29,2003
Glenn_01.01.2003-06.21.2013.csv,Glenn,39.4665,-122.167,W001,2013-09-18 13:29:54,394665N1221670W001,19N03W26P001M,8/29/2003,00:00,,,3.500,0.000,3.500,103.430,100.430,99.930,0.500,UNK - Unknown,Unknown,Department of Water Resources,Voluntary,8,29,2003
Glenn_01.01.2003-06.21.2013.csv,Glenn,39.4665,-122.167,W001,2013-09-18 13:29:54,394665N1221670W001,19N03W26P001M,9/17/2003,00:00,,,3.300,0.000,3.300,103.430,100.430,100.130,0.300,UNK - Unknown,Unknown,Department of Water Resources,Voluntary,9,17,2003
Glenn_01.01.2003-06.21.2013.csv,Glenn,39.4665,-122.167,W001,2013-09-18 13:29:54,394665N1221670W001,19N03W26P001M,10/14/2003,00:00,,,3.800,0.000,3.800,103.430,100.430,99.630,0.800,UNK - Unknown,Unknown,Department of Water Resources,Voluntary,10,14,2003
Glenn_01.01.2003-06.21.2013.csv,Glenn,39.4665,-122.167,W001,2013-09-18 13:29:54,394665N1221670W001,19N03W26P001M,11/18/2003,00:00,,,3.100,0.000,3.100,103.430,100.430,100.330,0.100,UNK - Unknown,Unknown,Department of Water Resources,Voluntary,11,18,2003
Glenn_01.01.2003-06.21.2013.csv,Glenn,39.4665,-122.167,W001,2013-09-18 13:29:54,394665N1221670W001,19N03W26P001M,4/1/2004,00:00,,4 - Pumped recently,4.800,0.000,4.800,103.430,100.430,98.630,1.800,UNK - Unknown,Unknown,Department of Water Resources,Voluntary,4,1,2004
Glenn_01.01.2003-06.21.2013.csv,Glenn,39.4665,-122.167,W001,2013-09-18 13:29:54,394665N1221670W001,19N03W26P001M,4/29/2004,00:00,,4 - Pumped recently,6.000,0.000,6.000,103.430,100.430,97.430,3.000,UNK - Unknown,Unknown,Department of Water Resources,Voluntary,4,29,2004
Glenn_01.01.2003-06.21.2013.csv,Glenn,39.4665,-122.167,W001,2013-09-18 13:29:54,394665N1221670W001,19N03W26P001M,5/25/2004,00:00,,1 - Pumping,6.400,0.000,6.400,103.430,100.430,97.030,3.400,UNK - Unknown,Unknown,Department of Water Resources,Voluntary,5,25,2004
Glenn_01.01.2003-06.21.2013.csv,Glenn,39.4665,-122.167,W001,2013-09-18 13:29:54,394665N1221670W001,19N03W26P001M,6/23/2004,00:00,,,2.600,0.000,2.600,103.430,100.430,100.830,-0.400,UNK - Unknown,Unknown,Department of Water Resources,Voluntary,6,23,2004
Glenn_01.01.2003-06.21.2013.csv,Glenn,39.4665,-122.167,W001,2013-09-18 13:29:54,394665N1221670W001,19N03W26P001M,7/28/2004,00:00,,,2.900,0.000,2.900,103.430,100.430,100.530,-0.100,UNK - Unknown,Unknown,Department of Water Resources,Voluntary,7,28,2004
Glenn_01.01.2003-06.21.2013.csv,Glenn,39.4665,-122.167,W001,2013-09-18 13:29:54,394665N1221670W001,19N03W26P001M,8/23/2004,00:00,,,4.400,0.000,4.400,103.430,100.430,99.030,1.400,UNK - Unknown,Unknown,Department of Water Resources,Voluntary,8,23,2004
Glenn_01.01.2003-06.21.2013.csv,Glenn,39.4665,-122.167,W001,2013-09-18 13:29:54,394665N1221670W001,19N03W26P001M,9/21/2004,00:00,,,3.900,0.000,3.900,103.430,100.430,99.530,0.900,UNK - Unknown,Unknown,Department of Water Resources,Voluntary,9,21,2004
Glenn_01.01.2003-06.21.2013.csv,Glenn,39.4665,-122.167,W001,2013-09-18 13:29:54,394665N1221670W001,19N03W26P001M,10/19/2004,00:00,,,4.000,0.000,4.000,103.430,100.430,99.430,1.000,UNK - Unknown,Unknown,Department of Water Resources,Voluntary,10,19,2004
Glenn_01.01.2003-06.21.2013.csv,Glenn,39.4665,-122.167,W001,2013-09-18 13:29:54,394665N1221670W001,19N03W26P001M,11/17/2004,00:00,,,4.000,0.000,4.000,103.430,100.430,99.430,1.000,UNK - Unknown,Unknown,Department of Water Resources,Voluntary,11,17,2004
Glenn_01.01.2003-06.21.2013.csv,Glenn,39.4665,-122.167,W001,2013-09-18 13:29:54,394665N1221670W001,19N03W26P001M,3/30/2005,00:00,,,1.800,0.000,1.800,103.430,100.430,101.630,-1.200,UNK - Unknown,Unknown,Department of Water Resources,Voluntary,3,30,2005
Glenn_01.01.2003-06.21.2013.csv,Glenn,39.4665,-122.167,W001,2013-09-18 13:29:54,394665N1221670W001,19N03W26P001M,4/27/2005,00:00,,,3.000,0.000,3.000,103.430,100.430,100.430,0.000,UNK - Unknown,Unknown,Department of Water Resources,Voluntary,4,27,2005
Glenn_01.01.2003-06.21.2013.csv,Glenn,39.4665,-122.167,W001,2013-09-18 13:29:54,394665N1221670W001,19N03W26P001M,5/24/2005,00:00,,,2.000,0.000,2.000,103.430,100.430,101.430,-1.000,UNK - Unknown,Unknown,Department of Water Resources,Voluntary,5,24,2005
Glenn_01.01.2003-06.21.2013.csv,Glenn,39.4665,-122.167,W001,2013-09-18 13:29:54,394665N1221670W001,19N03W26P001M,6/21/2005,00:00,,,1.600,0.000,1.600,103.430,100.430,101.830,-1.400,UNK - Unknown,Unknown,Department of Water Resources,Voluntary,6,21,2005
Glenn_01.01.2003-06.21.2013.csv,Glenn,39.4665,-122.167,W001,2013-09-18 13:29:54,394665N1221670W001,19N03W26P001M,7/26/2005,00:00,,,2.600,0.000,2.600,103.430,100.430,100.830,-0.400,UNK - Unknown,Unknown,Department of Water Resources,Voluntary,7,26,2005
Glenn_01.01.2003-06.21.2013.csv,Glenn,39.4665,-122.167,W001,2013-09-18 13:29:54,394665N1221670W001,19N03W26P001M,8/23/2005,00:00,,,3.100,0.000,3.100,103.430,100.430,100.330,0.100,UNK - Unknown,Unknown,Department of Water Resources,Voluntary,8,23,2005
Glenn_01.01.2003-06.21.2013.csv,Glenn,39.4665,-122.167,W001,2013-09-18 13:29:54,394665N1221670W001,19N03W26P001M,9/27/2005,00:00,,,3.700,0.000,3.700,103.430,100.430,99.730,0.700,UNK - Unknown,Unknown,Department of Water Resources,Voluntary,9,27,2005
Glenn_01.01.2003-06.21.2013.csv,Glenn,39.4665,-122.167,W001,2013-09-18 13:29:54,394665N1221670W001,19N03W26P001M,10/18/2005,00:00,,4 - Pumped recently,5.100,0.000,5.100,103.430,100.430,98.330,2.100,UNK - Unknown,Unknown,Department of Water Resources,Voluntary,10,18,2005
Glenn_01.01.2003-06.21.2013.csv,Glenn,39.4665,-122.167,W001,2013-09-18 13:29:54,394665N1221670W001,19N03W26P001M,3/28/2006,00:00,,,1.300,0.000,1.300,103.430,100.430,102.130,-1.700,UNK - Unknown,Unknown,Department of Water Resources,Voluntary,3,28,2006
Glenn_01.01.2003-06.21.2013.csv,Glenn,39.4665,-122.167,W001,2013-09-18 13:29:54,394665N1221670W001,19N03W26P001M,5/17/2006,00:00,,,1.700,0.000,1.700,103.430,100.430,101.730,-1.300,UNK - Unknown,Unknown,Department of Water Resources,Voluntary,5,17,2006
Glenn_01.01.2003-06.21.2013.csv,Glenn,39.4665,-122.167,W001,2013-09-18 13:29:54,394665N1221670W001,19N03W26P001M,7/31/2006,00:00,,,2.100,0.000,2.100,103.430,100.430,101.330,-0.900,UNK - Unknown,Unknown,Department of Water Resources,Voluntary,7,31,2006
Glenn_01.01.2003-06.21.2013.csv,Glenn,39.4665,-122.167,W001,2013-09-18 13:29:54,394665N1221670W001,19N03W26P001M,10/11/2006,00:00,,,3.000,0.000,3.000,103.430,100.430,100.430,0.000,UNK - Unknown,Unknown,Department of Water Resources,Voluntary,10,11,2006
Glenn_01.01.2003-06.21.2013.csv,Glenn,39.4665,-122.167,W001,2013-09-18 13:29:54,394665N1221670W001,19N03W26P001M,3/21/2007,00:00,,,2.300,0.000,2.300,103.430,100.430,101.130,-0.700,UNK - Unknown,Unknown,Department of Water Resources,Voluntary,3,21,2007
Glenn_01.01.2003-06.21.2013.csv,Glenn,39.4665,-122.167,W001,2013-09-18 13:29:54,394665N1221670W001,19N03W26P001M,8/6/2007,00:00,,,3.500,0.000,3.500,103.430,100.430,99.930,0.500,UNK - Unknown,Unknown,Department of Water Resources,Voluntary,8,6,2007
Glenn_01.01.2003-06.21.2013.csv,Glenn,39.4665,-122.167,W001,2013-09-18 13:29:54,394665N1221670W001,19N03W26P001M,10/15/2007,00:00,,,4.200,0.000,4.200,103.430,100.430,99.230,1.200,UNK - Unknown,Unknown,Department of Water Resources,Voluntary,10,15,2007
Glenn_01.01.2003-06.21.2013.csv,Glenn,39.4665,-122.167,W001,2013-09-18 13:29:54,394665N1221670W001,19N03W26P001M,3/11/2008,00:00,,,2.400,0.000,2.400,103.430,100.430,101.030,-0.600,UNK - Unknown,Unknown,Department of Water Resources,Voluntary,3,11,2008
Glenn_01.01.2003-06.21.2013.csv,Glenn,39.4665,-122.167,W001,2013-09-18 13:29:54,394665N1221670W001,19N03W26P001M,8/5/2008,00:00,,,3.700,0.000,3.700,103.430,100.430,99.730,0.700,UNK - Unknown,Unknown,Department of Water Resources,Voluntary,8,5,2008
Glenn_01.01.2003-06.21.2013.csv,Glenn,39.4665,-122.167,W001,2013-09-18 13:29:54,394665N1221670W001,19N03W26P001M,10/20/2008,00:00,,,4.700,0.000,4.700,103.430,100.430,98.730,1.700,UNK - Unknown,Unknown,Department of Water Resources,Voluntary,10,20,2008
Glenn_01.01.2003-06.21.2013.csv,Glenn,39.4665,-122.167,W001,2013-09-18 13:29:54,394665N1221670W001,19N03W26P001M,1/13/2009,00:00,,,3.900,0.000,3.900,103.430,100.430,99.530,0.900,UNK - Unknown,Unknown,Department of Water Resources,Voluntary,1,13,2009
Glenn_01.01.2003-06.21.2013.csv,Glenn,39.4665,-122.167,W001,2013-09-18 13:29:54,394665N1221670W001,19N03W26P001M,3/26/2009,00:00,,,3.000,0.000,3.000,103.430,100.430,100.430,0.000,UNK - Unknown,Unknown,Department of Water Resources,Voluntary,3,26,2009
Glenn_01.01.2003-06.21.2013.csv,Glenn,39.4665,-122.167,W001,2013-09-18 13:29:54,394665N1221670W001,19N03W26P001M,5/12/2009,00:00,,,3.300,0.000,3.300,103.430,100.430,100.130,0.300,UNK - Unknown,Unknown,Department of Water Resources,Voluntary,5,12,2009
Glenn_01.01.2003-06.21.2013.csv,Glenn,39.4665,-122.167,W001,2013-09-18 13:29:54,394665N1221670W001,19N03W26P001M,6/24/2009,00:00,,,3.300,0.000,3.300,103.430,100.430,100.130,0.300,UNK - Unknown,Unknown,Department of Water Resources,Voluntary,6,24,2009
Glenn_01.01.2003-06.21.2013.csv,Glenn,39.4665,-122.167,W001,2013-09-18 13:29:54,394665N1221670W001,19N03W26P001M,8/4/2009,00:00,,,3.600,0.000,3.600,103.430,100.430,99.830,0.600,UNK - Unknown,Unknown,Department of Water Resources,Voluntary,8,4,2009
Glenn_01.01.2003-06.21.2013.csv,Glenn,39.4665,-122.167,W001,2013-09-18 13:29:54,394665N1221670W001,19N03W26P001M,9/14/2009,00:00,,,4.230,0.000,4.230,103.430,100.430,99.200,1.230,UNK - Unknown,Unknown,Department of Water Resources,Voluntary,9,14,2009
Glenn_01.01.2003-06.21.2013.csv,Glenn,39.4665,-122.167,W001,2013-09-18 13:29:54,394665N1221670W001,19N03W26P001M,10/21/2009,00:00,,,4.320,0.000,4.320,103.430,100.430,99.110,1.320,UNK - Unknown,Unknown,Department of Water Resources,Voluntary,10,21,2009
Glenn_01.01.2003-06.21.2013.csv,Glenn,39.4665,-122.167,W001,2013-09-18 13:29:54,394665N1221670W001,19N03W26P001M,3/23/2010,00:00,,,2.930,0.000,2.930,103.430,100.430,100.500,-0.070,UNK - Unknown,Unknown,Department of Water Resources,Voluntary,3,23,2010
Glenn_01.01.2003-06.21.2013.csv,Glenn,39.4665,-122.167,W001,2013-09-18 13:29:54,394665N1221670W001,19N03W26P001M,8/4/2010,00:00,,,3.200,0.000,3.200,103.430,100.430,100.230,0.200,UNK - Unknown,Unknown,Department of Water Resources,Voluntary,8,4,2010
Glenn_01.01.2003-06.21.2013.csv,Glenn,39.4665,-122.167,W001,2013-09-18 13:29:54,394665N1221670W001,19N03W26P001M,10/19/2010,00:00,,,3.900,0.000,3.900,103.430,100.430,99.530,0.900,UNK - Unknown,Unknown,Department of Water Resources,Voluntary,10,19,2010
Glenn_01.01.2003-06.21.2013.csv,Glenn,39.4665,-122.167,W001,2013-09-18 13:29:54,394665N1221670W001,19N03W26P001M,4/4/2011,00:00,,,2.400,0.000,2.400,103.430,100.430,101.030,-0.600,UNK - Unknown,Unknown,Department of Water Resources,Voluntary,4,4,2011
Glenn_01.01.2003-06.21.2013.csv,Glenn,39.4665,-122.167,W001,2013-09-18 13:29:54,394665N1221670W001,19N03W26P001M,8/2/2011,00:00,,,2.500,0.000,2.500,103.430,100.430,100.930,-0.500,UNK - Unknown,Unknown,Department of Water Resources,Voluntary,8,2,2011
Glenn_01.01.2003-06.21.2013.csv,Glenn,39.4665,-122.167,W001,2013-09-18 13:29:54,394665N1221670W001,19N03W26P001M,10/11/2011,00:00,,,3.600,0.000,3.600,103.430,100.430,99.830,0.600,UNK - Unknown,Unknown,Department of Water Resources,Voluntary,10,11,2011
Glenn_01.01.2003-06.21.2013.csv,Glenn,39.4665,-122.167,W001,2013-09-18 13:29:54,394665N1221670W001,19N03W26P001M,3/18/2013,00:00,,,5.000,2.000,3.000,103.430,100.430,100.430,0.000,ST - Steel tape measurement,0.1 Ft,Department of Water Resources,Voluntary,3,18,2013
Glenn_01.01.2003-06.21.2013.csv,Glenn,39.48,-122.2559,W001,2013-09-18 13:29:54,394800N1222559W001,19N04W25B001M,10/11/2011,00:00,,,7.400,0.000,7.400,154.770,154.770,147.370,7.400,ST - Steel tape measurement,0.1 Ft,Department of Water Resources,Voluntary,10,11,2011
Glenn_01.01.2003-06.21.2013.csv,Glenn,39.48,-122.2559,W001,2013-09-18 13:29:54,394800N1222559W001,19N04W25B001M,3/27/2012,00:00,,,9.000,-0.600,9.600,154.770,154.770,145.170,9.600,ST - Steel tape measurement,0.1 Ft,Department of Water Resources,Voluntary,3,27,2012
Glenn_01.01.2003-06.21.2013.csv,Glenn,39.48,-122.2559,W001,2013-09-18 13:29:54,394800N1222559W001,19N04W25B001M,7/31/2012,00:00,,,15.000,5.500,9.500,154.770,154.770,145.270,9.500,ST - Steel tape measurement,0.1 Ft,Department of Water Resources,Voluntary,7,31,2012
Glenn_01.01.2003-06.21.2013.csv,Glenn,39.48,-122.2559,W001,2013-09-18 13:29:54,394800N1222559W001,19N04W25B001M,10/16/2012,00:00,,,9.720,5.500,4.220,154.770,154.770,150.550,4.220,ST - Steel tape measurement,0.1 Ft,Department of Water Resources,Voluntary,10,16,2012
Glenn_01.01.2003-06.21.2013.csv,Glenn,39.48,-122.2559,W001,2013-09-18 13:29:54,394800N1222559W001,19N04W25B001M,3/18/2013,00:00,,,10.080,0.000,10.080,154.770,154.770,144.690,10.080,ES - Electric sounder measurement,0.1 Ft,Department of Water Resources,Voluntary,3,18,2013
Glenn_01.01.2003-06.21.2013.csv,Glenn,39.4927,-121.9648,W001,2013-09-18 13:29:54,394927N1219648W001,19N01W22D004M,10/11/2011,00:00,,,10.190,0.000,10.190,89.680,87.380,79.490,7.890,ES - Electric sounder measurement,0.01 Ft,Department of Water Resources,CASGEM,10,11,2011
Glenn_01.01.2003-06.21.2013.csv,Glenn,39.4927,-121.9648,W001,2013-09-18 13:29:54,394927N1219648W001,19N01W22D004M,3/28/2012,00:00,,,8.100,0.000,8.100,89.680,87.380,81.580,5.800,ES - Electric sounder measurement,0.01 Ft,Department of Water Resources,CASGEM,3,28,2012
Glenn_01.01.2003-06.21.2013.csv,Glenn,39.4927,-121.9648,W001,2013-09-18 13:29:54,394927N1219648W001,19N01W22D004M,7/31/2012,00:00,,,13.560,0.000,13.560,89.680,87.380,76.120,11.260,ES - Electric sounder measurement,0.01 Ft,Department of Water Resources,CASGEM,7,31,2012
Glenn_01.01.2003-06.21.2013.csv,Glenn,39.4927,-121.9648,W001,2013-09-18 13:29:54,394927N1219648W001,19N01W22D004M,10/16/2012,00:00,,,12.190,0.000,12.190,89.680,87.380,77.490,9.890,ES - Electric sounder measurement,0.01 Ft,Department of Water Resources,CASGEM,10,16,2012
Glenn_01.01.2003-06.21.2013.csv,Glenn,39.4927,-121.9648,W001,2013-09-18 13:29:54,394927N1219648W001,19N01W22D004M,8/7/2006,00:00,,,10.450,0.000,10.450,89.680,87.380,79.230,8.150,UNK - Unknown,Unknown,Department of Water Resources,Voluntary,8,7,2006
Glenn_01.01.2003-06.21.2013.csv,Glenn,39.4927,-121.9648,W001,2013-09-18 13:29:54,394927N1219648W001,19N01W22D004M,1/18/2008,00:00,,,7.660,0.000,7.660,89.680,87.380,82.020,5.360,UNK - Unknown,Unknown,Department of Water Resources,Voluntary,1,18,2008
Glenn_01.01.2003-06.21.2013.csv,Glenn,39.4927,-121.9648,W001,2013-09-18 13:29:54,394927N1219648W001,19N01W22D004M,10/15/2007,00:00,,,9.950,0.000,9.950,89.680,87.380,79.730,7.650,UNK - Unknown,Unknown,Department of Water Resources,Voluntary,10,15,2007
Glenn_01.01.2003-06.21.2013.csv,Glenn,39.4927,-121.9648,W001,2013-09-18 13:29:54,394927N1219648W001,19N01W22D004M,9/11/2007,00:00,,,11.500,0.000,11.500,89.680,87.380,78.180,9.200,UNK - Unknown,Unknown,Department of Water Resources,Voluntary,9,11,2007
Glenn_01.01.2003-06.21.2013.csv,Glenn,39.4927,-121.9648,W001,2013-09-18 13:29:54,394927N1219648W001,19N01W22D004M,3/11/2008,00:00,,,6.530,0.000,6.530,89.680,87.380,83.150,4.230,UNK - Unknown,Unknown,Department of Water Resources,Voluntary,3,11,2008
Glenn_01.01.2003-06.21.2013.csv,Glenn,39.4927,-121.9648,W001,2013-09-18 13:29:54,394927N1219648W001,19N01W22D004M,7/29/2008,00:00,,,13.870,0.000,13.870,89.680,87.380,75.810,11.570,UNK - Unknown,Unknown,Department of Water Resources,Voluntary,7,29,2008
Glenn_01.01.2003-06.21.2013.csv,Glenn,39.4927,-121.9648,W001,2013-09-18 13:29:54,394927N1219648W001,19N01W22D004M,8/6/2008,00:00,,,13.610,0.000,13.610,89.680,87.380,76.070,11.310,UNK - Unknown,Unknown,Department of Water Resources,Voluntary,8,6,2008
Glenn_01.01.2003-06.21.2013.csv,Glenn,39.4927,-121.9648,W001,2013-09-18 13:29:54,394927N1219648W001,19N01W22D004M,3/31/2006,00:00,,,3.990,0.000,3.990,89.680,87.380,85.690,1.690,UNK - Unknown,Unknown,Department of Water Resources,Voluntary,3,31,2006
Glenn_01.01.2003-06.21.2013.csv,Glenn,39.4927,-121.9648,W001,2013-09-18 13:29:54,394927N1219648W001,19N01W22D004M,8/1/2006,00:00,,,10.020,0.000,10.020,89.680,87.380,79.660,7.720,UNK - Unknown,Unknown,Department of Water Resources,Voluntary,DATALOGGER MEASUREMENT8,1,2006
Glenn_01.01.2003-06.21.2013.csv,Glenn,39.4927,-121.9648,W001,2013-09-18 13:29:54,394927N1219648W001,19N01W22D004M,10/11/2006,00:00,,,8.280,0.000,8.280,89.680,87.380,81.400,5.980,UNK - Unknown,Unknown,Department of Water Resources,Voluntary,DATALOGGER MEASUREMENT10,11,2006
Glenn_01.01.2003-06.21.2013.csv,Glenn,39.4927,-121.9648,W001,2013-09-18 13:29:54,394927N1219648W001,19N01W22D004M,3/21/2007,00:00,,,6.050,0.000,6.050,89.680,87.380,83.630,3.750,UNK - Unknown,Unknown,Department of Water Resources,Voluntary,DATALOGGER MEASUREMENT3,21,2007
Glenn_01.01.2003-06.21.2013.csv,Glenn,39.4927,-121.9648,W001,2013-09-18 13:29:54,394927N1219648W001,19N01W22D004M,8/7/2007,00:00,,,12.280,0.000,12.280,89.680,87.380,77.400,9.980,UNK - Unknown,Unknown,Department of Water Resources,Voluntary,DATALOGGER MEASUREMENT8,7,2007
Glenn_01.01.2003-06.21.2013.csv,Glenn,39.4927,-121.9648,W001,2013-09-18 13:29:54,394927N1219648W001,19N01W22D004M,10/20/2008,00:00,,,11.690,0.000,11.690,89.680,87.380,77.990,9.390,UNK - Unknown,Unknown,Department of Water Resources,Voluntary,10,20,2008
Glenn_01.01.2003-06.21.2013.csv,Glenn,39.4927,-121.9648,W001,2013-09-18 13:29:54,394927N1219648W001,19N01W22D004M,1/13/2009,00:00,,,8.880,0.000,8.880,89.680,87.380,80.800,6.580,UNK - Unknown,Unknown,Department of Water Resources,Voluntary,1,13,2009
Glenn_01.01.2003-06.21.2013.csv,Glenn,39.4927,-121.9648,W001,2013-09-18 13:29:54,394927N1219648W001,19N01W22D004M,3/26/2009,00:00,,,7.320,0.000,7.320,89.680,87.380,82.360,5.020,UNK - Unknown,Unknown,Department of Water Resources,Voluntary,3,26,2009
Glenn_01.01.2003-06.21.2013.csv,Glenn,39.4927,-121.9648,W001,2013-09-18 13:29:54,394927N1219648W001,19N01W22D004M,5/12/2009,00:00,,,10.690,0.000,10.690,89.680,87.380,78.990,8.390,UNK - Unknown,Unknown,Department of Water Resources,Voluntary,5,12,2009
Glenn_01.01.2003-06.21.2013.csv,Glenn,39.4927,-121.9648,W001,2013-09-18 13:29:54,394927N1219648W001,19N01W22D004M,6/24/2009,00:00,,,11.890,0.000,11.890,89.680,87.380,77.790,9.590,UNK - Unknown,Unknown,Department of Water Resources,Voluntary,6,24,2009
Glenn_01.01.2003-06.21.2013.csv,Glenn,39.4927,-121.9648,W001,2013-09-18 13:29:54,394927N1219648W001,19N01W22D004M,8/3/2009,00:00,,,24.060,0.000,24.060,89.680,87.380,65.620,21.760,UNK - Unknown,Unknown,Department of Water Resources,Voluntary,8,3,2009
Glenn_01.01.2003-06.21.2013.csv,Glenn,39.4927,-121.9648,W001,2013-09-18 13:29:54,394927N1219648W001,19N01W22D004M,9/14/2009,00:00,,,11.710,0.000,11.710,89.680,87.380,77.970,9.410,UNK - Unknown,Unknown,Department of Water Resources,Voluntary,9,14,2009
Glenn_01.01.2003-06.21.2013.csv,Glenn,39.4927,-121.9648,W001,2013-09-18 13:29:54,394927N1219648W001,19N01W22D004M,10/21/2009,00:00,,,11.590,0.000,11.590,89.680,87.380,78.090,9.290,UNK - Unknown,Unknown,Department of Water Resources,Voluntary,10,21,2009
Glenn_01.01.2003-06.21.2013.csv,Glenn,39.4927,-121.9648,W001,2013-09-18 13:29:54,394927N1219648W001,19N01W22D004M,3/23/2010,00:00,,,10.000,0.000,10.000,89.680,87.380,79.680,7.700,UNK - Unknown,Unknown,Department of Water Resources,Voluntary,3,23,2010
Glenn_01.01.2003-06.21.2013.csv,Glenn,39.4927,-121.9648,W001,2013-09-18 13:29:54,394927N1219648W001,19N01W22D004M,8/4/2010,00:00,,,12.650,0.000,12.650,89.680,87.380,77.030,10.350,UNK - Unknown,Unknown,Department of Water Resources,Voluntary,8,4,2010
Glenn_01.01.2003-06.21.2013.csv,Glenn,39.4927,-121.9648,W001,2013-09-18 13:29:54,394927N1219648W001,19N01W22D004M,10/19/2010,00:00,,,11.030,0.000,11.030,89.680,87.380,78.650,8.730,UNK - Unknown,Unknown,Department of Water Resources,Voluntary,10,19,2010
Glenn_01.01.2003-06.21.2013.csv,Glenn,39.4927,-121.9648,W001,2013-09-18 13:29:54,394927N1219648W001,19N01W22D004M,4/4/2011,00:00,,,5.830,0.000,5.830,89.680,87.380,83.850,3.530,UNK - Unknown,Unknown,Department of Water Resources,Voluntary,4,4,2011
Glenn_01.01.2003-06.21.2013.csv,Glenn,39.4927,-121.9648,W001,2013-09-18 13:29:54,394927N1219648W001,19N01W22D004M,8/2/2011,00:00,,,11.130,0.000,11.130,89.680,87.380,78.550,8.830,UNK - Unknown,Unknown,Department of Water Resources,Voluntary,8,2,2011
Glenn_01.01.2003-06.21.2013.csv,Glenn,39.4927,-121.9648,W001,2013-09-18 13:29:54,394927N1219648W001,19N01W22D004M,10/11/2011,00:00,,,10.190,0.000,10.190,89.680,87.380,79.490,7.890,UNK - Unknown,Unknown,Department of Water Resources,Voluntary,10,11,2011
Glenn_01.01.2003-06.21.2013.csv,Glenn,39.4927,-121.9648,W001,2013-09-18 13:29:54,394927N1219648W001,19N01W22D004M,3/18/2013,00:00,,,8.260,0.000,8.260,89.680,87.380,81.420,5.960,ES - Electric sounder measurement,0.01 Ft,Department of Water Resources,CASGEM,3,18,2013
Glenn_01.01.2003-06.21.2013.csv,Glenn,39.4927,-121.9648,W002,2013-09-18 13:29:54,394927N1219648W002,19N01W22D005M,10/11/2011,00:00,,,15.170,0.000,15.170,89.870,87.380,74.700,12.680,ES - Electric sounder measurement,0.01 Ft,Department of Water Resources,CASGEM,10,11,2011
Glenn_01.01.2003-06.21.2013.csv,Glenn,39.4927,-121.9648,W002,2013-09-18 13:29:54,394927N1219648W002,19N01W22D005M,3/28/2012,00:00,,,12.750,0.000,12.750,89.870,87.380,77.120,10.260,ES - Electric sounder measurement,0.01 Ft,Department of Water Resources,CASGEM,3,28,2012
Glenn_01.01.2003-06.21.2013.csv,Glenn,39.4927,-121.9648,W002,2013-09-18 13:29:54,394927N1219648W002,19N01W22D005M,7/31/2012,00:00,,,22.600,0.000,22.600,89.870,87.380,67.270,20.110,ES - Electric sounder measurement,0.01 Ft,Department of Water Resources,CASGEM,7,31,2012
Glenn_01.01.2003-06.21.2013.csv,Glenn,39.4927,-121.9648,W002,2013-09-18 13:29:54,394927N1219648W002,19N01W22D005M,10/16/2012,00:00,,,17.220,0.000,17.220,89.870,87.380,72.650,14.730,ES - Electric sounder measurement,0.01 Ft,Department of Water Resources,CASGEM,10,16,2012
Glenn_01.01.2003-06.21.2013.csv,Glenn,39.4927,-121.9648,W002,2013-09-18 13:29:54,394927N1219648W002,19N01W22D005M,1/18/2008,00:00,,,11.800,0.000,11.800,89.870,87.380,78.070,9.310,UNK - Unknown,Unknown,Department of Water Resources,Voluntary,1,18,2008
Glenn_01.01.2003-06.21.2013.csv,Glenn,39.4927,-121.9648,W002,2013-09-18 13:29:54,394927N1219648W002,19N01W22D005M,10/15/2007,00:00,,,15.300,0.000,15.300,89.870,87.380,74.570,12.810,UNK - Unknown,Unknown,Department of Water Resources,Voluntary,10,15,2007
Glenn_01.01.2003-06.21.2013.csv,Glenn,39.4927,-121.9648,W002,2013-09-18 13:29:54,394927N1219648W002,19N01W22D005M,9/11/2007,00:00,,,24.080,0.000,24.080,89.870,87.380,65.790,21.590,UNK - Unknown,Unknown,Department of Water Resources,Voluntary,9,11,2007
Glenn_01.01.2003-06.21.2013.csv,Glenn,39.4927,-121.9648,W002,2013-09-18 13:29:54,394927N1219648W002,19N01W22D005M,3/11/2008,00:00,,,10.540,0.000,10.540,89.870,87.380,79.330,8.050,UNK - Unknown,Unknown,Department of Water Resources,Voluntary,3,11,2008
Glenn_01.01.2003-06.21.2013.csv,Glenn,39.4927,-121.9648,W002,2013-09-18 13:29:54,394927N1219648W002,19N01W22D005M,7/29/2008,00:00,,,23.480,0.000,23.480,89.870,87.380,66.390,20.990,UNK - Unknown,Unknown,Department of Water Resources,Voluntary,7,29,2008
Glenn_01.01.2003-06.21.2013.csv,Glenn,39.4927,-121.9648,W002,2013-09-18 13:29:54,394927N1219648W002,19N01W22D005M,8/6/2008,00:00,,,26.080,0.000,26.080,89.870,87.380,63.790,23.590,UNK - Unknown,Unknown,Department of Water Resources,Voluntary,8,6,2008
Glenn_01.01.2003-06.21.2013.csv,Glenn,39.4927,-121.9648,W002,2013-09-18 13:29:54,394927N1219648W002,19N01W22D005M,3/31/2006,00:00,,,7.190,0.000,7.190,89.870,87.380,82.680,4.700,UNK - Unknown,Unknown,Department of Water Resources,Voluntary,DATALOGGER MEASUREMENT3,31,2006
Glenn_01.01.2003-06.21.2013.csv,Glenn,39.4927,-121.9648,W002,2013-09-18 13:29:54,394927N1219648W002,19N01W22D005M,8/1/2006,00:00,,,22.790,0.000,22.790,89.870,87.380,67.080,20.300,UNK - Unknown,Unknown,Department of Water Resources,Voluntary,DATALOGGER MEASUREMENT8,1,2006
Glenn_01.01.2003-06.21.2013.csv,Glenn,39.4927,-121.9648,W002,2013-09-18 13:29:54,394927N1219648W002,19N01W22D005M,10/11/2006,00:00,,,15.020,0.000,15.020,89.870,87.380,74.850,12.530,UNK - Unknown,Unknown,Department of Water Resources,Voluntary,DATALOGGER MEASUREMENT10,11,2006
Glenn_01.01.2003-06.21.2013.csv,Glenn,39.4927,-121.9648,W002,2013-09-18 13:29:54,394927N1219648W002,19N01W22D005M,3/21/2007,00:00,,,12.270,0.000,12.270,89.870,87.380,77.600,9.780,UNK - Unknown,Unknown,Department of Water Resources,Voluntary,DATALOGGER MEASUREMENT3,21,2007
Glenn_01.01.2003-06.21.2013.csv,Glenn,39.4927,-121.9648,W002,2013-09-18 13:29:54,394927N1219648W002,19N01W22D005M,8/7/2007,00:00,,,27.350,0.000,27.350,89.870,87.380,62.520,24.860,UNK - Unknown,Unknown,Department of Water Resources,Voluntary,DATALOGGER MEASUREMENT8,7,2007
Glenn_01.01.2003-06.21.2013.csv,Glenn,39.4927,-121.9648,W002,2013-09-18 13:29:54,394927N1219648W002,19N01W22D005M,8/7/2006,00:00,,,21.100,0.000,21.100,89.870,87.380,68.770,18.610,UNK - Unknown,Unknown,Department of Water Resources,Voluntary,DATALOGGER MEASUREMENT8,7,2006
Glenn_01.01.2003-06.21.2013.csv,Glenn,39.4927,-121.9648,W002,2013-09-18 13:29:54,394927N1219648W002,19N01W22D005M,10/20/2008,00:00,,,18.350,0.000,18.350,89.870,87.380,71.520,15.860,UNK - Unknown,Unknown,Department of Water Resources,Voluntary,10,20,2008
Glenn_01.01.2003-06.21.2013.csv,Glenn,39.4927,-121.9648,W002,2013-09-18 13:29:54,394927N1219648W002,19N01W22D005M,1/13/2009,00:00,,,13.240,0.000,13.240,89.870,87.380,76.630,10.750,UNK - Unknown,Unknown,Department of Water Resources,Voluntary,1,13,2009
Glenn_01.01.2003-06.21.2013.csv,Glenn,39.4927,-121.9648,W002,2013-09-18 13:29:54,394927N1219648W002,19N01W22D005M,3/26/2009,00:00,,,11.700,0.000,11.700,89.870,87.380,78.170,9.210,UNK - Unknown,Unknown,Department of Water Resources,Voluntary,3,26,2009
Glenn_01.01.2003-06.21.2013.csv,Glenn,39.4927,-121.9648,W002,2013-09-18 13:29:54,394927N1219648W002,19N01W22D005M,5/12/2009,00:00,,,17.010,0.000,17.010,89.870,87.380,72.860,14.520,UNK - Unknown,Unknown,Department of Water Resources,Voluntary,5,12,2009
Glenn_01.01.2003-06.21.2013.csv,Glenn,39.4927,-121.9648,W002,2013-09-18 13:29:54,394927N1219648W002,19N01W22D005M,6/24/2009,00:00,,,24.450,0.000,24.450,89.870,87.380,65.420,21.960,UNK - Unknown,Unknown,Department of Water Resources,Voluntary,6,24,2009
Glenn_01.01.2003-06.21.2013.csv,Glenn,39.4927,-121.9648,W002,2013-09-18 13:29:54,394927N1219648W002,19N01W22D005M,8/3/2009,00:00,,,24.210,0.000,24.210,89.870,87.380,65.660,21.720,UNK - Unknown,Unknown,Department of Water Resources,Voluntary,8,3,2009
Glenn_01.01.2003-06.21.2013.csv,Glenn,39.4927,-121.9648,W002,2013-09-18 13:29:54,394927N1219648W002,19N01W22D005M,9/14/2009,00:00,,,19.640,0.000,19.640,89.870,87.380,70.230,17.150,UNK - Unknown,Unknown,Department of Water Resources,Voluntary,9,14,2009
Glenn_01.01.2003-06.21.2013.csv,Glenn,39.4927,-121.9648,W002,2013-09-18 13:29:54,394927N1219648W002,19N01W22D005M,10/21/2009,00:00,,,16.600,0.000,16.600,89.870,87.380,73.270,14.110,UNK - Unknown,Unknown,Department of Water Resources,Voluntary,10,21,2009
Glenn_01.01.2003-06.21.2013.csv,Glenn,39.4927,-121.9648,W002,2013-09-18 13:29:54,394927N1219648W002,19N01W22D005M,3/23/2010,00:00,,,10.670,0.000,10.670,89.870,87.380,79.200,8.180,UNK - Unknown,Unknown,Department of Water Resources,Voluntary,3,23,2010
Glenn_01.01.2003-06.21.2013.csv,Glenn,39.4927,-121.9648,W002,2013-09-18 13:29:54,394927N1219648W002,19N01W22D005M,8/4/2010,00:00,,,22.630,0.000,22.630,89.870,87.380,67.240,20.140,UNK - Unknown,Unknown,Department of Water Resources,Voluntary,8,4,2010
Glenn_01.01.2003-06.21.2013.csv,Glenn,39.4927,-121.9648,W002,2013-09-18 13:29:54,394927N1219648W002,19N01W22D005M,10/19/2010,00:00,,,16.480,0.000,16.480,89.870,87.380,73.390,13.990,UNK - Unknown,Unknown,Department of Water Resources,Voluntary,10,19,2010
Glenn_01.01.2003-06.21.2013.csv,Glenn,39.4927,-121.9648,W002,2013-09-18 13:29:54,394927N1219648W002,19N01W22D005M,4/4/2011,00:00,,,8.130,0.000,8.130,89.870,87.380,81.740,5.640,UNK - Unknown,Unknown,Department of Water Resources,Voluntary,4,4,2011
Glenn_01.01.2003-06.21.2013.csv,Glenn,39.4927,-121.9648,W002,2013-09-18 13:29:54,394927N1219648W002,19N01W22D005M,8/2/2011,00:00,,,21.580,0.000,21.580,89.870,87.380,68.290,19.090,UNK - Unknown,Unknown,Department of Water Resources,Voluntary,8,2,2011
Glenn_01.01.2003-06.21.2013.csv,Glenn,39.4927,-121.9648,W002,2013-09-18 13:29:54,394927N1219648W002,19N01W22D005M,10/11/2011,00:00,,,15.170,0.000,15.170,89.870,87.380,74.700,12.680,UNK - Unknown,Unknown,Department of Water Resources,Voluntary,10,11,2011
Glenn_01.01.2003-06.21.2013.csv,Glenn,39.4927,-121.9648,W002,2013-09-18 13:29:54,394927N1219648W002,19N01W22D005M,3/18/2013,00:00,,,13.020,0.000,13.020,89.870,87.380,76.850,10.530,ES - Electric sounder measurement,0.01 Ft,Department of Water Resources,CASGEM,3,18,2013
Glenn_01.01.2003-06.21.2013.csv,Glenn,39.4927,-121.9648,W003,2013-09-18 13:29:54,394927N1219648W003,19N01W22D006M,10/11/2011,00:00,,,17.430,0.000,17.430,90.180,87.380,72.750,14.630,ES - Electric sounder measurement,0.01 Ft,Department of Water Resources,CASGEM,10,11,2011
Glenn_01.01.2003-06.21.2013.csv,Glenn,39.4927,-121.9648,W003,2013-09-18 13:29:54,394927N1219648W003,19N01W22D006M,3/28/2012,00:00,,,15.270,0.000,15.270,90.180,87.380,74.910,12.470,ES - Electric sounder measurement,0.01 Ft,Department of Water Resources,CASGEM,3,28,2012
Glenn_01.01.2003-06.21.2013.csv,Glenn,39.4927,-121.9648,W003,2013-09-18 13:29:54,394927N1219648W003,19N01W22D006M,7/31/2012,00:00,,,24.000,0.000,24.000,90.180,87.380,66.180,21.200,ES - Electric sounder measurement,0.01 Ft,Department of Water Resources,CASGEM,7,31,2012
Glenn_01.01.2003-06.21.2013.csv,Glenn,39.4927,-121.9648,W003,2013-09-18 13:29:54,394927N1219648W003,19N01W22D006M,10/16/2012,00:00,,,19.920,0.000,19.920,90.180,87.380,70.260,17.120,ES - Electric sounder measurement,0.01 Ft,Department of Water Resources,CASGEM,10,16,2012
Glenn_01.01.2003-06.21.2013.csv,Glenn,39.4927,-121.9648,W003,2013-09-18 13:29:54,394927N1219648W003,19N01W22D006M,8/7/2006,00:00,,,32.960,0.000,32.960,90.180,87.380,57.220,30.160,UNK - Unknown,Unknown,Department of Water Resources,Voluntary,8,7,2006
Glenn_01.01.2003-06.21.2013.csv,Glenn,39.4927,-121.9648,W003,2013-09-18 13:29:54,394927N1219648W003,19N01W22D006M,1/18/2008,00:00,,,14.510,0.000,14.510,90.180,87.380,75.670,11.710,UNK - Unknown,Unknown,Department of Water Resources,Voluntary,1,18,2008
Glenn_01.01.2003-06.21.2013.csv,Glenn,39.4927,-121.9648,W003,2013-09-18 13:29:54,394927N1219648W003,19N01W22D006M,10/15/2007,00:00,,,17.870,0.000,17.870,90.180,87.380,72.310,15.070,UNK - Unknown,Unknown,Department of Water Resources,Voluntary,10,15,2007
Glenn_01.01.2003-06.21.2013.csv,Glenn,39.4927,-121.9648,W003,2013-09-18 13:29:54,394927N1219648W003,19N01W22D006M,9/11/2007,00:00,,,39.960,0.000,39.960,90.180,87.380,50.220,37.160,UNK - Unknown,Unknown,Department of Water Resources,Voluntary,9,11,2007
Glenn_01.01.2003-06.21.2013.csv,Glenn,39.4927,-121.9648,W003,2013-09-18 13:29:54,394927N1219648W003,19N01W22D006M,3/11/2008,00:00,,,12.820,0.000,12.820,90.180,87.380,77.360,10.020,UNK - Unknown,Unknown,Department of Water Resources,Voluntary,3,11,2008
Glenn_01.01.2003-06.21.2013.csv,Glenn,39.4927,-121.9648,W003,2013-09-18 13:29:54,394927N1219648W003,19N01W22D006M,7/29/2008,00:00,,,24.890,0.000,24.890,90.180,87.380,65.290,22.090,UNK - Unknown,Unknown,Department of Water Resources,Voluntary,7,29,2008
Glenn_01.01.2003-06.21.2013.csv,Glenn,39.4927,-121.9648,W003,2013-09-18 13:29:54,394927N1219648W003,19N01W22D006M,8/6/2008,00:00,,,40.490,0.000,40.490,90.180,87.380,49.690,37.690,UNK - Unknown,Unknown,Department of Water Resources,Voluntary,8,6,2008
Glenn_01.01.2003-06.21.2013.csv,Glenn,39.4927,-121.9648,W003,2013-09-18 13:29:54,394927N1219648W003,19N01W22D006M,3/31/2006,00:00,,,7.820,0.000,7.820,90.180,87.380,82.360,5.020,UNK - Unknown,Unknown,Department of Water Resources,Voluntary,DATALOGGER MEASUREMENT3,31,2006
Glenn_01.01.2003-06.21.2013.csv,Glenn,39.4927,-121.9648,W003,2013-09-18 13:29:54,394927N1219648W003,19N01W22D006M,8/1/2006,00:00,,,28.940,0.000,28.940,90.180,87.380,61.240,26.140,UNK - Unknown,Unknown,Department of Water Resources,Voluntary,DATALOGGER MEASUREMENT8,1,2006
Glenn_01.01.2003-06.21.2013.csv,Glenn,39.4927,-121.9648,W003,2013-09-18 13:29:54,394927N1219648W003,19N01W22D006M,10/11/2006,00:00,,,18.160,0.000,18.160,90.180,87.380,72.020,15.360,UNK - Unknown,Unknown,Department of Water Resources,Voluntary,DATALOGGER MEASUREMENT10,11,2006
Glenn_01.01.2003-06.21.2013.csv,Glenn,39.4927,-121.9648,W003,2013-09-18 13:29:54,394927N1219648W003,19N01W22D006M,3/21/2007,00:00,,,16.440,0.000,16.440,90.180,87.380,73.740,13.640,UNK - Unknown,Unknown,Department of Water Resources,Voluntary,DATALOGGER MEASUREMENT3,21,2007
Glenn_01.01.2003-06.21.2013.csv,Glenn,39.4927,-121.9648,W003,2013-09-18 13:29:54,394927N1219648W003,19N01W22D006M,8/7/2007,00:00,,,42.610,0.000,42.610,90.180,87.380,47.570,39.810,UNK - Unknown,Unknown,Department of Water Resources,Voluntary,DATALOGGER MEASUREMENT8,7,2007
Glenn_01.01.2003-06.21.2013.csv,Glenn,39.4927,-121.9648,W003,2013-09-18 13:29:54,394927N1219648W003,19N01W22D006M,10/20/2008,00:00,,,21.530,0.000,21.530,90.180,87.380,68.650,18.730,UNK - Unknown,Unknown,Department of Water Resources,Voluntary,10,20,2008
Glenn_01.01.2003-06.21.2013.csv,Glenn,39.4927,-121.9648,W003,2013-09-18 13:29:54,394927N1219648W003,19N01W22D006M,1/13/2009,00:00,,,16.770,0.000,16.770,90.180,87.380,73.410,13.970,UNK - Unknown,Unknown,Department of Water Resources,Voluntary,1,13,2009
Glenn_01.01.2003-06.21.2013.csv,Glenn,39.4927,-121.9648,W003,2013-09-18 13:29:54,394927N1219648W003,19N01W22D006M,3/26/2009,00:00,,,14.880,0.000,14.880,90.180,87.380,75.300,12.080,UNK - Unknown,Unknown,Department of Water Resources,Voluntary,3,26,2009
Glenn_01.01.2003-06.21.2013.csv,Glenn,39.4927,-121.9648,W003,2013-09-18 13:29:54,394927N1219648W003,19N01W22D006M,5/12/2009,00:00,,,18.260,0.000,18.260,90.180,87.380,71.920,15.460,UNK - Unknown,Unknown,Department of Water Resources,Voluntary,5,12,2009
Glenn_01.01.2003-06.21.2013.csv,Glenn,39.4927,-121.9648,W003,2013-09-18 13:29:54,394927N1219648W003,19N01W22D006M,6/24/2009,00:00,,,40.900,0.000,40.900,90.180,87.380,49.280,38.100,UNK - Unknown,Unknown,Department of Water Resources,Voluntary,6,24,2009
Glenn_01.01.2003-06.21.2013.csv,Glenn,39.4927,-121.9648,W003,2013-09-18 13:29:54,394927N1219648W003,19N01W22D006M,8/3/2009,00:00,,,34.250,0.000,34.250,90.180,87.380,55.930,31.450,UNK - Unknown,Unknown,Department of Water Resources,Voluntary,8,3,2009
Glenn_01.01.2003-06.21.2013.csv,Glenn,39.4927,-121.9648,W003,2013-09-18 13:29:54,394927N1219648W003,19N01W22D006M,9/14/2009,00:00,,,33.500,0.000,33.500,90.180,87.380,56.680,30.700,UNK - Unknown,Unknown,Department of Water Resources,Voluntary,9,14,2009
Glenn_01.01.2003-06.21.2013.csv,Glenn,39.4927,-121.9648,W003,2013-09-18 13:29:54,394927N1219648W003,19N01W22D006M,10/21/2009,00:00,,,18.900,0.000,18.900,90.180,87.380,71.280,16.100,UNK - Unknown,Unknown,Department of Water Resources,Voluntary,10,21,2009
Glenn_01.01.2003-06.21.2013.csv,Glenn,39.4927,-121.9648,W003,2013-09-18 13:29:54,394927N1219648W003,19N01W22D006M,3/23/2010,00:00,,,12.640,0.000,12.640,90.180,87.380,77.540,9.840,UNK - Unknown,Unknown,Department of Water Resources,Voluntary,3,23,2010
Glenn_01.01.2003-06.21.2013.csv,Glenn,39.4927,-121.9648,W003,2013-09-18 13:29:54,394927N1219648W003,19N01W22D006M,8/4/2010,00:00,,,24.910,0.000,24.910,90.180,87.380,65.270,22.110,UNK - Unknown,Unknown,Department of Water Resources,Voluntary,8,4,2010
Glenn_01.01.2003-06.21.2013.csv,Glenn,39.4927,-121.9648,W003,2013-09-18 13:29:54,394927N1219648W003,19N01W22D006M,10/19/2010,00:00,,,19.180,0.000,19.180,90.180,87.380,71.000,16.380,UNK - Unknown,Unknown,Department of Water Resources,Voluntary,10,19,2010
Glenn_01.01.2003-06.21.2013.csv,Glenn,39.4927,-121.9648,W003,2013-09-18 13:29:54,394927N1219648W003,19N01W22D006M,4/4/2011,00:00,,,8.360,0.000,8.360,90.180,87.380,81.820,5.560,UNK - Unknown,Unknown,Department of Water Resources,Voluntary,4,4,2011
Glenn_01.01.2003-06.21.2013.csv,Glenn,39.4927,-121.9648,W003,2013-09-18 13:29:54,394927N1219648W003,19N01W22D006M,8/2/2011,00:00,,,23.460,0.000,23.460,90.180,87.380,66.720,20.660,UNK - Unknown,Unknown,Department of Water Resources,Voluntary,8,2,2011
Glenn_01.01.2003-06.21.2013.csv,Glenn,39.4927,-121.9648,W003,2013-09-18 13:29:54,394927N1219648W003,19N01W22D006M,10/11/2011,00:00,,,17.430,0.000,17.430,90.180,87.380,72.750,14.630,UNK - Unknown,Unknown,Department of Water Resources,Voluntary,10,11,2011
Glenn_01.01.2003-06.21.2013.csv,Glenn,39.4927,-121.9648,W003,2013-09-18 13:29:54,394927N1219648W003,19N01W22D006M,3/18/2013,00:00,,,15.230,0.000,15.230,90.180,87.380,74.950,12.430,ES - Electric sounder measurement,0.01 Ft,Department of Water Resources,CASGEM,3,18,2013
Glenn_01.01.2003-06.21.2013.csv,Glenn,39.4927,-121.9648,W004,2013-09-18 13:29:54,394927N1219648W004,19N01W22D007M,10/11/2011,00:00,,,18.940,0.000,18.940,90.330,87.380,71.390,15.990,ES - Electric sounder measurement,0.01 Ft,Department of Water Resources,CASGEM,10,11,2011
Glenn_01.01.2003-06.21.2013.csv,Glenn,39.4927,-121.9648,W004,2013-09-18 13:29:54,394927N1219648W004,19N01W22D007M,3/28/2012,00:00,,,16.330,0.000,16.330,90.330,87.380,74.000,13.380,ES - Electric sounder measurement,0.01 Ft,Department of Water Resources,CASGEM,3,28,2012
Glenn_01.01.2003-06.21.2013.csv,Glenn,39.4927,-121.9648,W004,2013-09-18 13:29:54,394927N1219648W004,19N01W22D007M,7/31/2012,00:00,,,23.950,0.000,23.950,90.330,87.380,66.380,21.000,ES - Electric sounder measurement,0.01 Ft,Department of Water Resources,CASGEM,7,31,2012
Glenn_01.01.2003-06.21.2013.csv,Glenn,39.4927,-121.9648,W004,2013-09-18 13:29:54,394927N1219648W004,19N01W22D007M,10/16/2012,00:00,,,21.060,0.000,21.060,90.330,87.380,69.270,18.110,ES - Electric sounder measurement,0.01 Ft,Department of Water Resources,CASGEM,10,16,2012
Glenn_01.01.2003-06.21.2013.csv,Glenn,39.4927,-121.9648,W004,2013-09-18 13:29:54,394927N1219648W004,19N01W22D007M,8/7/2006,00:00,,,22.750,0.000,22.750,90.330,87.380,67.580,19.800,UNK - Unknown,Unknown,Department of Water Resources,Voluntary,8,7,2006
Glenn_01.01.2003-06.21.2013.csv,Glenn,39.4927,-121.9648,W004,2013-09-18 13:29:54,394927N1219648W004,19N01W22D007M,1/18/2008,00:00,,,15.730,0.000,15.730,90.330,87.380,74.600,12.780,UNK - Unknown,Unknown,Department of Water Resources,Voluntary,1,18,2008
Glenn_01.01.2003-06.21.2013.csv,Glenn,39.4927,-121.9648,W004,2013-09-18 13:29:54,394927N1219648W004,19N01W22D007M,10/15/2007,00:00,,,19.340,0.000,19.340,90.330,87.380,70.990,16.390,UNK - Unknown,Unknown,Department of Water Resources,Voluntary,10,15,2007
Glenn_01.01.2003-06.21.2013.csv,Glenn,39.4927,-121.9648,W004,2013-09-18 13:29:54,394927N1219648W004,19N01W22D007M,9/11/2007,00:00,,,23.490,0.000,23.490,90.330,87.380,66.840,20.540,UNK - Unknown,Unknown,Department of Water Resources,Voluntary,9,11,2007
Glenn_01.01.2003-06.21.2013.csv,Glenn,39.4927,-121.9648,W004,2013-09-18 13:29:54,394927N1219648W004,19N01W22D007M,3/11/2008,00:00,,,13.360,0.000,13.360,90.330,87.380,76.970,10.410,UNK - Unknown,Unknown,Department of Water Resources,Voluntary,3,11,2008
Glenn_01.01.2003-06.21.2013.csv,Glenn,39.4927,-121.9648,W004,2013-09-18 13:29:54,394927N1219648W004,19N01W22D007M,7/29/2008,00:00,,,24.300,0.000,24.300,90.330,87.380,66.030,21.350,UNK - Unknown,Unknown,Department of Water Resources,Voluntary,7,29,2008
Glenn_01.01.2003-06.21.2013.csv,Glenn,39.4927,-121.9648,W004,2013-09-18 13:29:54,394927N1219648W004,19N01W22D007M,8/6/2008,00:00,,,24.020,0.000,24.020,90.330,87.380,66.310,21.070,UNK - Unknown,Unknown,Department of Water Resources,Voluntary,8,6,2008
Glenn_01.01.2003-06.21.2013.csv,Glenn,39.4927,-121.9648,W004,2013-09-18 13:29:54,394927N1219648W004,19N01W22D007M,3/31/2006,00:00,,,8.580,0.000,8.580,90.330,87.380,81.750,5.630,UNK - Unknown,Unknown,Department of Water Resources,Voluntary,DATALOGGER MEASUREMENT3,31,2006
Glenn_01.01.2003-06.21.2013.csv,Glenn,39.4927,-121.9648,W004,2013-09-18 13:29:54,394927N1219648W004,19N01W22D007M,8/1/2006,00:00,,,27.700,0.000,27.700,90.330,87.380,62.630,24.750,UNK - Unknown,Unknown,Department of Water Resources,Voluntary,DATALOGGER MEASUREMENT8,1,2006
Glenn_01.01.2003-06.21.2013.csv,Glenn,39.4927,-121.9648,W004,2013-09-18 13:29:54,394927N1219648W004,19N01W22D007M,10/11/2006,00:00,,,19.700,0.000,19.700,90.330,87.380,70.630,16.750,UNK - Unknown,Unknown,Department of Water Resources,Voluntary,DATALOGGER MEASUREMENT10,11,2006
Glenn_01.01.2003-06.21.2013.csv,Glenn,39.4927,-121.9648,W004,2013-09-18 13:29:54,394927N1219648W004,19N01W22D007M,3/21/2007,00:00,,,15.970,0.000,15.970,90.330,87.380,74.360,13.020,UNK - Unknown,Unknown,Department of Water Resources,Voluntary,DATALOGGER MEASUREMENT3,21,2007
Glenn_01.01.2003-06.21.2013.csv,Glenn,39.4927,-121.9648,W004,2013-09-18 13:29:54,394927N1219648W004,19N01W22D007M,8/7/2007,00:00,,,25.060,0.000,25.060,90.330,87.380,65.270,22.110,UNK - Unknown,Unknown,Department of Water Resources,Voluntary,DATALOGGER MEASUREMENT8,7,2007
Glenn_01.01.2003-06.21.2013.csv,Glenn,39.4927,-121.9648,W004,2013-09-18 13:29:54,394927N1219648W004,19N01W22D007M,10/20/2008,00:00,,,21.210,0.000,21.210,90.330,87.380,69.120,18.260,UNK - Unknown,Unknown,Department of Water Resources,Voluntary,10,20,2008
Glenn_01.01.2003-06.21.2013.csv,Glenn,39.4927,-121.9648,W004,2013-09-18 13:29:54,394927N1219648W004,19N01W22D007M,1/13/2009,00:00,,,17.220,0.000,17.220,90.330,87.380,73.110,14.270,UNK - Unknown,Unknown,Department of Water Resources,Voluntary,1,13,2009
Glenn_01.01.2003-06.21.2013.csv,Glenn,39.4927,-121.9648,W004,2013-09-18 13:29:54,394927N1219648W004,19N01W22D007M,3/26/2009,00:00,,,13.950,0.000,13.950,90.330,87.380,76.380,11.000,UNK - Unknown,Unknown,Department of Water Resources,Voluntary,3,26,2009
Glenn_01.01.2003-06.21.2013.csv,Glenn,39.4927,-121.9648,W004,2013-09-18 13:29:54,394927N1219648W004,19N01W22D007M,5/12/2009,00:00,,,17.920,0.000,17.920,90.330,87.380,72.410,14.970,UNK - Unknown,Unknown,Department of Water Resources,Voluntary,5,12,2009
Glenn_01.01.2003-06.21.2013.csv,Glenn,39.4927,-121.9648,W004,2013-09-18 13:29:54,394927N1219648W004,19N01W22D007M,6/24/2009,00:00,,,28.380,0.000,28.380,90.330,87.380,61.950,25.430,UNK - Unknown,Unknown,Department of Water Resources,Voluntary,6,24,2009
Glenn_01.01.2003-06.21.2013.csv,Glenn,39.4927,-121.9648,W004,2013-09-18 13:29:54,394927N1219648W004,19N01W22D007M,8/3/2009,00:00,,,13.380,0.000,13.380,90.330,87.380,76.950,10.430,UNK - Unknown,Unknown,Department of Water Resources,Voluntary,8,3,2009
Glenn_01.01.2003-06.21.2013.csv,Glenn,39.4927,-121.9648,W004,2013-09-18 13:29:54,394927N1219648W004,19N01W22D007M,9/14/2009,00:00,,,26.690,0.000,26.690,90.330,87.380,63.640,23.740,UNK - Unknown,Unknown,Department of Water Resources,Voluntary,9,14,2009
Glenn_01.01.2003-06.21.2013.csv,Glenn,39.4927,-121.9648,W004,2013-09-18 13:29:54,394927N1219648W004,19N01W22D007M,10/21/2009,00:00,,,20.310,0.000,20.310,90.330,87.380,70.020,17.360,UNK - Unknown,Unknown,Department of Water Resources,Voluntary,10,21,2009
Glenn_01.01.2003-06.21.2013.csv,Glenn,39.4927,-121.9648,W004,2013-09-18 13:29:54,394927N1219648W004,19N01W22D007M,3/23/2010,00:00,,,12.720,0.000,12.720,90.330,87.380,77.610,9.770,UNK - Unknown,Unknown,Department of Water Resources,Voluntary,3,23,2010
Glenn_01.01.2003-06.21.2013.csv,Glenn,39.4927,-121.9648,W004,2013-09-18 13:29:54,394927N1219648W004,19N01W22D007M,8/4/2010,00:00,,,24.850,0.000,24.850,90.330,87.380,65.480,21.900,UNK - Unknown,Unknown,Department of Water Resources,Voluntary,8,4,2010
Glenn_01.01.2003-06.21.2013.csv,Glenn,39.4927,-121.9648,W004,2013-09-18 13:29:54,394927N1219648W004,19N01W22D007M,10/19/2010,00:00,,,20.610,0.000,20.610,90.330,87.380,69.720,17.660,UNK - Unknown,Unknown,Department of Water Resources,Voluntary,10,19,2010
Glenn_01.01.2003-06.21.2013.csv,Glenn,39.4927,-121.9648,W004,2013-09-18 13:29:54,394927N1219648W004,19N01W22D007M,4/4/2011,00:00,,,9.300,0.000,9.300,90.330,87.380,81.030,6.350,UNK - Unknown,Unknown,Department of Water Resources,Voluntary,4,4,2011
Glenn_01.01.2003-06.21.2013.csv,Glenn,39.4927,-121.9648,W004,2013-09-18 13:29:54,394927N1219648W004,19N01W22D007M,8/2/2011,00:00,,,23.820,0.000,23.820,90.330,87.380,66.510,20.870,UNK - Unknown,Unknown,Department of Water Resources,Voluntary,8,2,2011
Glenn_01.01.2003-06.21.2013.csv,Glenn,39.4927,-121.9648,W004,2013-09-18 13:29:54,394927N1219648W004,19N01W22D007M,10/11/2011,00:00,,,18.940,0.000,18.940,90.330,87.380,71.390,15.990,UNK - Unknown,Unknown,Department of Water Resources,Voluntary,10,11,2011
Glenn_01.01.2003-06.21.2013.csv,Glenn,39.4927,-121.9648,W004,2013-09-18 13:29:54,394927N1219648W004,19N01W22D007M,3/18/2013,00:00,,,15.730,0.000,15.730,90.330,87.380,74.600,12.780,ES - Electric sounder measurement,0.01 Ft,Department of Water Resources,CASGEM,3,18,2013
Glenn_01.01.2003-06.21.2013.csv,Glenn,39.4998,-122.0274,W001,2013-09-18 13:29:54,394998N1220274W001,19N02W13J001M,10/11/2011,00:00,,,13.570,0.000,13.570,88.990,88.390,75.420,12.970,ES - Electric sounder measurement,0.01 Ft,Department of Water Resources,Voluntary,10,11,2011
Glenn_01.01.2003-06.21.2013.csv,Glenn,39.4998,-122.0274,W001,2013-09-18 13:29:54,394998N1220274W001,19N02W13J001M,3/28/2012,00:00,,,13.160,0.000,13.160,88.990,88.390,75.830,12.560,ES - Electric sounder measurement,0.01 Ft,Department of Water Resources,Voluntary,3,28,2012
Glenn_01.01.2003-06.21.2013.csv,Glenn,39.4998,-122.0274,W001,2013-09-18 13:29:54,394998N1220274W001,19N02W13J001M,7/31/2012,00:00,,,14.550,0.000,14.550,88.990,88.390,74.440,13.950,ES - Electric sounder measurement,0.01 Ft,Department of Water Resources,Voluntary,7,31,2012
Glenn_01.01.2003-06.21.2013.csv,Glenn,39.4998,-122.0274,W001,2013-09-18 13:29:54,394998N1220274W001,19N02W13J001M,10/16/2012,00:00,,,14.970,0.000,14.970,88.990,88.390,74.020,14.370,ES - Electric sounder measurement,0.01 Ft,Department of Water Resources,Voluntary,10,16,2012
Glenn_01.01.2003-06.21.2013.csv,Glenn,39.4998,-122.0274,W001,2013-09-18 13:29:54,394998N1220274W001,19N02W13J001M,3/18/2013,00:00,,,13.140,0.000,13.140,88.990,88.390,75.850,12.540,ES - Electric sounder measurement,0.01 Ft,Department of Water Resources,Voluntary,3,18,2013
Glenn_01.01.2003-06.21.2013.csv,Glenn,39.5023,-122.2837,W001,2013-09-18 13:29:54,395023N1222837W001,GCAB303-11,10/11/2011,00:00,,,27.300,0.000,27.300,187.825,185.825,160.525,25.300,ES - Electric sounder measurement,0.01 Ft,Department of Water Resources,Voluntary,10,11,2011
Glenn_01.01.2003-06.21.2013.csv,Glenn,39.5023,-122.2837,W001,2013-09-18 13:29:54,395023N1222837W001,GCAB303-11,3/27/2012,00:00,,,28.730,0.000,28.730,187.825,185.825,159.095,26.730,ES - Electric sounder measurement,0.01 Ft,Department of Water Resources,Voluntary,3,27,2012
Glenn_01.01.2003-06.21.2013.csv,Glenn,39.5023,-122.2837,W001,2013-09-18 13:29:54,395023N1222837W001,GCAB303-11,7/31/2012,00:00,,,28.350,0.000,28.350,187.825,185.825,159.475,26.350,ES - Electric sounder measurement,0.01 Ft,Department of Water Resources,Voluntary,7,31,2012
Glenn_01.01.2003-06.21.2013.csv,Glenn,39.5023,-122.2837,W001,2013-09-18 13:29:54,395023N1222837W001,GCAB303-11,10/16/2012,00:00,,,29.070,0.000,29.070,187.825,185.825,158.755,27.070,ES - Electric sounder measurement,0.01 Ft,Department of Water Resources,Voluntary,10,16,2012
Glenn_01.01.2003-06.21.2013.csv,Glenn,39.5023,-122.2837,W001,2013-09-18 13:29:54,395023N1222837W001,GCAB303-11,3/18/2013,00:00,,,29.210,0.000,29.210,187.825,185.825,158.615,27.210,ES - Electric sounder measurement,0.01 Ft,Department of Water Resources,Voluntary,3,18,2013
Glenn_01.01.2003-06.21.2013.csv,Glenn,39.5023,-122.2837,W001,2013-09-18 13:29:54,395023N1222837W001,GCAB303-11,7/26/2005,00:00,,,16.600,0.000,16.600,187.825,185.825,171.225,14.600,UNK - Unknown,Unknown,Department of Water Resources,Voluntary,7,26,2005
Glenn_01.01.2003-06.21.2013.csv,Glenn,39.5023,-122.2837,W001,2013-09-18 13:29:54,395023N1222837W001,GCAB303-11,8/23/2005,00:00,,,16.500,0.000,16.500,187.825,185.825,171.325,14.500,UNK - Unknown,Unknown,Department of Water Resources,Voluntary,8,23,2005
Glenn_01.01.2003-06.21.2013.csv,Glenn,39.5023,-122.2837,W001,2013-09-18 13:29:54,395023N1222837W001,GCAB303-11,3/30/2005,00:00,,,16.400,0.000,16.400,187.825,185.825,171.425,14.400,UNK - Unknown,Unknown,Department of Water Resources,Voluntary,3,30,2005
Glenn_01.01.2003-06.21.2013.csv,Glenn,39.5023,-122.2837,W001,2013-09-18 13:29:54,395023N1222837W001,GCAB303-11,4/12/2005,00:00,,,16.330,0.000,16.330,187.825,185.825,171.495,14.330,UNK - Unknown,Unknown,Department of Water Resources,Voluntary,4,12,2005
Glenn_01.01.2003-06.21.2013.csv,Glenn,39.5023,-122.2837,W001,2013-09-18 13:29:54,395023N1222837W001,GCAB303-11,4/22/2005,00:00,,,18.100,0.000,18.100,187.825,185.825,169.725,16.100,UNK - Unknown,Unknown,Department of Water Resources,Voluntary,4,22,2005
Glenn_01.01.2003-06.21.2013.csv,Glenn,39.5023,-122.2837,W001,2013-09-18 13:29:54,395023N1222837W001,GCAB303-11,4/28/2005,00:00,,,17.230,0.000,17.230,187.825,185.825,170.595,15.230,UNK - Unknown,Unknown,Department of Water Resources,Voluntary,4,28,2005
Glenn_01.01.2003-06.21.2013.csv,Glenn,39.5023,-122.2837,W001,2013-09-18 13:29:54,395023N1222837W001,GCAB303-11,5/24/2005,00:00,,,17.860,0.000,17.860,187.825,185.825,169.965,15.860,UNK - Unknown,Unknown,Department of Water Resources,Voluntary,5,24,2005
Glenn_01.01.2003-06.21.2013.csv,Glenn,39.5023,-122.2837,W001,2013-09-18 13:29:54,395023N1222837W001,GCAB303-11,6/21/2005,00:00,,,16.900,0.000,16.900,187.825,185.825,170.925,14.900,UNK - Unknown,Unknown,Department of Water Resources,Voluntary,6,21,2005
Glenn_01.01.2003-06.21.2013.csv,Glenn,39.5023,-122.2837,W001,2013-09-18 13:29:54,395023N1222837W001,GCAB303-11,9/27/2005,00:00,,,17.700,0.000,17.700,187.825,185.825,170.125,15.700,UNK - Unknown,Unknown,Department of Water Resources,Voluntary,9,27,2005
Glenn_01.01.2003-06.21.2013.csv,Glenn,39.5023,-122.2837,W001,2013-09-18 13:29:54,395023N1222837W001,GCAB303-11,10/18/2005,00:00,,,18.400,0.000,18.400,187.825,185.825,169.425,16.400,UNK - Unknown,Unknown,Department of Water Resources,Voluntary,10,18,2005
Glenn_01.01.2003-06.21.2013.csv,Glenn,39.5023,-122.2837,W001,2013-09-18 13:29:54,395023N1222837W001,GCAB303-11,3/27/2006,00:00,,,19.400,0.000,19.400,187.825,185.825,168.425,17.400,UNK - Unknown,Unknown,Department of Water Resources,Voluntary,3,27,2006
Glenn_01.01.2003-06.21.2013.csv,Glenn,39.5023,-122.2837,W001,2013-09-18 13:29:54,395023N1222837W001,GCAB303-11,5/17/2006,00:00,,,16.800,0.000,16.800,187.825,185.825,171.025,14.800,UNK - Unknown,Unknown,Department of Water Resources,Voluntary,5,17,2006
Glenn_01.01.2003-06.21.2013.csv,Glenn,39.5023,-122.2837,W001,2013-09-18 13:29:54,395023N1222837W001,GCAB303-11,7/31/2006,00:00,,,16.100,0.000,16.100,187.825,185.825,171.725,14.100,UNK - Unknown,Unknown,Department of Water Resources,Voluntary,7,31,2006
Glenn_01.01.2003-06.21.2013.csv,Glenn,39.5023,-122.2837,W001,2013-09-18 13:29:54,395023N1222837W001,GCAB303-11,10/11/2006,00:00,,,17.900,0.000,17.900,187.825,185.825,169.925,15.900,UNK - Unknown,Unknown,Department of Water Resources,Voluntary,10,11,2006
Glenn_01.01.2003-06.21.2013.csv,Glenn,39.5023,-122.2837,W001,2013-09-18 13:29:54,395023N1222837W001,GCAB303-11,3/21/2007,00:00,,,22.070,0.000,22.070,187.825,185.825,165.755,20.070,UNK - Unknown,Unknown,Department of Water Resources,Voluntary,3,21,2007
Glenn_01.01.2003-06.21.2013.csv,Glenn,39.5023,-122.2837,W001,2013-09-18 13:29:54,395023N1222837W001,GCAB303-11,8/6/2007,00:00,,,21.560,0.000,21.560,187.825,185.825,166.265,19.560,UNK - Unknown,Unknown,Department of Water Resources,Voluntary,8,6,2007
Glenn_01.01.2003-06.21.2013.csv,Glenn,39.5023,-122.2837,W001,2013-09-18 13:29:54,395023N1222837W001,GCAB303-11,10/15/2007,00:00,,,22.600,0.000,22.600,187.825,185.825,165.225,20.600,UNK - Unknown,Unknown,Department of Water Resources,Voluntary,10,15,2007
Glenn_01.01.2003-06.21.2013.csv,Glenn,39.5023,-122.2837,W001,2013-09-18 13:29:54,395023N1222837W001,GCAB303-11,1/22/2008,00:00,,,24.110,0.000,24.110,187.825,185.825,163.715,22.110,UNK - Unknown,Unknown,Department of Water Resources,Voluntary,1,22,2008
Glenn_01.01.2003-06.21.2013.csv,Glenn,39.5023,-122.2837,W001,2013-09-18 13:29:54,395023N1222837W001,GCAB303-11,3/12/2008,00:00,,,23.910,0.000,23.910,187.825,185.825,163.915,21.910,UNK - Unknown,Unknown,Department of Water Resources,Voluntary,3,12,2008
Glenn_01.01.2003-06.21.2013.csv,Glenn,39.5023,-122.2837,W001,2013-09-18 13:29:54,395023N1222837W001,GCAB303-11,7/3/2008,00:00,,,24.360,0.000,24.360,187.825,185.825,163.465,22.360,UNK - Unknown,Unknown,Department of Water Resources,Voluntary,7,3,2008
Glenn_01.01.2003-06.21.2013.csv,Glenn,39.5023,-122.2837,W001,2013-09-18 13:29:54,395023N1222837W001,GCAB303-11,7/28/2008,00:00,,,24.630,0.000,24.630,187.825,185.825,163.195,22.630,UNK - Unknown,Unknown,Department of Water Resources,Voluntary,7,28,2008
Glenn_01.01.2003-06.21.2013.csv,Glenn,39.5023,-122.2837,W001,2013-09-18 13:29:54,395023N1222837W001,GCAB303-11,8/5/2008,00:00,,,24.640,0.000,24.640,187.825,185.825,163.185,22.640,UNK - Unknown,Unknown,Department of Water Resources,Voluntary,8,5,2008
Glenn_01.01.2003-06.21.2013.csv,Glenn,39.5023,-122.2837,W001,2013-09-18 13:29:54,395023N1222837W001,GCAB303-11,10/20/2008,00:00,,,25.840,0.000,25.840,187.825,185.825,161.985,23.840,UNK - Unknown,Unknown,Department of Water Resources,Voluntary,10,20,2008
Glenn_01.01.2003-06.21.2013.csv,Glenn,39.5023,-122.2837,W001,2013-09-18 13:29:54,395023N1222837W001,GCAB303-11,1/13/2009,00:00,,,27.160,0.000,27.160,187.825,185.825,160.665,25.160,UNK - Unknown,Unknown,Department of Water Resources,Voluntary,1,13,2009
Glenn_01.01.2003-06.21.2013.csv,Glenn,39.5023,-122.2837,W001,2013-09-18 13:29:54,395023N1222837W001,GCAB303-11,2/2/2009,00:00,,,27.390,0.000,27.390,187.825,185.825,160.435,25.390,UNK - Unknown,Unknown,Department of Water Resources,Voluntary,2,2,2009
Glenn_01.01.2003-06.21.2013.csv,Glenn,39.5023,-122.2837,W001,2013-09-18 13:29:54,395023N1222837W001,GCAB303-11,3/25/2009,00:00,,,27.450,0.000,27.450,187.825,185.825,160.375,25.450,UNK - Unknown,Unknown,Department of Water Resources,Voluntary,3,25,2009
Glenn_01.01.2003-06.21.2013.csv,Glenn,39.5023,-122.2837,W001,2013-09-18 13:29:54,395023N1222837W001,GCAB303-11,5/12/2009,00:00,,,28.190,0.000,28.190,187.825,185.825,159.635,26.190,UNK - Unknown,Unknown,Department of Water Resources,Voluntary,5,12,2009
Glenn_01.01.2003-06.21.2013.csv,Glenn,39.5023,-122.2837,W001,2013-09-18 13:29:54,395023N1222837W001,GCAB303-11,6/24/2009,00:00,,,28.620,0.000,28.620,187.825,185.825,159.205,26.620,UNK - Unknown,Unknown,Department of Water Resources,Voluntary,6,24,2009
Glenn_01.01.2003-06.21.2013.csv,Glenn,39.5023,-122.2837,W001,2013-09-18 13:29:54,395023N1222837W001,GCAB303-11,8/3/2009,00:00,,,28.830,0.000,28.830,187.825,185.825,158.995,26.830,UNK - Unknown,Unknown,Department of Water Resources,Voluntary,8,3,2009
Glenn_01.01.2003-06.21.2013.csv,Glenn,39.5023,-122.2837,W001,2013-09-18 13:29:54,395023N1222837W001,GCAB303-11,9/14/2009,00:00,,,29.120,0.000,29.120,187.825,185.825,158.705,27.120,UNK - Unknown,Unknown,Department of Water Resources,Voluntary,9,14,2009
Glenn_01.01.2003-06.21.2013.csv,Glenn,39.5023,-122.2837,W001,2013-09-18 13:29:54,395023N1222837W001,GCAB303-11,10/21/2009,00:00,,,29.350,0.000,29.350,187.825,185.825,158.475,27.350,UNK - Unknown,Unknown,Department of Water Resources,Voluntary,10,21,2009
Glenn_01.01.2003-06.21.2013.csv,Glenn,39.5023,-122.2837,W001,2013-09-18 13:29:54,395023N1222837W001,GCAB303-11,3/23/2010,00:00,,,28.940,0.000,28.940,187.825,185.825,158.885,26.940,UNK - Unknown,Unknown,Department of Water Resources,Voluntary,3,23,2010
Glenn_01.01.2003-06.21.2013.csv,Glenn,39.5023,-122.2837,W001,2013-09-18 13:29:54,395023N1222837W001,GCAB303-11,8/3/2010,00:00,,,28.220,0.000,28.220,187.825,185.825,159.605,26.220,UNK - Unknown,Unknown,Department of Water Resources,Voluntary,8,3,2010
Glenn_01.01.2003-06.21.2013.csv,Glenn,39.5023,-122.2837,W001,2013-09-18 13:29:54,395023N1222837W001,GCAB303-11,10/19/2010,00:00,,,28.310,0.000,28.310,187.825,185.825,159.515,26.310,UNK - Unknown,Unknown,Department of Water Resources,Voluntary,10,19,2010
Glenn_01.01.2003-06.21.2013.csv,Glenn,39.5023,-122.2837,W001,2013-09-18 13:29:54,395023N1222837W001,GCAB303-11,4/4/2011,00:00,,,28.770,0.000,28.770,187.825,185.825,159.055,26.770,UNK - Unknown,Unknown,Department of Water Resources,Voluntary,4,4,2011
Glenn_01.01.2003-06.21.2013.csv,Glenn,39.5023,-122.2837,W001,2013-09-18 13:29:54,395023N1222837W001,GCAB303-11,8/2/2011,00:00,,,28.020,0.000,28.020,187.825,185.825,159.805,26.020,UNK - Unknown,Unknown,Department of Water Resources,Voluntary,8,2,2011
Glenn_01.01.2003-06.21.2013.csv,Glenn,39.5075,-121.9669,W001,2013-09-18 13:29:54,395075N1219669W001,19N01W15D001M,10/11/2011,00:00,,,14.600,0.000,14.600,95.730,93.380,81.130,12.250,ST - Steel tape measurement,0.1 Ft,Department of Water Resources,Voluntary,10,11,2011
Glenn_01.01.2003-06.21.2013.csv,Glenn,39.5075,-121.9669,W001,2013-09-18 13:29:54,395075N1219669W001,19N01W15D001M,3/28/2012,00:00,,,15.000,1.300,13.700,95.730,93.380,82.030,11.350,ST - Steel tape measurement,0.1 Ft,Department of Water Resources,Voluntary,3,28,2012
Glenn_01.01.2003-06.21.2013.csv,Glenn,39.5075,-121.9669,W001,2013-09-18 13:29:54,395075N1219669W001,19N01W15D001M,7/31/2012,00:00,6 - Well has been destroyed,,NULL,NULL,NULL,95.730,93.380,NULL,NULL,,,Department of Water Resources,Voluntary,7,31,2012
Glenn_01.01.2003-06.21.2013.csv,Glenn,39.5075,-121.9669,W001,2013-09-18 13:29:54,395075N1219669W001,19N01W15D001M,10/16/2012,00:00,,,25.000,2.900,22.100,95.730,93.380,73.630,19.750,ST - Steel tape measurement,0.1 Ft,Department of Water Resources,Voluntary,10,16,2012
Glenn_01.01.2003-06.21.2013.csv,Glenn,39.5075,-121.9669,W001,2013-09-18 13:29:54,395075N1219669W001,19N01W15D001M,3/18/2013,00:00,6 - Well has been destroyed,,NULL,NULL,NULL,95.730,93.380,NULL,NULL,,,Department of Water Resources,Voluntary,3,18,2013
Glenn_01.01.2003-06.21.2013.csv,Glenn,39.5109,-122.2482,W001,2013-09-18 13:29:54,395109N1222482W001,,10/16/2012,00:00,,,15.300,0.000,15.300,157.560,155.760,142.260,13.500,ES - Electric sounder measurement,0.1 Ft,Bureau of Reclamation,Voluntary,10,16,2012
Glenn_01.01.2003-06.21.2013.csv,Glenn,39.5109,-122.2482,W001,2013-09-18 13:29:54,395109N1222482W001,,4/15/2013,00:00,,,13.900,0.000,13.900,157.560,155.760,143.660,12.100,ES - Electric sounder measurement,0.1 Ft,Bureau of Reclamation,Voluntary,4,15,2013
Glenn_01.01.2003-06.21.2013.csv,Glenn,39.5147,-122.2331,W001,2013-09-18 13:29:54,395147N1222331W001,,10/16/2012,00:00,,,17.500,0.000,17.500,150.360,149.860,132.860,17.000,ES - Electric sounder measurement,0.1 Ft,Bureau of Reclamation,Voluntary,10,16,2012
Glenn_01.01.2003-06.21.2013.csv,Glenn,39.5147,-122.2331,W001,2013-09-18 13:29:54,395147N1222331W001,,4/15/2013,00:00,,,15.900,0.000,15.900,150.360,149.860,134.460,15.400,ES - Electric sounder measurement,0.1 Ft,Bureau of Reclamation,Voluntary,4,15,2013
Glenn_01.01.2003-06.21.2013.csv,Glenn,39.5147,-122.2331,W001,2013-09-18 13:29:54,395147N1222331W001,,4/7/2003,00:00,,,9.600,0.000,9.600,150.360,149.860,140.760,9.100,UNK - Unknown,Unknown,Bureau of Reclamation,Voluntary,4,7,2003
Glenn_01.01.2003-06.21.2013.csv,Glenn,39.5147,-122.2331,W001,2013-09-18 13:29:54,395147N1222331W001,,10/14/2003,00:00,,,16.100,0.000,16.100,150.360,149.860,134.260,15.600,UNK - Unknown,Unknown,Bureau of Reclamation,Voluntary,10,14,2003
Glenn_01.01.2003-06.21.2013.csv,Glenn,39.5147,-122.2331,W001,2013-09-18 13:29:54,395147N1222331W001,,4/1/2004,00:00,1 - Pumping,,NULL,NULL,NULL,150.360,149.860,NULL,NULL,,,Bureau of Reclamation,Voluntary,4,1,2004
Glenn_01.01.2003-06.21.2013.csv,Glenn,39.5147,-122.2331,W001,2013-09-18 13:29:54,395147N1222331W001,,11/5/2004,00:00,,,13.000,0.000,13.000,150.360,149.860,137.360,12.500,UNK - Unknown,Unknown,Bureau of Reclamation,Voluntary,11,5,2004
Glenn_01.01.2003-06.21.2013.csv,Glenn,39.5147,-122.2331,W001,2013-09-18 13:29:54,395147N1222331W001,,4/14/2005,00:00,,,5.900,0.000,5.900,150.360,149.860,144.460,5.400,UNK - Unknown,Unknown,Bureau of Reclamation,Voluntary,4,14,2005
Glenn_01.01.2003-06.21.2013.csv,Glenn,39.5147,-122.2331,W001,2013-09-18 13:29:54,395147N1222331W001,,10/18/2005,00:00,,,12.400,0.000,12.400,150.360,149.860,137.960,11.900,UNK - Unknown,Unknown,Bureau of Reclamation,Voluntary,10,18,2005
Glenn_01.01.2003-06.21.2013.csv,Glenn,39.5147,-122.2331,W001,2013-09-18 13:29:54,395147N1222331W001,,3/30/2006,00:00,9 - Temporarily inaccessible,,NULL,NULL,NULL,150.360,149.860,NULL,NULL,,,Bureau of Reclamation,Voluntary,ROAD TOO MUDDY3,30,2006
Glenn_01.01.2003-06.21.2013.csv,Glenn,39.5147,-122.2331,W001,2013-09-18 13:29:54,395147N1222331W001,,3/28/2007,00:00,5 - Unable to locate well,,NULL,NULL,NULL,150.360,149.860,NULL,NULL,,,Bureau of Reclamation,Voluntary,MUDDY ROAD3,28,2007
Glenn_01.01.2003-06.21.2013.csv,Glenn,39.5147,-122.2331,W001,2013-09-18 13:29:54,395147N1222331W001,,10/17/2006,00:00,,,12.600,0.000,12.600,150.360,149.860,137.760,12.100,UNK - Unknown,Unknown,Bureau of Reclamation,Voluntary,10,17,2006
Glenn_01.01.2003-06.21.2013.csv,Glenn,39.5147,-122.2331,W001,2013-09-18 13:29:54,395147N1222331W001,,10/23/2007,00:00,,,13.800,0.000,13.800,150.360,149.860,136.560,13.300,UNK - Unknown,Unknown,Bureau of Reclamation,Voluntary,10,23,2007
Glenn_01.01.2003-06.21.2013.csv,Glenn,39.5147,-122.2331,W001,2013-09-18 13:29:54,395147N1222331W001,,3/14/2008,00:00,,,8.900,0.000,8.900,150.360,149.860,141.460,8.400,UNK - Unknown,Unknown,Bureau of Reclamation,Voluntary,3,14,2008
Glenn_01.01.2003-06.21.2013.csv,Glenn,39.5147,-122.2331,W001,2013-09-18 13:29:54,395147N1222331W001,,9/30/2008,00:00,,,19.700,0.000,19.700,150.360,149.860,130.660,19.200,UNK - Unknown,Unknown,Bureau of Reclamation,Voluntary,9,30,2008
Glenn_01.01.2003-06.21.2013.csv,Glenn,39.5147,-122.2331,W001,2013-09-18 13:29:54,395147N1222331W001,,3/23/2009,00:00,,,13.500,0.000,13.500,150.360,149.860,136.860,13.000,UNK - Unknown,Unknown,Bureau of Reclamation,Voluntary,3,23,2009
Glenn_01.01.2003-06.21.2013.csv,Glenn,39.5147,-122.2331,W001,2013-09-18 13:29:54,395147N1222331W001,,10/20/2009,00:00,,,18.000,0.000,18.000,150.360,149.860,132.360,17.500,UNK - Unknown,Unknown,Bureau of Reclamation,Voluntary,10,20,2009
Glenn_01.01.2003-06.21.2013.csv,Glenn,39.5147,-122.2331,W001,2013-09-18 13:29:54,395147N1222331W001,,4/8/2010,00:00,9 - Temporarily inaccessible,,NULL,NULL,NULL,150.360,149.860,NULL,NULL,,,Bureau of Reclamation,Voluntary,"NO ROAD, TALL CROPS"4,8,2010
Glenn_01.01.2003-06.21.2013.csv,Glenn,39.5147,-122.2331,W001,2013-09-18 13:29:54,395147N1222331W001,,10/19/2010,00:00,,,15.400,0.000,15.400,150.360,149.860,134.960,14.900,UNK - Unknown,Unknown,Bureau of Reclamation,Voluntary,10,19,2010
Glenn_01.01.2003-06.21.2013.csv,Glenn,39.5147,-122.2331,W001,2013-09-18 13:29:54,395147N1222331W001,,4/5/2011,00:00,,,10.100,0.000,10.100,150.360,149.860,140.260,9.600,UNK - Unknown,Unknown,Bureau of Reclamation,Voluntary,4,5,2011
Glenn_01.01.2003-06.21.2013.csv,Glenn,39.5147,-122.2331,W001,2013-09-18 13:29:54,395147N1222331W001,,10/12/2011,00:00,,,14.800,0.000,14.800,150.360,149.860,135.560,14.300,UNK - Unknown,Unknown,Bureau of Reclamation,Voluntary,10,12,2011
Glenn_01.01.2003-06.21.2013.csv,Glenn,39.5147,-122.2331,W001,2013-09-18 13:29:54,395147N1222331W001,,3/26/2012,00:00,,,12.300,0.000,12.300,150.360,149.860,138.060,11.800,UNK - Unknown,Unknown,Bureau of Reclamation,Voluntary,3,26,2012
Glenn_01.01.2003-06.21.2013.csv,Glenn,39.5157,-122.1122,W001,2013-09-18 13:29:54,395157N1221122W001,19N02W08Q001M,10/13/2011,00:00,,,28.920,0.000,28.920,113.880,101.420,84.960,16.460,ES - Electric sounder measurement,0.01 Ft,Department of Water Resources,CASGEM,10,13,2011
Glenn_01.01.2003-06.21.2013.csv,Glenn,39.5157,-122.1122,W001,2013-09-18 13:29:54,395157N1221122W001,19N02W08Q001M,3/26/2012,00:00,,,13.360,0.000,13.360,113.880,101.420,100.520,0.900,ES - Electric sounder measurement,0.01 Ft,Department of Water Resources,CASGEM,3,26,2012
Glenn_01.01.2003-06.21.2013.csv,Glenn,39.5157,-122.1122,W001,2013-09-18 13:29:54,395157N1221122W001,19N02W08Q001M,7/30/2012,00:00,,,35.780,0.000,35.780,113.880,101.420,78.100,23.320,ES - Electric sounder measurement,0.1 Ft,Department of Water Resources,CASGEM,7,30,2012
Glenn_01.01.2003-06.21.2013.csv,Glenn,39.5157,-122.1122,W001,2013-09-18 13:29:54,395157N1221122W001,19N02W08Q001M,10/15/2012,15:44,,,36.000,-0.670,36.670,113.880,101.420,77.210,24.210,ST - Steel tape measurement,0.1 Ft,Department of Water Resources,CASGEM,10,15,2012
Glenn_01.01.2003-06.21.2013.csv,Glenn,39.5157,-122.1122,W001,2013-09-18 13:29:54,395157N1221122W001,19N02W08Q001M,3/20/2013,15:01,,,16.000,-0.120,16.120,113.880,101.420,97.760,3.660,ST - Steel tape measurement,0.1 Ft,Department of Water Resources,CASGEM,3,20,2013
Glenn_01.01.2003-06.21.2013.csv,Glenn,39.5157,-122.1122,W002,2013-09-18 13:29:54,395157N1221122W002,19N02W08Q002M,10/13/2011,00:00,,,8.100,0.000,8.100,102.240,101.420,94.140,7.280,ES - Electric sounder measurement,0.01 Ft,Department of Water Resources,CASGEM,10,13,2011
Glenn_01.01.2003-06.21.2013.csv,Glenn,39.5157,-122.1122,W002,2013-09-18 13:29:54,395157N1221122W002,19N02W08Q002M,3/26/2012,00:00,,,7.600,0.000,7.600,102.240,101.420,94.640,6.780,ES - Electric sounder measurement,0.01 Ft,Department of Water Resources,CASGEM,3,26,2012
Glenn_01.01.2003-06.21.2013.csv,Glenn,39.5157,-122.1122,W002,2013-09-18 13:29:54,395157N1221122W002,19N02W08Q002M,7/30/2012,00:00,,,6.620,0.000,6.620,102.240,101.420,95.620,5.800,ES - Electric sounder measurement,0.1 Ft,Department of Water Resources,CASGEM,7,30,2012
Glenn_01.01.2003-06.21.2013.csv,Glenn,39.5157,-122.1122,W002,2013-09-18 13:29:54,395157N1221122W002,19N02W08Q002M,10/15/2012,15:51,,,8.000,-0.820,8.820,102.240,101.420,93.420,8.000,ST - Steel tape measurement,0.1 Ft,Department of Water Resources,CASGEM,10,15,2012
Glenn_01.01.2003-06.21.2013.csv,Glenn,39.5157,-122.1122,W002,2013-09-18 13:29:54,395157N1221122W002,19N02W08Q002M,8/23/2004,00:00,,,5.500,0.000,5.500,102.240,101.420,96.740,4.680,UNK - Unknown,Unknown,Department of Water Resources,Voluntary,NEW WELL8,23,2004
Glenn_01.01.2003-06.21.2013.csv,Glenn,39.5157,-122.1122,W002,2013-09-18 13:29:54,395157N1221122W002,19N02W08Q002M,8/26/2004,00:00,,,5.600,0.000,5.600,102.240,101.420,96.640,4.780,UNK - Unknown,Unknown,Department of Water Resources,Voluntary,8,26,2004
Glenn_01.01.2003-06.21.2013.csv,Glenn,39.5157,-122.1122,W002,2013-09-18 13:29:54,395157N1221122W002,19N02W08Q002M,9/21/2004,00:00,,,8.100,0.000,8.100,102.240,101.420,94.140,7.280,UNK - Unknown,Unknown,Department of Water Resources,Voluntary,9,21,2004
Glenn_01.01.2003-06.21.2013.csv,Glenn,39.5157,-122.1122,W002,2013-09-18 13:29:54,395157N1221122W002,19N02W08Q002M,11/22/2004,00:00,,,6.700,0.000,6.700,102.240,101.420,95.540,5.880,UNK - Unknown,Unknown,Department of Water Resources,Voluntary,11,22,2004
Glenn_01.01.2003-06.21.2013.csv,Glenn,39.5157,-122.1122,W002,2013-09-18 13:29:54,395157N1221122W002,19N02W08Q002M,10/20/2004,00:00,,,6.910,0.000,6.910,102.240,101.420,95.330,6.090,UNK - Unknown,Unknown,Department of Water Resources,Voluntary,10,20,2004
Glenn_01.01.2003-06.21.2013.csv,Glenn,39.5157,-122.1122,W002,2013-09-18 13:29:54,395157N1221122W002,19N02W08Q002M,3/30/2005,00:00,,,6.900,0.000,6.900,102.240,101.420,95.340,6.080,UNK - Unknown,Unknown,Department of Water Resources,Voluntary,3,30,2005
Glenn_01.01.2003-06.21.2013.csv,Glenn,39.5157,-122.1122,W002,2013-09-18 13:29:54,395157N1221122W002,19N02W08Q002M,4/28/2005,00:00,,,7.700,0.000,7.700,102.240,101.420,94.540,6.880,UNK - Unknown,Unknown,Department of Water Resources,Voluntary,4,28,2005
Glenn_01.01.2003-06.21.2013.csv,Glenn,39.5157,-122.1122,W002,2013-09-18 13:29:54,395157N1221122W002,19N02W08Q002M,5/24/2005,00:00,,,5.300,0.000,5.300,102.240,101.420,96.940,4.480,UNK - Unknown,Unknown,Department of Water Resources,Voluntary,5,24,2005
Glenn_01.01.2003-06.21.2013.csv,Glenn,39.5157,-122.1122,W002,2013-09-18 13:29:54,395157N1221122W002,19N02W08Q002M,6/21/2005,00:00,,,5.800,0.000,5.800,102.240,101.420,96.440,4.980,UNK - Unknown,Unknown,Department of Water Resources,Voluntary,6,21,2005
Glenn_01.01.2003-06.21.2013.csv,Glenn,39.5157,-122.1122,W002,2013-09-18 13:29:54,395157N1221122W002,19N02W08Q002M,7/26/2005,00:00,,,6.200,0.000,6.200,102.240,101.420,96.040,5.380,UNK - Unknown,Unknown,Department of Water Resources,Voluntary,7,26,2005
Glenn_01.01.2003-06.21.2013.csv,Glenn,39.5157,-122.1122,W002,2013-09-18 13:29:54,395157N1221122W002,19N02W08Q002M,8/23/2005,00:00,,,5.400,0.000,5.400,102.240,101.420,96.840,4.580,UNK - Unknown,Unknown,Department of Water Resources,Voluntary,8,23,2005
Glenn_01.01.2003-06.21.2013.csv,Glenn,39.5157,-122.1122,W002,2013-09-18 13:29:54,395157N1221122W002,19N02W08Q002M,9/27/2005,00:00,,,8.100,0.000,8.100,102.240,101.420,94.140,7.280,UNK - Unknown,Unknown,Department of Water Resources,Voluntary,9,27,2005
Glenn_01.01.2003-06.21.2013.csv,Glenn,39.5157,-122.1122,W002,2013-09-18 13:29:54,395157N1221122W002,19N02W08Q002M,10/18/2005,00:00,,,8.300,0.000,8.300,102.240,101.420,93.940,7.480,UNK - Unknown,Unknown,Department of Water Resources,Voluntary,10,18,2005
Glenn_01.01.2003-06.21.2013.csv,Glenn,39.5157,-122.1122,W002,2013-09-18 13:29:54,395157N1221122W002,19N02W08Q002M,5/18/2006,00:00,,,6.900,0.000,6.900,102.240,101.420,95.340,6.080,UNK - Unknown,Unknown,Department of Water Resources,Voluntary,5,18,2006
Glenn_01.01.2003-06.21.2013.csv,Glenn,39.5157,-122.1122,W002,2013-09-18 13:29:54,395157N1221122W002,19N02W08Q002M,6/15/2006,00:00,,,6.050,0.000,6.050,102.240,101.420,96.190,5.230,UNK - Unknown,Unknown,Department of Water Resources,Voluntary,6,15,2006
Glenn_01.01.2003-06.21.2013.csv,Glenn,39.5157,-122.1122,W002,2013-09-18 13:29:54,395157N1221122W002,19N02W08Q002M,8/4/2006,00:00,,,5.960,0.000,5.960,102.240,101.420,96.280,5.140,UNK - Unknown,Unknown,Department of Water Resources,Voluntary,8,4,2006
Glenn_01.01.2003-06.21.2013.csv,Glenn,39.5157,-122.1122,W002,2013-09-18 13:29:54,395157N1221122W002,19N02W08Q002M,9/11/2006,00:00,,,5.770,0.000,5.770,102.240,101.420,96.470,4.950,UNK - Unknown,Unknown,Department of Water Resources,Voluntary,9,11,2006
Glenn_01.01.2003-06.21.2013.csv,Glenn,39.5157,-122.1122,W002,2013-09-18 13:29:54,395157N1221122W002,19N02W08Q002M,11/22/2006,00:00,,,5.800,0.000,5.800,102.240,101.420,96.440,4.980,UNK - Unknown,Unknown,Department of Water Resources,Voluntary,11,22,2006
Glenn_01.01.2003-06.21.2013.csv,Glenn,39.5157,-122.1122,W002,2013-09-18 13:29:54,395157N1221122W002,19N02W08Q002M,1/22/2007,00:00,,,6.000,0.000,6.000,102.240,101.420,96.240,5.180,UNK - Unknown,Unknown,Department of Water Resources,Voluntary,1,22,2007
Glenn_01.01.2003-06.21.2013.csv,Glenn,39.5157,-122.1122,W002,2013-09-18 13:29:54,395157N1221122W002,19N02W08Q002M,3/9/2007,00:00,,,7.620,0.000,7.620,102.240,101.420,94.620,6.800,UNK - Unknown,Unknown,Department of Water Resources,Voluntary,3,9,2007
Glenn_01.01.2003-06.21.2013.csv,Glenn,39.5157,-122.1122,W002,2013-09-18 13:29:54,395157N1221122W002,19N02W08Q002M,3/22/2007,00:00,,,8.150,0.000,8.150,102.240,101.420,94.090,7.330,UNK - Unknown,Unknown,Department of Water Resources,Voluntary,3,22,2007
Glenn_01.01.2003-06.21.2013.csv,Glenn,39.5157,-122.1122,W002,2013-09-18 13:29:54,395157N1221122W002,19N02W08Q002M,4/26/2007,00:00,,,7.120,0.000,7.120,102.240,101.420,95.120,6.300,UNK - Unknown,Unknown,Department of Water Resources,Voluntary,4,26,2007
Glenn_01.01.2003-06.21.2013.csv,Glenn,39.5157,-122.1122,W002,2013-09-18 13:29:54,395157N1221122W002,19N02W08Q002M,7/18/2007,00:00,,,6.290,0.000,6.290,102.240,101.420,95.950,5.470,UNK - Unknown,Unknown,Department of Water Resources,Voluntary,7,18,2007
Glenn_01.01.2003-06.21.2013.csv,Glenn,39.5157,-122.1122,W002,2013-09-18 13:29:54,395157N1221122W002,19N02W08Q002M,8/7/2007,00:00,,,6.180,0.000,6.180,102.240,101.420,96.060,5.360,UNK - Unknown,Unknown,Department of Water Resources,Voluntary,8,7,2007
Glenn_01.01.2003-06.21.2013.csv,Glenn,39.5157,-122.1122,W002,2013-09-18 13:29:54,395157N1221122W002,19N02W08Q002M,10/2/2007,00:00,,,8.880,0.000,8.880,102.240,101.420,93.360,8.060,UNK - Unknown,Unknown,Department of Water Resources,Voluntary,10,2,2007
Glenn_01.01.2003-06.21.2013.csv,Glenn,39.5157,-122.1122,W002,2013-09-18 13:29:54,395157N1221122W002,19N02W08Q002M,11/30/2007,00:00,,,6.560,0.000,6.560,102.240,101.420,95.680,5.740,UNK - Unknown,Unknown,Department of Water Resources,Voluntary,11,30,2007
Glenn_01.01.2003-06.21.2013.csv,Glenn,39.5157,-122.1122,W002,2013-09-18 13:29:54,395157N1221122W002,19N02W08Q002M,1/18/2008,00:00,,,5.690,0.000,5.690,102.240,101.420,96.550,4.870,UNK - Unknown,Unknown,Department of Water Resources,Voluntary,1,18,2008
Glenn_01.01.2003-06.21.2013.csv,Glenn,39.5157,-122.1122,W002,2013-09-18 13:29:54,395157N1221122W002,19N02W08Q002M,3/11/2008,00:00,,,6.900,0.000,6.900,102.240,101.420,95.340,6.080,UNK - Unknown,Unknown,Department of Water Resources,Voluntary,3,11,2008
Glenn_01.01.2003-06.21.2013.csv,Glenn,39.5157,-122.1122,W002,2013-09-18 13:29:54,395157N1221122W002,19N02W08Q002M,7/28/2008,00:00,,,7.030,0.000,7.030,102.240,101.420,95.210,6.210,UNK - Unknown,Unknown,Department of Water Resources,Voluntary,7,28,2008
Glenn_01.01.2003-06.21.2013.csv,Glenn,39.5157,-122.1122,W002,2013-09-18 13:29:54,395157N1221122W002,19N02W08Q002M,8/4/2008,00:00,,,6.650,0.000,6.650,102.240,101.420,95.590,5.830,UNK - Unknown,Unknown,Department of Water Resources,Voluntary,8,4,2008
Glenn_01.01.2003-06.21.2013.csv,Glenn,39.5157,-122.1122,W002,2013-09-18 13:29:54,395157N1221122W002,19N02W08Q002M,8/8/2007,00:00,,,5.980,0.000,5.980,102.240,101.420,96.260,5.160,UNK - Unknown,Unknown,Department of Water Resources,Voluntary,TROLL DATA POINT8,8,2007
Glenn_01.01.2003-06.21.2013.csv,Glenn,39.5157,-122.1122,W002,2013-09-18 13:29:54,395157N1221122W002,19N02W08Q002M,10/21/2008,00:00,,,7.240,0.000,7.240,102.240,101.420,95.000,6.420,UNK - Unknown,Unknown,Department of Water Resources,Voluntary,10,21,2008
Glenn_01.01.2003-06.21.2013.csv,Glenn,39.5157,-122.1122,W002,2013-09-18 13:29:54,395157N1221122W002,19N02W08Q002M,1/12/2009,00:00,,,9.350,0.000,9.350,102.240,101.420,92.890,8.530,UNK - Unknown,Unknown,Department of Water Resources,Voluntary,1,12,2009
Glenn_01.01.2003-06.21.2013.csv,Glenn,39.5157,-122.1122,W002,2013-09-18 13:29:54,395157N1221122W002,19N02W08Q002M,1/27/2009,00:00,,,8.100,0.000,8.100,102.240,101.420,94.140,7.280,UNK - Unknown,Unknown,Department of Water Resources,Voluntary,1,27,2009
Glenn_01.01.2003-06.21.2013.csv,Glenn,39.5157,-122.1122,W002,2013-09-18 13:29:54,395157N1221122W002,19N02W08Q002M,3/24/2009,00:00,,,7.680,0.000,7.680,102.240,101.420,94.560,6.860,UNK - Unknown,Unknown,Department of Water Resources,Voluntary,3,24,2009
Glenn_01.01.2003-06.21.2013.csv,Glenn,39.5157,-122.1122,W002,2013-09-18 13:29:54,395157N1221122W002,19N02W08Q002M,5/15/2009,00:00,,,8.030,0.000,8.030,102.240,101.420,94.210,7.210,UNK - Unknown,Unknown,Department of Water Resources,Voluntary,5,15,2009
Glenn_01.01.2003-06.21.2013.csv,Glenn,39.5157,-122.1122,W002,2013-09-18 13:29:54,395157N1221122W002,19N02W08Q002M,6/23/2009,00:00,,,7.740,0.000,7.740,102.240,101.420,94.500,6.920,UNK - Unknown,Unknown,Department of Water Resources,Voluntary,6,23,2009
Glenn_01.01.2003-06.21.2013.csv,Glenn,39.5157,-122.1122,W002,2013-09-18 13:29:54,395157N1221122W002,19N02W08Q002M,8/4/2009,00:00,,,6.450,0.000,6.450,102.240,101.420,95.790,5.630,UNK - Unknown,Unknown,Department of Water Resources,Voluntary,8,4,2009
Glenn_01.01.2003-06.21.2013.csv,Glenn,39.5157,-122.1122,W002,2013-09-18 13:29:54,395157N1221122W002,19N02W08Q002M,9/14/2009,00:00,,,7.290,0.000,7.290,102.240,101.420,94.950,6.470,UNK - Unknown,Unknown,Department of Water Resources,Voluntary,9,14,2009
Glenn_01.01.2003-06.21.2013.csv,Glenn,39.5157,-122.1122,W002,2013-09-18 13:29:54,395157N1221122W002,19N02W08Q002M,10/20/2009,00:00,,,7.480,0.000,7.480,102.240,101.420,94.760,6.660,UNK - Unknown,Unknown,Department of Water Resources,Voluntary,10,20,2009
Glenn_01.01.2003-06.21.2013.csv,Glenn,39.5157,-122.1122,W002,2013-09-18 13:29:54,395157N1221122W002,19N02W08Q002M,2/17/2010,00:00,,,5.550,0.000,5.550,102.240,101.420,96.690,4.730,UNK - Unknown,Unknown,Department of Water Resources,Voluntary,2,17,2010
Glenn_01.01.2003-06.21.2013.csv,Glenn,39.5157,-122.1122,W002,2013-09-18 13:29:54,395157N1221122W002,19N02W08Q002M,3/24/2010,00:00,,,7.570,0.000,7.570,102.240,101.420,94.670,6.750,UNK - Unknown,Unknown,Department of Water Resources,Voluntary,3,24,2010
Glenn_01.01.2003-06.21.2013.csv,Glenn,39.5157,-122.1122,W002,2013-09-18 13:29:54,395157N1221122W002,19N02W08Q002M,8/4/2010,00:00,,,6.650,0.000,6.650,102.240,101.420,95.590,5.830,UNK - Unknown,Unknown,Department of Water Resources,Voluntary,8,4,2010
Glenn_01.01.2003-06.21.2013.csv,Glenn,39.5157,-122.1122,W002,2013-09-18 13:29:54,395157N1221122W002,19N02W08Q002M,10/20/2010,00:00,,,8.870,0.000,8.870,102.240,101.420,93.370,8.050,UNK - Unknown,Unknown,Department of Water Resources,Voluntary,10,20,2010
Glenn_01.01.2003-06.21.2013.csv,Glenn,39.5157,-122.1122,W002,2013-09-18 13:29:54,395157N1221122W002,19N02W08Q002M,4/4/2011,00:00,,,6.530,0.000,6.530,102.240,101.420,95.710,5.710,UNK - Unknown,Unknown,Department of Water Resources,Voluntary,4,4,2011
Glenn_01.01.2003-06.21.2013.csv,Glenn,39.5157,-122.1122,W002,2013-09-18 13:29:54,395157N1221122W002,19N02W08Q002M,6/13/2011,00:00,,,5.910,0.000,5.910,102.240,101.420,96.330,5.090,UNK - Unknown,Unknown,Department of Water Resources,Voluntary,6,13,2011
Glenn_01.01.2003-06.21.2013.csv,Glenn,39.5157,-122.1122,W002,2013-09-18 13:29:54,395157N1221122W002,19N02W08Q002M,8/5/2011,00:00,,,6.670,0.000,6.670,102.240,101.420,95.570,5.850,UNK - Unknown,Unknown,Department of Water Resources,Voluntary,8,5,2011
Glenn_01.01.2003-06.21.2013.csv,Glenn,39.5157,-122.1122,W002,2013-09-18 13:29:54,395157N1221122W002,19N02W08Q002M,10/13/2011,00:00,,,8.100,0.000,8.100,102.240,101.420,94.140,7.280,UNK - Unknown,Unknown,Department of Water Resources,Voluntary,10,13,2011
Glenn_01.01.2003-06.21.2013.csv,Glenn,39.5157,-122.1122,W002,2013-09-18 13:29:54,395157N1221122W002,19N02W08Q002M,3/20/2013,15:06,,,8.000,-0.510,8.510,102.240,101.420,93.730,7.690,ST - Steel tape measurement,0.1 Ft,Department of Water Resources,CASGEM,3,20,2013
Glenn_01.01.2003-06.21.2013.csv,Glenn,39.5157,-122.1122,W003,2013-09-18 13:29:54,395157N1221122W003,19N02W08Q003M,10/13/2011,00:00,,,6.010,0.000,6.010,102.620,101.420,96.610,4.810,ES - Electric sounder measurement,0.01 Ft,Department of Water Resources,CASGEM,10,13,2011
Glenn_01.01.2003-06.21.2013.csv,Glenn,39.5157,-122.1122,W003,2013-09-18 13:29:54,395157N1221122W003,19N02W08Q003M,3/26/2012,00:00,,,5.740,0.000,5.740,102.620,101.420,96.880,4.540,ES - Electric sounder measurement,0.01 Ft,Department of Water Resources,CASGEM,3,26,2012
Glenn_01.01.2003-06.21.2013.csv,Glenn,39.5157,-122.1122,W003,2013-09-18 13:29:54,395157N1221122W003,19N02W08Q003M,7/30/2012,00:00,,,2.970,0.000,2.970,102.620,101.420,99.650,1.770,ES - Electric sounder measurement,0.1 Ft,Department of Water Resources,CASGEM,7,30,2012
Glenn_01.01.2003-06.21.2013.csv,Glenn,39.5157,-122.1122,W003,2013-09-18 13:29:54,395157N1221122W003,19N02W08Q003M,10/15/2012,15:53,,,6.000,-0.400,6.400,102.620,101.420,96.220,5.200,ST - Steel tape measurement,0.1 Ft,Department of Water Resources,CASGEM,10,15,2012
Glenn_01.01.2003-06.21.2013.csv,Glenn,39.5157,-122.1122,W003,2013-09-18 13:29:54,395157N1221122W003,19N02W08Q003M,8/23/2004,00:00,,,3.100,0.000,3.100,102.620,101.420,99.520,1.900,UNK - Unknown,Unknown,Department of Water Resources,Voluntary,NEW WELL8,23,2004
Glenn_01.01.2003-06.21.2013.csv,Glenn,39.5157,-122.1122,W003,2013-09-18 13:29:54,395157N1221122W003,19N02W08Q003M,8/26/2004,00:00,,,3.300,0.000,3.300,102.620,101.420,99.320,2.100,UNK - Unknown,Unknown,Department of Water Resources,Voluntary,8,26,2004
Glenn_01.01.2003-06.21.2013.csv,Glenn,39.5157,-122.1122,W003,2013-09-18 13:29:54,395157N1221122W003,19N02W08Q003M,9/21/2004,00:00,,,6.300,0.000,6.300,102.620,101.420,96.320,5.100,UNK - Unknown,Unknown,Department of Water Resources,Voluntary,9,21,2004
Glenn_01.01.2003-06.21.2013.csv,Glenn,39.5157,-122.1122,W003,2013-09-18 13:29:54,395157N1221122W003,19N02W08Q003M,11/22/2004,00:00,,,4.400,0.000,4.400,102.620,101.420,98.220,3.200,UNK - Unknown,Unknown,Department of Water Resources,Voluntary,11,22,2004
Glenn_01.01.2003-06.21.2013.csv,Glenn,39.5157,-122.1122,W003,2013-09-18 13:29:54,395157N1221122W003,19N02W08Q003M,10/20/2004,00:00,,,4.700,0.000,4.700,102.620,101.420,97.920,3.500,UNK - Unknown,Unknown,Department of Water Resources,Voluntary,10,20,2004
Glenn_01.01.2003-06.21.2013.csv,Glenn,39.5157,-122.1122,W003,2013-09-18 13:29:54,395157N1221122W003,19N02W08Q003M,3/30/2005,00:00,,,5.700,0.000,5.700,102.620,101.420,96.920,4.500,UNK - Unknown,Unknown,Department of Water Resources,Voluntary,3,30,2005
Glenn_01.01.2003-06.21.2013.csv,Glenn,39.5157,-122.1122,W003,2013-09-18 13:29:54,395157N1221122W003,19N02W08Q003M,4/28/2005,00:00,,,6.400,0.000,6.400,102.620,101.420,96.220,5.200,UNK - Unknown,Unknown,Department of Water Resources,Voluntary,4,28,2005
Glenn_01.01.2003-06.21.2013.csv,Glenn,39.5157,-122.1122,W003,2013-09-18 13:29:54,395157N1221122W003,19N02W08Q003M,5/24/2005,00:00,,,3.500,0.000,3.500,102.620,101.420,99.120,2.300,UNK - Unknown,Unknown,Department of Water Resources,Voluntary,5,24,2005
Glenn_01.01.2003-06.21.2013.csv,Glenn,39.5157,-122.1122,W003,2013-09-18 13:29:54,395157N1221122W003,19N02W08Q003M,6/21/2005,00:00,,,3.600,0.000,3.600,102.620,101.420,99.020,2.400,UNK - Unknown,Unknown,Department of Water Resources,Voluntary,6,21,2005
Glenn_01.01.2003-06.21.2013.csv,Glenn,39.5157,-122.1122,W003,2013-09-18 13:29:54,395157N1221122W003,19N02W08Q003M,7/26/2005,00:00,,,3.600,0.000,3.600,102.620,101.420,99.020,2.400,UNK - Unknown,Unknown,Department of Water Resources,Voluntary,7,26,2005
Glenn_01.01.2003-06.21.2013.csv,Glenn,39.5157,-122.1122,W003,2013-09-18 13:29:54,395157N1221122W003,19N02W08Q003M,8/23/2005,00:00,,,3.200,0.000,3.200,102.620,101.420,99.420,2.000,UNK - Unknown,Unknown,Department of Water Resources,Voluntary,8,23,2005
Glenn_01.01.2003-06.21.2013.csv,Glenn,39.5157,-122.1122,W003,2013-09-18 13:29:54,395157N1221122W003,19N02W08Q003M,9/27/2005,00:00,,,5.900,0.000,5.900,102.620,101.420,96.720,4.700,UNK - Unknown,Unknown,Department of Water Resources,Voluntary,9,27,2005
Glenn_01.01.2003-06.21.2013.csv,Glenn,39.5157,-122.1122,W003,2013-09-18 13:29:54,395157N1221122W003,19N02W08Q003M,10/18/2005,00:00,,,6.300,0.000,6.300,102.620,101.420,96.320,5.100,UNK - Unknown,Unknown,Department of Water Resources,Voluntary,10,18,2005
Glenn_01.01.2003-06.21.2013.csv,Glenn,39.5157,-122.1122,W003,2013-09-18 13:29:54,395157N1221122W003,19N02W08Q003M,5/18/2006,00:00,,,3.600,0.000,3.600,102.620,101.420,99.020,2.400,UNK - Unknown,Unknown,Department of Water Resources,Voluntary,5,18,2006
Glenn_01.01.2003-06.21.2013.csv,Glenn,39.5157,-122.1122,W003,2013-09-18 13:29:54,395157N1221122W003,19N02W08Q003M,6/15/2006,00:00,,,3.480,0.000,3.480,102.620,101.420,99.140,2.280,UNK - Unknown,Unknown,Department of Water Resources,Voluntary,6,15,2006
Glenn_01.01.2003-06.21.2013.csv,Glenn,39.5157,-122.1122,W003,2013-09-18 13:29:54,395157N1221122W003,19N02W08Q003M,8/4/2006,00:00,,,3.210,0.000,3.210,102.620,101.420,99.410,2.010,UNK - Unknown,Unknown,Department of Water Resources,Voluntary,8,4,2006
Glenn_01.01.2003-06.21.2013.csv,Glenn,39.5157,-122.1122,W003,2013-09-18 13:29:54,395157N1221122W003,19N02W08Q003M,9/11/2006,00:00,,,3.780,0.000,3.780,102.620,101.420,98.840,2.580,UNK - Unknown,Unknown,Department of Water Resources,Voluntary,9,11,2006
Glenn_01.01.2003-06.21.2013.csv,Glenn,39.5157,-122.1122,W003,2013-09-18 13:29:54,395157N1221122W003,19N02W08Q003M,11/22/2006,00:00,,,4.000,0.000,4.000,102.620,101.420,98.620,2.800,UNK - Unknown,Unknown,Department of Water Resources,Voluntary,11,22,2006
Glenn_01.01.2003-06.21.2013.csv,Glenn,39.5157,-122.1122,W003,2013-09-18 13:29:54,395157N1221122W003,19N02W08Q003M,1/22/2007,00:00,,,4.040,0.000,4.040,102.620,101.420,98.580,2.840,UNK - Unknown,Unknown,Department of Water Resources,Voluntary,1,22,2007
Glenn_01.01.2003-06.21.2013.csv,Glenn,39.5157,-122.1122,W003,2013-09-18 13:29:54,395157N1221122W003,19N02W08Q003M,3/9/2007,00:00,,,6.280,0.000,6.280,102.620,101.420,96.340,5.080,UNK - Unknown,Unknown,Department of Water Resources,Voluntary,3,9,2007
Glenn_01.01.2003-06.21.2013.csv,Glenn,39.5157,-122.1122,W003,2013-09-18 13:29:54,395157N1221122W003,19N02W08Q003M,3/22/2007,00:00,,,6.440,0.000,6.440,102.620,101.420,96.180,5.240,UNK - Unknown,Unknown,Department of Water Resources,Voluntary,3,22,2007
Glenn_01.01.2003-06.21.2013.csv,Glenn,39.5157,-122.1122,W003,2013-09-18 13:29:54,395157N1221122W003,19N02W08Q003M,4/26/2007,00:00,,,5.240,0.000,5.240,102.620,101.420,97.380,4.040,UNK - Unknown,Unknown,Department of Water Resources,Voluntary,4,26,2007
Glenn_01.01.2003-06.21.2013.csv,Glenn,39.5157,-122.1122,W003,2013-09-18 13:29:54,395157N1221122W003,19N02W08Q003M,7/18/2007,00:00,,,3.150,0.000,3.150,102.620,101.420,99.470,1.950,UNK - Unknown,Unknown,Department of Water Resources,Voluntary,7,18,2007
Glenn_01.01.2003-06.21.2013.csv,Glenn,39.5157,-122.1122,W003,2013-09-18 13:29:54,395157N1221122W003,19N02W08Q003M,8/7/2007,00:00,,,3.130,0.000,3.130,102.620,101.420,99.490,1.930,UNK - Unknown,Unknown,Department of Water Resources,Voluntary,8,7,2007
Glenn_01.01.2003-06.21.2013.csv,Glenn,39.5157,-122.1122,W003,2013-09-18 13:29:54,395157N1221122W003,19N02W08Q003M,10/2/2007,00:00,,,6.710,0.000,6.710,102.620,101.420,95.910,5.510,UNK - Unknown,Unknown,Department of Water Resources,Voluntary,10,2,2007
Glenn_01.01.2003-06.21.2013.csv,Glenn,39.5157,-122.1122,W003,2013-09-18 13:29:54,395157N1221122W003,19N02W08Q003M,11/30/2007,00:00,,,4.270,0.000,4.270,102.620,101.420,98.350,3.070,UNK - Unknown,Unknown,Department of Water Resources,Voluntary,11,30,2007
Glenn_01.01.2003-06.21.2013.csv,Glenn,39.5157,-122.1122,W003,2013-09-18 13:29:54,395157N1221122W003,19N02W08Q003M,1/18/2008,00:00,,,4.370,0.000,4.370,102.620,101.420,98.250,3.170,UNK - Unknown,Unknown,Department of Water Resources,Voluntary,1,18,2008
Glenn_01.01.2003-06.21.2013.csv,Glenn,39.5157,-122.1122,W003,2013-09-18 13:29:54,395157N1221122W003,19N02W08Q003M,3/11/2008,00:00,,,5.510,0.000,5.510,102.620,101.420,97.110,4.310,UNK - Unknown,Unknown,Department of Water Resources,Voluntary,3,11,2008
Glenn_01.01.2003-06.21.2013.csv,Glenn,39.5157,-122.1122,W003,2013-09-18 13:29:54,395157N1221122W003,19N02W08Q003M,7/28/2008,00:00,,,3.430,0.000,3.430,102.620,101.420,99.190,2.230,UNK - Unknown,Unknown,Department of Water Resources,Voluntary,7,28,2008
Glenn_01.01.2003-06.21.2013.csv,Glenn,39.5157,-122.1122,W003,2013-09-18 13:29:54,395157N1221122W003,19N02W08Q003M,8/4/2008,00:00,,,3.270,0.000,3.270,102.620,101.420,99.350,2.070,UNK - Unknown,Unknown,Department of Water Resources,Voluntary,8,4,2008
Glenn_01.01.2003-06.21.2013.csv,Glenn,39.5157,-122.1122,W003,2013-09-18 13:29:54,395157N1221122W003,19N02W08Q003M,8/8/2007,00:00,,,3.080,0.000,3.080,102.620,101.420,99.540,1.880,UNK - Unknown,Unknown,Department of Water Resources,Voluntary,TROLL DATA POINT8,8,2007
Glenn_01.01.2003-06.21.2013.csv,Glenn,39.5157,-122.1122,W003,2013-09-18 13:29:54,395157N1221122W003,19N02W08Q003M,10/21/2008,00:00,,,4.020,0.000,4.020,102.620,101.420,98.600,2.820,UNK - Unknown,Unknown,Department of Water Resources,Voluntary,10,21,2008
Glenn_01.01.2003-06.21.2013.csv,Glenn,39.5157,-122.1122,W003,2013-09-18 13:29:54,395157N1221122W003,19N02W08Q003M,1/12/2009,00:00,,,6.280,0.000,6.280,102.620,101.420,96.340,5.080,UNK - Unknown,Unknown,Department of Water Resources,Voluntary,1,12,2009
Glenn_01.01.2003-06.21.2013.csv,Glenn,39.5157,-122.1122,W003,2013-09-18 13:29:54,395157N1221122W003,19N02W08Q003M,1/27/2009,00:00,,,6.150,0.000,6.150,102.620,101.420,96.470,4.950,UNK - Unknown,Unknown,Department of Water Resources,Voluntary,1,27,2009
Glenn_01.01.2003-06.21.2013.csv,Glenn,39.5157,-122.1122,W003,2013-09-18 13:29:54,395157N1221122W003,19N02W08Q003M,3/24/2009,00:00,,,5.960,0.000,5.960,102.620,101.420,96.660,4.760,UNK - Unknown,Unknown,Department of Water Resources,Voluntary,3,24,2009
Glenn_01.01.2003-06.21.2013.csv,Glenn,39.5157,-122.1122,W003,2013-09-18 13:29:54,395157N1221122W003,19N02W08Q003M,5/15/2009,00:00,,,3.790,0.000,3.790,102.620,101.420,98.830,2.590,UNK - Unknown,Unknown,Department of Water Resources,Voluntary,5,15,2009
Glenn_01.01.2003-06.21.2013.csv,Glenn,39.5157,-122.1122,W003,2013-09-18 13:29:54,395157N1221122W003,19N02W08Q003M,6/23/2009,00:00,,,3.430,0.000,3.430,102.620,101.420,99.190,2.230,UNK - Unknown,Unknown,Department of Water Resources,Voluntary,6,23,2009
Glenn_01.01.2003-06.21.2013.csv,Glenn,39.5157,-122.1122,W003,2013-09-18 13:29:54,395157N1221122W003,19N02W08Q003M,8/4/2009,00:00,,,3.120,0.000,3.120,102.620,101.420,99.500,1.920,UNK - Unknown,Unknown,Department of Water Resources,Voluntary,8,4,2009
Glenn_01.01.2003-06.21.2013.csv,Glenn,39.5157,-122.1122,W003,2013-09-18 13:29:54,395157N1221122W003,19N02W08Q003M,9/14/2009,00:00,,,5.470,0.000,5.470,102.620,101.420,97.150,4.270,UNK - Unknown,Unknown,Department of Water Resources,Voluntary,9,14,2009
Glenn_01.01.2003-06.21.2013.csv,Glenn,39.5157,-122.1122,W003,2013-09-18 13:29:54,395157N1221122W003,19N02W08Q003M,10/20/2009,00:00,,,4.610,0.000,4.610,102.620,101.420,98.010,3.410,UNK - Unknown,Unknown,Department of Water Resources,Voluntary,10,20,2009
Glenn_01.01.2003-06.21.2013.csv,Glenn,39.5157,-122.1122,W003,2013-09-18 13:29:54,395157N1221122W003,19N02W08Q003M,2/17/2010,00:00,,,4.310,0.000,4.310,102.620,101.420,98.310,3.110,UNK - Unknown,Unknown,Department of Water Resources,Voluntary,2,17,2010
Glenn_01.01.2003-06.21.2013.csv,Glenn,39.5157,-122.1122,W003,2013-09-18 13:29:54,395157N1221122W003,19N02W08Q003M,3/24/2010,00:00,,,6.150,0.000,6.150,102.620,101.420,96.470,4.950,UNK - Unknown,Unknown,Department of Water Resources,Voluntary,3,24,2010
Glenn_01.01.2003-06.21.2013.csv,Glenn,39.5157,-122.1122,W003,2013-09-18 13:29:54,395157N1221122W003,19N02W08Q003M,8/4/2010,00:00,,,3.130,0.000,3.130,102.620,101.420,99.490,1.930,UNK - Unknown,Unknown,Department of Water Resources,Voluntary,8,4,2010
Glenn_01.01.2003-06.21.2013.csv,Glenn,39.5157,-122.1122,W003,2013-09-18 13:29:54,395157N1221122W003,19N02W08Q003M,10/20/2010,00:00,,,5.920,0.000,5.920,102.620,101.420,96.700,4.720,UNK - Unknown,Unknown,Department of Water Resources,Voluntary,10,20,2010
Glenn_01.01.2003-06.21.2013.csv,Glenn,39.5157,-122.1122,W003,2013-09-18 13:29:54,395157N1221122W003,19N02W08Q003M,4/4/2011,00:00,,,5.220,0.000,5.220,102.620,101.420,97.400,4.020,UNK - Unknown,Unknown,Department of Water Resources,Voluntary,4,4,2011
Glenn_01.01.2003-06.21.2013.csv,Glenn,39.5157,-122.1122,W003,2013-09-18 13:29:54,395157N1221122W003,19N02W08Q003M,6/13/2011,00:00,,,3.030,0.000,3.030,102.620,101.420,99.590,1.830,UNK - Unknown,Unknown,Department of Water Resources,Voluntary,6,13,2011
Glenn_01.01.2003-06.21.2013.csv,Glenn,39.5157,-122.1122,W003,2013-09-18 13:29:54,395157N1221122W003,19N02W08Q003M,8/5/2011,00:00,,,2.940,0.000,2.940,102.620,101.420,99.680,1.740,UNK - Unknown,Unknown,Department of Water Resources,Voluntary,8,5,2011
Glenn_01.01.2003-06.21.2013.csv,Glenn,39.5157,-122.1122,W003,2013-09-18 13:29:54,395157N1221122W003,19N02W08Q003M,10/13/2011,00:00,,,6.010,0.000,6.010,102.620,101.420,96.610,4.810,UNK - Unknown,Unknown,Department of Water Resources,Voluntary,10,13,2011
Glenn_01.01.2003-06.21.2013.csv,Glenn,39.5157,-122.1122,W003,2013-09-18 13:29:54,395157N1221122W003,19N02W08Q003M,3/20/2013,15:08,,,6.000,-0.810,6.810,102.620,101.420,95.810,5.610,ST - Steel tape measurement,0.1 Ft,Department of Water Resources,CASGEM,3,20,2013
Glenn_01.01.2003-06.21.2013.csv,Glenn,39.5196,-122.2676,W001,2013-09-18 13:29:54,395196N1222676W001,19N04W12E001M,10/11/2011,00:00,,,16.650,0.000,16.650,177.480,176.480,160.830,15.650,ES - Electric sounder measurement,0.01 Ft,Department of Water Resources,Voluntary,10,11,2011
Glenn_01.01.2003-06.21.2013.csv,Glenn,39.5196,-122.2676,W001,2013-09-18 13:29:54,395196N1222676W001,19N04W12E001M,3/27/2012,00:00,,,19.930,0.000,19.930,177.480,176.480,157.550,18.930,ES - Electric sounder measurement,0.01 Ft,Department of Water Resources,Voluntary,3,27,2012
Glenn_01.01.2003-06.21.2013.csv,Glenn,39.5196,-122.2676,W001,2013-09-18 13:29:54,395196N1222676W001,19N04W12E001M,7/31/2012,00:00,,,19.210,0.000,19.210,177.480,176.480,158.270,18.210,ES - Electric sounder measurement,0.01 Ft,Department of Water Resources,Voluntary,7,31,2012
Glenn_01.01.2003-06.21.2013.csv,Glenn,39.5196,-122.2676,W001,2013-09-18 13:29:54,395196N1222676W001,19N04W12E001M,10/16/2012,00:00,,,19.480,0.000,19.480,177.480,176.480,158.000,18.480,ES - Electric sounder measurement,0.01 Ft,Department of Water Resources,Voluntary,10,16,2012
Glenn_01.01.2003-06.21.2013.csv,Glenn,39.5196,-122.2676,W001,2013-09-18 13:29:54,395196N1222676W001,19N04W12E001M,3/18/2013,00:00,,,16.410,0.000,16.410,177.480,176.480,161.070,15.410,ES - Electric sounder measurement,0.01 Ft,Department of Water Resources,Voluntary,3,18,2013
Glenn_01.01.2003-06.21.2013.csv,Glenn,39.5283,-122.2482,W001,2013-09-18 13:29:54,395283N1222482W001,19N03W06N002M,10/16/2012,00:00,,,20.000,1.400,18.600,157.360,155.860,138.760,17.100,ST - Steel tape measurement,0.1 Ft,Bureau of Reclamation,Voluntary,10,16,2012
Glenn_01.01.2003-06.21.2013.csv,Glenn,39.5283,-122.2482,W001,2013-09-18 13:29:54,395283N1222482W001,19N03W06N002M,4/15/2013,00:00,,,17.000,2.100,14.900,157.360,155.860,142.460,13.400,ST - Steel tape measurement,0.1 Ft,Bureau of Reclamation,Voluntary,4,15,2013
Glenn_01.01.2003-06.21.2013.csv,Glenn,39.5283,-122.2482,W001,2013-09-18 13:29:54,395283N1222482W001,19N03W06N002M,4/7/2003,00:00,,,9.200,0.000,9.200,157.360,155.860,148.160,7.700,UNK - Unknown,Unknown,Bureau of Reclamation,Voluntary,4,7,2003
Glenn_01.01.2003-06.21.2013.csv,Glenn,39.5283,-122.2482,W001,2013-09-18 13:29:54,395283N1222482W001,19N03W06N002M,10/14/2003,00:00,,8 - Oil or foreign substance in casing,15.800,0.000,15.800,157.360,155.860,141.560,14.300,UNK - Unknown,Unknown,Bureau of Reclamation,Voluntary,10,14,2003
Glenn_01.01.2003-06.21.2013.csv,Glenn,39.5283,-122.2482,W001,2013-09-18 13:29:54,395283N1222482W001,19N03W06N002M,4/1/2004,00:00,,,24.200,0.000,24.200,157.360,155.860,133.160,22.700,UNK - Unknown,Unknown,Bureau of Reclamation,Voluntary,4,1,2004
Glenn_01.01.2003-06.21.2013.csv,Glenn,39.5283,-122.2482,W001,2013-09-18 13:29:54,395283N1222482W001,19N03W06N002M,11/5/2004,00:00,,,13.300,0.000,13.300,157.360,155.860,144.060,11.800,UNK - Unknown,Unknown,Bureau of Reclamation,Voluntary,11,5,2004
Glenn_01.01.2003-06.21.2013.csv,Glenn,39.5283,-122.2482,W001,2013-09-18 13:29:54,395283N1222482W001,19N03W06N002M,4/14/2005,00:00,,,5.800,0.000,5.800,157.360,155.860,151.560,4.300,UNK - Unknown,Unknown,Bureau of Reclamation,Voluntary,4,14,2005
Glenn_01.01.2003-06.21.2013.csv,Glenn,39.5283,-122.2482,W001,2013-09-18 13:29:54,395283N1222482W001,19N03W06N002M,10/18/2005,00:00,,,12.000,0.000,12.000,157.360,155.860,145.360,10.500,UNK - Unknown,Unknown,Bureau of Reclamation,Voluntary,10,18,2005
Glenn_01.01.2003-06.21.2013.csv,Glenn,39.5283,-122.2482,W001,2013-09-18 13:29:54,395283N1222482W001,19N03W06N002M,3/30/2006,00:00,,,5.000,0.000,5.000,157.360,155.860,152.360,3.500,UNK - Unknown,Unknown,Bureau of Reclamation,Voluntary,3,30,2006
Glenn_01.01.2003-06.21.2013.csv,Glenn,39.5283,-122.2482,W001,2013-09-18 13:29:54,395283N1222482W001,19N03W06N002M,3/28/2007,00:00,1 - Pumping,,NULL,NULL,NULL,157.360,155.860,NULL,NULL,,,Bureau of Reclamation,Voluntary,PUMPING3,28,2007
Glenn_01.01.2003-06.21.2013.csv,Glenn,39.5283,-122.2482,W001,2013-09-18 13:29:54,395283N1222482W001,19N03W06N002M,10/17/2006,00:00,,,12.800,0.000,12.800,157.360,155.860,144.560,11.300,UNK - Unknown,Unknown,Bureau of Reclamation,Voluntary,10,17,2006
Glenn_01.01.2003-06.21.2013.csv,Glenn,39.5283,-122.2482,W001,2013-09-18 13:29:54,395283N1222482W001,19N03W06N002M,10/23/2007,00:00,,,14.500,0.000,14.500,157.360,155.860,142.860,13.000,UNK - Unknown,Unknown,Bureau of Reclamation,Voluntary,10,23,2007
Glenn_01.01.2003-06.21.2013.csv,Glenn,39.5283,-122.2482,W001,2013-09-18 13:29:54,395283N1222482W001,19N03W06N002M,3/14/2008,00:00,,,9.700,0.000,9.700,157.360,155.860,147.660,8.200,UNK - Unknown,Unknown,Bureau of Reclamation,Voluntary,3,14,2008
Glenn_01.01.2003-06.21.2013.csv,Glenn,39.5283,-122.2482,W001,2013-09-18 13:29:54,395283N1222482W001,19N03W06N002M,9/30/2008,00:00,,,21.600,0.000,21.600,157.360,155.860,135.760,20.100,UNK - Unknown,Unknown,Bureau of Reclamation,Voluntary,9,30,2008
Glenn_01.01.2003-06.21.2013.csv,Glenn,39.5283,-122.2482,W001,2013-09-18 13:29:54,395283N1222482W001,19N03W06N002M,3/23/2009,00:00,,,16.600,0.000,16.600,157.360,155.860,140.760,15.100,UNK - Unknown,Unknown,Bureau of Reclamation,Voluntary,3,23,2009
Glenn_01.01.2003-06.21.2013.csv,Glenn,39.5283,-122.2482,W001,2013-09-18 13:29:54,395283N1222482W001,19N03W06N002M,10/20/2009,00:00,,,20.200,0.000,20.200,157.360,155.860,137.160,18.700,UNK - Unknown,Unknown,Bureau of Reclamation,Voluntary,10,20,2009
Glenn_01.01.2003-06.21.2013.csv,Glenn,39.5283,-122.2482,W001,2013-09-18 13:29:54,395283N1222482W001,19N03W06N002M,4/8/2010,00:00,,,13.000,0.000,13.000,157.360,155.860,144.360,11.500,UNK - Unknown,Unknown,Bureau of Reclamation,Voluntary,4,8,2010
Glenn_01.01.2003-06.21.2013.csv,Glenn,39.5283,-122.2482,W001,2013-09-18 13:29:54,395283N1222482W001,19N03W06N002M,10/19/2010,00:00,,,16.100,0.000,16.100,157.360,155.860,141.260,14.600,UNK - Unknown,Unknown,Bureau of Reclamation,Voluntary,10,19,2010
Glenn_01.01.2003-06.21.2013.csv,Glenn,39.5283,-122.2482,W001,2013-09-18 13:29:54,395283N1222482W001,19N03W06N002M,4/5/2011,00:00,,,10.900,0.000,10.900,157.360,155.860,146.460,9.400,UNK - Unknown,Unknown,Bureau of Reclamation,Voluntary,4,5,2011
Glenn_01.01.2003-06.21.2013.csv,Glenn,39.5283,-122.2482,W001,2013-09-18 13:29:54,395283N1222482W001,19N03W06N002M,10/12/2011,00:00,,,15.100,0.000,15.100,157.360,155.860,142.260,13.600,UNK - Unknown,Unknown,Bureau of Reclamation,Voluntary,10,12,2011
Glenn_01.01.2003-06.21.2013.csv,Glenn,39.5283,-122.2482,W001,2013-09-18 13:29:54,395283N1222482W001,19N03W06N002M,3/26/2012,00:00,,,13.900,0.000,13.900,157.360,155.860,143.460,12.400,UNK - Unknown,Unknown,Bureau of Reclamation,Voluntary,3,26,2012
Glenn_01.01.2003-06.21.2013.csv,Glenn,39.5386,-122.2523,W001,2013-09-18 13:29:54,395386N1222523W001,19N04W01A001M,10/11/2011,00:00,,,21.490,0.000,21.490,167.560,167.460,146.070,21.390,ES - Electric sounder measurement,0.01 Ft,Department of Water Resources,Voluntary,10,11,2011
Glenn_01.01.2003-06.21.2013.csv,Glenn,39.5386,-122.2523,W001,2013-09-18 13:29:54,395386N1222523W001,19N04W01A001M,3/27/2012,00:00,,,24.000,3.900,20.100,167.560,167.460,147.460,20.000,ST - Steel tape measurement,0.1 Ft,Department of Water Resources,Voluntary,3,27,2012
Glenn_01.01.2003-06.21.2013.csv,Glenn,39.5386,-122.2523,W001,2013-09-18 13:29:54,395386N1222523W001,19N04W01A001M,7/31/2012,00:00,,,36.980,0.000,36.980,167.560,167.460,130.580,36.880,ES - Electric sounder measurement,0.01 Ft,Department of Water Resources,Voluntary,7,31,2012
Glenn_01.01.2003-06.21.2013.csv,Glenn,39.5386,-122.2523,W001,2013-09-18 13:29:54,395386N1222523W001,19N04W01A001M,10/16/2012,00:00,,,24.990,0.000,24.990,167.560,167.460,142.570,24.890,ES - Electric sounder measurement,0.01 Ft,Department of Water Resources,Voluntary,10,16,2012
Glenn_01.01.2003-06.21.2013.csv,Glenn,39.5386,-122.2523,W001,2013-09-18 13:29:54,395386N1222523W001,19N04W01A001M,3/18/2013,00:00,,,18.950,0.000,18.950,167.560,167.460,148.610,18.850,ES - Electric sounder measurement,0.01 Ft,Department of Water Resources,Voluntary,3,18,2013
Glenn_01.01.2003-06.21.2013.csv,Glenn,39.5426,-122.2165,W001,2013-09-18 13:29:54,395426N1222165W001,,10/16/2012,00:00,1 - Pumping,,NULL,NULL,NULL,153.450,152.450,NULL,NULL,,,Bureau of Reclamation,Voluntary,10,16,2012
Glenn_01.01.2003-06.21.2013.csv,Glenn,39.5426,-122.2165,W001,2013-09-18 13:29:54,395426N1222165W001,,4/15/2013,00:00,1 - Pumping,,NULL,NULL,NULL,153.450,152.450,NULL,NULL,,,Bureau of Reclamation,Voluntary,4,15,2013
Glenn_01.01.2003-06.21.2013.csv,Glenn,39.5436,-122.0644,W001,2013-09-18 13:29:54,395436N1220644W001,20N02W34J001M,10/11/2011,00:00,,,4.860,0.000,4.860,100.900,100.400,96.040,4.360,ES - Electric sounder measurement,0.01 Ft,Department of Water Resources,Voluntary,10,11,2011
Glenn_01.01.2003-06.21.2013.csv,Glenn,39.5436,-122.0644,W001,2013-09-18 13:29:54,395436N1220644W001,20N02W34J001M,3/28/2012,00:00,,,4.830,0.000,4.830,100.900,100.400,96.070,4.330,ES - Electric sounder measurement,0.01 Ft,Department of Water Resources,Voluntary,3,28,2012
Glenn_01.01.2003-06.21.2013.csv,Glenn,39.5436,-122.0644,W001,2013-09-18 13:29:54,395436N1220644W001,20N02W34J001M,7/31/2012,00:00,,,4.340,0.000,4.340,100.900,100.400,96.560,3.840,ES - Electric sounder measurement,0.01 Ft,Department of Water Resources,Voluntary,7,31,2012
Glenn_01.01.2003-06.21.2013.csv,Glenn,39.5436,-122.0644,W001,2013-09-18 13:29:54,395436N1220644W001,20N02W34J001M,10/16/2012,00:00,,,5.970,0.000,5.970,100.900,100.400,94.930,5.470,ES - Electric sounder measurement,0.01 Ft,Department of Water Resources,Voluntary,10,16,2012
Glenn_01.01.2003-06.21.2013.csv,Glenn,39.5436,-122.0644,W001,2013-09-18 13:29:54,395436N1220644W001,20N02W34J001M,3/18/2013,00:00,,,5.920,0.000,5.920,100.900,100.400,94.980,5.420,ES - Electric sounder measurement,0.01 Ft,Department of Water Resources,Voluntary,3,18,2013
Glenn_01.01.2003-06.21.2013.csv,Glenn,39.5467,-122.1971,W001,2013-09-18 13:29:54,395467N1221971W001,20N03W33J001M,3/28/2012,09:00,,,11.430,0.000,11.430,139.740,138.440,128.310,10.130,ES - Electric sounder measurement,0.01 Ft,"County of Glenn, Department of Agriculture",Voluntary,3,28,2012
Glenn_01.01.2003-06.21.2013.csv,Glenn,39.5467,-122.1971,W001,2013-09-18 13:29:54,395467N1221971W001,20N03W33J001M,10/15/2012,00:00,7 - Special/Other,,NULL,NULL,NULL,139.740,138.440,NULL,NULL,,,"County of Glenn, Department of Agriculture",Voluntary,"oil in casing, nearby pumping"10,15,2012
Glenn_01.01.2003-06.21.2013.csv,Glenn,39.5467,-122.1971,W001,2013-09-18 13:29:54,395467N1221971W001,20N03W33J001M,3/20/2013,00:00,,,11.720,0.000,11.720,139.740,138.440,128.020,10.420,ES - Electric sounder measurement,0.01 Ft,"County of Glenn, Department of Agriculture",Voluntary,3,20,2013
Glenn_01.01.2003-06.21.2013.csv,Glenn,39.5467,-122.1971,W001,2013-09-18 13:29:54,395467N1221971W001,20N03W33J001M,4/7/2003,00:00,,,6.500,0.000,6.500,139.740,138.440,133.240,5.200,UNK - Unknown,Unknown,Bureau of Reclamation,Voluntary,4,7,2003
Glenn_01.01.2003-06.21.2013.csv,Glenn,39.5467,-122.1971,W001,2013-09-18 13:29:54,395467N1221971W001,20N03W33J001M,10/14/2003,00:00,,,14.000,0.000,14.000,139.740,138.440,125.740,12.700,UNK - Unknown,Unknown,Bureau of Reclamation,Voluntary,10,14,2003
Glenn_01.01.2003-06.21.2013.csv,Glenn,39.5467,-122.1971,W001,2013-09-18 13:29:54,395467N1221971W001,20N03W33J001M,4/1/2004,00:00,,,6.200,0.000,6.200,139.740,138.440,133.540,4.900,UNK - Unknown,Unknown,Bureau of Reclamation,Voluntary,4,1,2004
Glenn_01.01.2003-06.21.2013.csv,Glenn,39.5467,-122.1971,W001,2013-09-18 13:29:54,395467N1221971W001,20N03W33J001M,11/5/2004,00:00,,,12.900,0.000,12.900,139.740,138.440,126.840,11.600,UNK - Unknown,Unknown,Bureau of Reclamation,Voluntary,11,5,2004
Glenn_01.01.2003-06.21.2013.csv,Glenn,39.5467,-122.1971,W001,2013-09-18 13:29:54,395467N1221971W001,20N03W33J001M,4/14/2005,00:00,,,5.200,0.000,5.200,139.740,138.440,134.540,3.900,UNK - Unknown,Unknown,Bureau of Reclamation,Voluntary,4,14,2005
Glenn_01.01.2003-06.21.2013.csv,Glenn,39.5467,-122.1971,W001,2013-09-18 13:29:54,395467N1221971W001,20N03W33J001M,10/18/2005,00:00,,,11.600,0.000,11.600,139.740,138.440,128.140,10.300,UNK - Unknown,Unknown,Bureau of Reclamation,Voluntary,10,18,2005
Glenn_01.01.2003-06.21.2013.csv,Glenn,39.5467,-122.1971,W001,2013-09-18 13:29:54,395467N1221971W001,20N03W33J001M,3/30/2006,00:00,,,3.700,0.000,3.700,139.740,138.440,136.040,2.400,UNK - Unknown,Unknown,Bureau of Reclamation,Voluntary,3,30,2006
Glenn_01.01.2003-06.21.2013.csv,Glenn,39.5467,-122.1971,W001,2013-09-18 13:29:54,395467N1221971W001,20N03W33J001M,3/28/2007,00:00,,4 - Pumped recently,11.500,0.000,11.500,139.740,138.440,128.240,10.200,UNK - Unknown,Unknown,Bureau of Reclamation,Voluntary,PUMPED RECENTLY3,28,2007
Glenn_01.01.2003-06.21.2013.csv,Glenn,39.5467,-122.1971,W001,2013-09-18 13:29:54,395467N1221971W001,20N03W33J001M,4/9/2007,00:00,,,10.780,0.000,10.780,139.740,138.440,128.960,9.480,UNK - Unknown,Unknown,County of Glenn,Voluntary,MEASURED BY L.MESSINA GLENN COUNTY4,9,2007
Glenn_01.01.2003-06.21.2013.csv,Glenn,39.5467,-122.1971,W001,2013-09-18 13:29:54,395467N1221971W001,20N03W33J001M,10/17/2006,00:00,,,11.300,0.000,11.300,139.740,138.440,128.440,10.000,UNK - Unknown,Unknown,Bureau of Reclamation,Voluntary,10,17,2006
Glenn_01.01.2003-06.21.2013.csv,Glenn,39.5467,-122.1971,W001,2013-09-18 13:29:54,395467N1221971W001,20N03W33J001M,10/23/2007,00:00,,,14.500,0.000,14.500,139.740,138.440,125.240,13.200,UNK - Unknown,Unknown,Bureau of Reclamation,Voluntary,10,23,2007
Glenn_01.01.2003-06.21.2013.csv,Glenn,39.5467,-122.1971,W001,2013-09-18 13:29:54,395467N1221971W001,20N03W33J001M,3/14/2008,00:00,,,6.300,0.000,6.300,139.740,138.440,133.440,5.000,UNK - Unknown,Unknown,Bureau of Reclamation,Voluntary,3,14,2008
Glenn_01.01.2003-06.21.2013.csv,Glenn,39.5467,-122.1971,W001,2013-09-18 13:29:54,395467N1221971W001,20N03W33J001M,9/30/2008,00:00,,,19.300,0.000,19.300,139.740,138.440,120.440,18.000,UNK - Unknown,Unknown,Bureau of Reclamation,Voluntary,9,30,2008
Glenn_01.01.2003-06.21.2013.csv,Glenn,39.5467,-122.1971,W001,2013-09-18 13:29:54,395467N1221971W001,20N03W33J001M,3/24/2009,00:00,,,10.500,0.000,10.500,139.740,138.440,129.240,9.200,UNK - Unknown,Unknown,County of Glenn,Voluntary,3,24,2009
Glenn_01.01.2003-06.21.2013.csv,Glenn,39.5467,-122.1971,W001,2013-09-18 13:29:54,395467N1221971W001,20N03W33J001M,3/23/2009,00:00,,,10.700,0.000,10.700,139.740,138.440,129.040,9.400,UNK - Unknown,Unknown,Bureau of Reclamation,Voluntary,3,23,2009
Glenn_01.01.2003-06.21.2013.csv,Glenn,39.5467,-122.1971,W001,2013-09-18 13:29:54,395467N1221971W001,20N03W33J001M,10/20/2009,00:00,,,18.800,0.000,18.800,139.740,138.440,120.940,17.500,UNK - Unknown,Unknown,Bureau of Reclamation,Voluntary,10,20,2009
Glenn_01.01.2003-06.21.2013.csv,Glenn,39.5467,-122.1971,W001,2013-09-18 13:29:54,395467N1221971W001,20N03W33J001M,4/8/2010,00:00,,,8.600,0.000,8.600,139.740,138.440,131.140,7.300,UNK - Unknown,Unknown,Bureau of Reclamation,Voluntary,4,8,2010
Glenn_01.01.2003-06.21.2013.csv,Glenn,39.5467,-122.1971,W001,2013-09-18 13:29:54,395467N1221971W001,20N03W33J001M,10/19/2010,00:00,,,16.400,0.000,16.400,139.740,138.440,123.340,15.100,UNK - Unknown,Unknown,Bureau of Reclamation,Voluntary,10,19,2010
Glenn_01.01.2003-06.21.2013.csv,Glenn,39.5467,-122.1971,W001,2013-09-18 13:29:54,395467N1221971W001,20N03W33J001M,4/7/2011,00:00,,,6.510,0.000,6.510,139.740,138.440,133.230,5.210,UNK - Unknown,Unknown,County of Glenn,Voluntary,4,7,2011
Glenn_01.01.2003-06.21.2013.csv,Glenn,39.5467,-122.1971,W001,2013-09-18 13:29:54,395467N1221971W001,20N03W33J001M,4/5/2011,00:00,,,6.200,0.000,6.200,139.740,138.440,133.540,4.900,UNK - Unknown,Unknown,Bureau of Reclamation,Voluntary,4,5,2011
Glenn_01.01.2003-06.21.2013.csv,Glenn,39.5467,-122.1971,W001,2013-09-18 13:29:54,395467N1221971W001,20N03W33J001M,10/12/2011,00:00,,,15.800,0.000,15.800,139.740,138.440,123.940,14.500,UNK - Unknown,Unknown,County of Glenn,Voluntary,10,12,2011
Glenn_01.01.2003-06.21.2013.csv,Glenn,39.5467,-122.1971,W001,2013-09-18 13:29:54,395467N1221971W001,20N03W33J001M,10/12/2011,00:00,,,15.200,0.000,15.200,139.740,138.440,124.540,13.900,UNK - Unknown,Unknown,Bureau of Reclamation,Voluntary,10,12,2011
Glenn_01.01.2003-06.21.2013.csv,Glenn,39.5467,-122.1971,W001,2013-09-18 13:29:54,395467N1221971W001,20N03W33J001M,3/28/2012,00:00,0 - Measurement Discontinued,,NULL,NULL,NULL,139.740,138.440,NULL,NULL,,,Bureau of Reclamation,Voluntary,GLENN COUNTY NOW MEASURING3,28,2012
Glenn_01.01.2003-06.21.2013.csv,Glenn,39.5496,-122.0839,W001,2013-09-18 13:29:54,395496N1220839W001,20N02W33B001M,10/11/2011,00:00,,,6.050,0.000,6.050,107.010,105.410,100.960,4.450,ES - Electric sounder measurement,0.01 Ft,Department of Water Resources,CASGEM,10,11,2011
Glenn_01.01.2003-06.21.2013.csv,Glenn,39.5496,-122.0839,W001,2013-09-18 13:29:54,395496N1220839W001,20N02W33B001M,3/28/2012,00:00,,,5.670,0.000,5.670,107.010,105.410,101.340,4.070,ES - Electric sounder measurement,0.01 Ft,Department of Water Resources,CASGEM,3,28,2012
Glenn_01.01.2003-06.21.2013.csv,Glenn,39.5496,-122.0839,W001,2013-09-18 13:29:54,395496N1220839W001,20N02W33B001M,7/31/2012,00:00,,,3.970,0.000,3.970,107.010,105.410,103.040,2.370,ES - Electric sounder measurement,0.01 Ft,Department of Water Resources,CASGEM,7,31,2012
Glenn_01.01.2003-06.21.2013.csv,Glenn,39.5496,-122.0839,W001,2013-09-18 13:29:54,395496N1220839W001,20N02W33B001M,10/16/2012,00:00,,,6.880,0.000,6.880,107.010,105.410,100.130,5.280,ES - Electric sounder measurement,0.01 Ft,Department of Water Resources,CASGEM,10,16,2012
Glenn_01.01.2003-06.21.2013.csv,Glenn,39.5496,-122.0839,W001,2013-09-18 13:29:54,395496N1220839W001,20N02W33B001M,3/18/2013,00:00,,,6.890,0.000,6.890,107.010,105.410,100.120,5.290,ES - Electric sounder measurement,0.01 Ft,Department of Water Resources,CASGEM,3,18,2013
Glenn_01.01.2003-06.21.2013.csv,Glenn,39.5534,-122.2315,W001,2013-09-18 13:29:54,395534N1222315W001,,10/15/2012,00:00,,,17.200,0.000,17.200,153.060,152.460,135.860,16.600,ES - Electric sounder measurement,0.1 Ft,Bureau of Reclamation,Voluntary,10,15,2012
Glenn_01.01.2003-06.21.2013.csv,Glenn,39.5534,-122.2315,W001,2013-09-18 13:29:54,395534N1222315W001,,4/15/2013,00:00,,,11.800,0.000,11.800,153.060,152.460,141.260,11.200,ES - Electric sounder measurement,0.1 Ft,Bureau of Reclamation,Voluntary,4,15,2013
Glenn_01.01.2003-06.21.2013.csv,Glenn,39.5534,-122.2315,W001,2013-09-18 13:29:54,395534N1222315W001,,4/7/2003,00:00,,,9.700,0.000,9.700,153.060,152.460,143.360,9.100,UNK - Unknown,Unknown,Bureau of Reclamation,Voluntary,4,7,2003
Glenn_01.01.2003-06.21.2013.csv,Glenn,39.5534,-122.2315,W001,2013-09-18 13:29:54,395534N1222315W001,,10/14/2003,00:00,,,11.000,0.000,11.000,153.060,152.460,142.060,10.400,UNK - Unknown,Unknown,Bureau of Reclamation,Voluntary,10,14,2003
Glenn_01.01.2003-06.21.2013.csv,Glenn,39.5534,-122.2315,W001,2013-09-18 13:29:54,395534N1222315W001,,4/1/2004,00:00,,,8.600,0.000,8.600,153.060,152.460,144.460,8.000,UNK - Unknown,Unknown,Bureau of Reclamation,Voluntary,4,1,2004
Glenn_01.01.2003-06.21.2013.csv,Glenn,39.5534,-122.2315,W001,2013-09-18 13:29:54,395534N1222315W001,,11/5/2004,00:00,,,14.200,0.000,14.200,153.060,152.460,138.860,13.600,UNK - Unknown,Unknown,Bureau of Reclamation,Voluntary,11,5,2004
Glenn_01.01.2003-06.21.2013.csv,Glenn,39.5534,-122.2315,W001,2013-09-18 13:29:54,395534N1222315W001,,4/14/2005,00:00,,,8.300,0.000,8.300,153.060,152.460,144.760,7.700,UNK - Unknown,Unknown,Bureau of Reclamation,Voluntary,4,14,2005
Glenn_01.01.2003-06.21.2013.csv,Glenn,39.5534,-122.2315,W001,2013-09-18 13:29:54,395534N1222315W001,,10/18/2005,00:00,,,12.200,0.000,12.200,153.060,152.460,140.860,11.600,UNK - Unknown,Unknown,Bureau of Reclamation,Voluntary,10,18,2005
Glenn_01.01.2003-06.21.2013.csv,Glenn,39.5534,-122.2315,W001,2013-09-18 13:29:54,395534N1222315W001,,3/30/2006,00:00,,,6.400,0.000,6.400,153.060,152.460,146.660,5.800,UNK - Unknown,Unknown,Bureau of Reclamation,Voluntary,3,30,2006
Glenn_01.01.2003-06.21.2013.csv,Glenn,39.5534,-122.2315,W001,2013-09-18 13:29:54,395534N1222315W001,,3/28/2007,00:00,,,12.900,0.000,12.900,153.060,152.460,140.160,12.300,UNK - Unknown,Unknown,Bureau of Reclamation,Voluntary,3,28,2007
Glenn_01.01.2003-06.21.2013.csv,Glenn,39.5534,-122.2315,W001,2013-09-18 13:29:54,395534N1222315W001,,10/17/2006,00:00,,,11.800,0.000,11.800,153.060,152.460,141.260,11.200,UNK - Unknown,Unknown,Bureau of Reclamation,Voluntary,10,17,2006
Glenn_01.01.2003-06.21.2013.csv,Glenn,39.5534,-122.2315,W001,2013-09-18 13:29:54,395534N1222315W001,,10/23/2007,00:00,,,15.400,0.000,15.400,153.060,152.460,137.660,14.800,UNK - Unknown,Unknown,Bureau of Reclamation,Voluntary,10,23,2007
Glenn_01.01.2003-06.21.2013.csv,Glenn,39.5534,-122.2315,W001,2013-09-18 13:29:54,395534N1222315W001,,3/14/2008,00:00,,,10.000,0.000,10.000,153.060,152.460,143.060,9.400,UNK - Unknown,Unknown,Bureau of Reclamation,Voluntary,3,14,2008
Glenn_01.01.2003-06.21.2013.csv,Glenn,39.5534,-122.2315,W001,2013-09-18 13:29:54,395534N1222315W001,,9/30/2008,00:00,,,16.800,0.000,16.800,153.060,152.460,136.260,16.200,UNK - Unknown,Unknown,Bureau of Reclamation,Voluntary,9,30,2008
Glenn_01.01.2003-06.21.2013.csv,Glenn,39.5534,-122.2315,W001,2013-09-18 13:29:54,395534N1222315W001,,3/23/2009,00:00,9 - Temporarily inaccessible,,NULL,NULL,NULL,153.060,152.460,NULL,NULL,,,Bureau of Reclamation,Voluntary,AGGRESSIVE DOG3,23,2009
Glenn_01.01.2003-06.21.2013.csv,Glenn,39.5534,-122.2315,W001,2013-09-18 13:29:54,395534N1222315W001,,10/20/2009,00:00,,,19.800,0.000,19.800,153.060,152.460,133.260,19.200,UNK - Unknown,Unknown,Bureau of Reclamation,Voluntary,10,20,2009
Glenn_01.01.2003-06.21.2013.csv,Glenn,39.5534,-122.2315,W001,2013-09-18 13:29:54,395534N1222315W001,,4/8/2010,00:00,,,12.500,0.000,12.500,153.060,152.460,140.560,11.900,UNK - Unknown,Unknown,Bureau of Reclamation,Voluntary,4,8,2010
Glenn_01.01.2003-06.21.2013.csv,Glenn,39.5534,-122.2315,W001,2013-09-18 13:29:54,395534N1222315W001,,10/19/2010,00:00,,,17.900,0.000,17.900,153.060,152.460,135.160,17.300,UNK - Unknown,Unknown,Bureau of Reclamation,Voluntary,10,19,2010
Glenn_01.01.2003-06.21.2013.csv,Glenn,39.5534,-122.2315,W001,2013-09-18 13:29:54,395534N1222315W001,,4/5/2011,00:00,,,10.700,0.000,10.700,153.060,152.460,142.360,10.100,UNK - Unknown,Unknown,Bureau of Reclamation,Voluntary,4,5,2011
Glenn_01.01.2003-06.21.2013.csv,Glenn,39.5534,-122.2315,W001,2013-09-18 13:29:54,395534N1222315W001,,10/11/2011,00:00,,,16.400,0.000,16.400,153.060,152.460,136.660,15.800,UNK - Unknown,Unknown,Bureau of Reclamation,Voluntary,10,11,2011
Glenn_01.01.2003-06.21.2013.csv,Glenn,39.5534,-122.2315,W001,2013-09-18 13:29:54,395534N1222315W001,,3/26/2012,00:00,,,15.300,0.000,15.300,153.060,152.460,137.760,14.700,UNK - Unknown,Unknown,Bureau of Reclamation,Voluntary,3,26,2012
Glenn_01.01.2003-06.21.2013.csv,Glenn,39.5545,-122.2143,W001,2013-09-18 13:29:54,395545N1222143W001,DOMENGHINI,10/11/2011,00:00,,,15.570,0.000,15.570,100.950,100.450,85.380,15.070,ES - Electric sounder measurement,0.01 Ft,Department of Water Resources,Voluntary,10,11,2011
Glenn_01.01.2003-06.21.2013.csv,Glenn,39.5545,-122.2143,W001,2013-09-18 13:29:54,395545N1222143W001,DOMENGHINI,3/27/2012,00:00,,,13.360,0.000,13.360,100.950,100.450,87.590,12.860,ES - Electric sounder measurement,0.01 Ft,Department of Water Resources,Voluntary,3,27,2012
Glenn_01.01.2003-06.21.2013.csv,Glenn,39.5545,-122.2143,W001,2013-09-18 13:29:54,395545N1222143W001,DOMENGHINI,7/31/2012,00:00,,,19.100,0.000,19.100,100.950,100.450,81.850,18.600,ES - Electric sounder measurement,0.01 Ft,Department of Water Resources,Voluntary,7,31,2012
Glenn_01.01.2003-06.21.2013.csv,Glenn,39.5545,-122.2143,W001,2013-09-18 13:29:54,395545N1222143W001,DOMENGHINI,10/16/2012,00:00,,,17.130,0.000,17.130,100.950,100.450,83.820,16.630,ES - Electric sounder measurement,0.01 Ft,Department of Water Resources,Voluntary,10,16,2012
Glenn_01.01.2003-06.21.2013.csv,Glenn,39.5545,-122.2143,W001,2013-09-18 13:29:54,395545N1222143W001,DOMENGHINI,2/18/2003,00:00,,,6.000,0.000,6.000,100.950,100.450,94.950,5.500,UNK - Unknown,Unknown,Department of Water Resources,Voluntary,2,18,2003
Glenn_01.01.2003-06.21.2013.csv,Glenn,39.5545,-122.2143,W001,2013-09-18 13:29:54,395545N1222143W001,DOMENGHINI,3/13/2003,00:00,,,6.730,0.000,6.730,100.950,100.450,94.220,6.230,UNK - Unknown,Unknown,Department of Water Resources,Voluntary,3,13,2003
Glenn_01.01.2003-06.21.2013.csv,Glenn,39.5545,-122.2143,W001,2013-09-18 13:29:54,395545N1222143W001,DOMENGHINI,4/9/2003,00:00,,,6.800,0.000,6.800,100.950,100.450,94.150,6.300,UNK - Unknown,Unknown,Department of Water Resources,Voluntary,4,9,2003
Glenn_01.01.2003-06.21.2013.csv,Glenn,39.5545,-122.2143,W001,2013-09-18 13:29:54,395545N1222143W001,DOMENGHINI,5/28/2003,00:00,,,7.600,0.000,7.600,100.950,100.450,93.350,7.100,UNK - Unknown,Unknown,Department of Water Resources,Voluntary,5,28,2003
Glenn_01.01.2003-06.21.2013.csv,Glenn,39.5545,-122.2143,W001,2013-09-18 13:29:54,395545N1222143W001,DOMENGHINI,6/19/2003,00:00,,,15.000,0.000,15.000,100.950,100.450,85.950,14.500,UNK - Unknown,Unknown,Department of Water Resources,Voluntary,6,19,2003
Glenn_01.01.2003-06.21.2013.csv,Glenn,39.5545,-122.2143,W001,2013-09-18 13:29:54,395545N1222143W001,DOMENGHINI,7/30/2003,00:00,,,16.800,0.000,16.800,100.950,100.450,84.150,16.300,UNK - Unknown,Unknown,Department of Water Resources,Voluntary,7,30,2003
Glenn_01.01.2003-06.21.2013.csv,Glenn,39.5545,-122.2143,W001,2013-09-18 13:29:54,395545N1222143W001,DOMENGHINI,8/26/2003,00:00,,,15.000,0.000,15.000,100.950,100.450,85.950,14.500,UNK - Unknown,Unknown,Department of Water Resources,Voluntary,8,26,2003
Glenn_01.01.2003-06.21.2013.csv,Glenn,39.5545,-122.2143,W001,2013-09-18 13:29:54,395545N1222143W001,DOMENGHINI,9/22/2003,00:00,,,13.700,0.000,13.700,100.950,100.450,87.250,13.200,UNK - Unknown,Unknown,Department of Water Resources,Voluntary,9,22,2003
Glenn_01.01.2003-06.21.2013.csv,Glenn,39.5545,-122.2143,W001,2013-09-18 13:29:54,395545N1222143W001,DOMENGHINI,10/16/2003,00:00,,,13.500,0.000,13.500,100.950,100.450,87.450,13.000,UNK - Unknown,Unknown,Department of Water Resources,Voluntary,10,16,2003
Glenn_01.01.2003-06.21.2013.csv,Glenn,39.5545,-122.2143,W001,2013-09-18 13:29:54,395545N1222143W001,DOMENGHINI,11/21/2003,00:00,,,12.900,0.000,12.900,100.950,100.450,88.050,12.400,UNK - Unknown,Unknown,Department of Water Resources,Voluntary,11,21,2003
Glenn_01.01.2003-06.21.2013.csv,Glenn,39.5545,-122.2143,W001,2013-09-18 13:29:54,395545N1222143W001,DOMENGHINI,12/16/2003,00:00,,,11.800,0.000,11.800,100.950,100.450,89.150,11.300,UNK - Unknown,Unknown,Department of Water Resources,Voluntary,12,16,2003
Glenn_01.01.2003-06.21.2013.csv,Glenn,39.5545,-122.2143,W001,2013-09-18 13:29:54,395545N1222143W001,DOMENGHINI,4/1/2004,00:00,,,5.500,0.000,5.500,100.950,100.450,95.450,5.000,UNK - Unknown,Unknown,Department of Water Resources,Voluntary,4,1,2004
Glenn_01.01.2003-06.21.2013.csv,Glenn,39.5545,-122.2143,W001,2013-09-18 13:29:54,395545N1222143W001,DOMENGHINI,4/29/2004,00:00,,,7.600,0.000,7.600,100.950,100.450,93.350,7.100,UNK - Unknown,Unknown,Department of Water Resources,Voluntary,4,29,2004
Glenn_01.01.2003-06.21.2013.csv,Glenn,39.5545,-122.2143,W001,2013-09-18 13:29:54,395545N1222143W001,DOMENGHINI,5/24/2004,00:00,,,11.300,0.000,11.300,100.950,100.450,89.650,10.800,UNK - Unknown,Unknown,Department of Water Resources,Voluntary,5,24,2004
Glenn_01.01.2003-06.21.2013.csv,Glenn,39.5545,-122.2143,W001,2013-09-18 13:29:54,395545N1222143W001,DOMENGHINI,2/11/2004,00:00,,,5.800,0.000,5.800,100.950,100.450,95.150,5.300,UNK - Unknown,Unknown,Department of Water Resources,Voluntary,2,11,2004
Glenn_01.01.2003-06.21.2013.csv,Glenn,39.5545,-122.2143,W001,2013-09-18 13:29:54,395545N1222143W001,DOMENGHINI,7/28/2004,00:00,,,17.600,0.000,17.600,100.950,100.450,83.350,17.100,UNK - Unknown,Unknown,Department of Water Resources,Voluntary,7,28,2004
Glenn_01.01.2003-06.21.2013.csv,Glenn,39.5545,-122.2143,W001,2013-09-18 13:29:54,395545N1222143W001,DOMENGHINI,6/24/2004,00:00,,,15.500,0.000,15.500,100.950,100.450,85.450,15.000,UNK - Unknown,Unknown,Department of Water Resources,Voluntary,6,24,2004
Glenn_01.01.2003-06.21.2013.csv,Glenn,39.5545,-122.2143,W001,2013-09-18 13:29:54,395545N1222143W001,DOMENGHINI,8/23/2004,00:00,,,15.700,0.000,15.700,100.950,100.450,85.250,15.200,UNK - Unknown,Unknown,Department of Water Resources,Voluntary,8,23,2004
Glenn_01.01.2003-06.21.2013.csv,Glenn,39.5545,-122.2143,W001,2013-09-18 13:29:54,395545N1222143W001,DOMENGHINI,9/21/2004,00:00,,,14.000,0.000,14.000,100.950,100.450,86.950,13.500,UNK - Unknown,Unknown,Department of Water Resources,Voluntary,9,21,2004
Glenn_01.01.2003-06.21.2013.csv,Glenn,39.5545,-122.2143,W001,2013-09-18 13:29:54,395545N1222143W001,DOMENGHINI,10/20/2004,00:00,,,13.800,0.000,13.800,100.950,100.450,87.150,13.300,UNK - Unknown,Unknown,Department of Water Resources,Voluntary,10,20,2004
Glenn_01.01.2003-06.21.2013.csv,Glenn,39.5545,-122.2143,W001,2013-09-18 13:29:54,395545N1222143W001,DOMENGHINI,11/22/2004,00:00,,,13.000,0.000,13.000,100.950,100.450,87.950,12.500,UNK - Unknown,Unknown,Department of Water Resources,Voluntary,11,22,2004
Glenn_01.01.2003-06.21.2013.csv,Glenn,39.5545,-122.2143,W001,2013-09-18 13:29:54,395545N1222143W001,DOMENGHINI,3/30/2005,00:00,,,4.500,0.000,4.500,100.950,100.450,96.450,4.000,UNK - Unknown,Unknown,Department of Water Resources,Voluntary,3,30,2005
Glenn_01.01.2003-06.21.2013.csv,Glenn,39.5545,-122.2143,W001,2013-09-18 13:29:54,395545N1222143W001,DOMENGHINI,4/28/2005,00:00,,,6.500,0.000,6.500,100.950,100.450,94.450,6.000,UNK - Unknown,Unknown,Department of Water Resources,Voluntary,4,28,2005
Glenn_01.01.2003-06.21.2013.csv,Glenn,39.5545,-122.2143,W001,2013-09-18 13:29:54,395545N1222143W001,DOMENGHINI,5/24/2005,00:00,,,6.400,0.000,6.400,100.950,100.450,94.550,5.900,UNK - Unknown,Unknown,Department of Water Resources,Voluntary,5,24,2005
Glenn_01.01.2003-06.21.2013.csv,Glenn,39.5545,-122.2143,W001,2013-09-18 13:29:54,395545N1222143W001,DOMENGHINI,6/21/2005,00:00,,,10.400,0.000,10.400,100.950,100.450,90.550,9.900,UNK - Unknown,Unknown,Department of Water Resources,Voluntary,6,21,2005
Glenn_01.01.2003-06.21.2013.csv,Glenn,39.5545,-122.2143,W001,2013-09-18 13:29:54,395545N1222143W001,DOMENGHINI,7/26/2005,00:00,,,14.800,0.000,14.800,100.950,100.450,86.150,14.300,UNK - Unknown,Unknown,Department of Water Resources,Voluntary,7,26,2005
Glenn_01.01.2003-06.21.2013.csv,Glenn,39.5545,-122.2143,W001,2013-09-18 13:29:54,395545N1222143W001,DOMENGHINI,8/24/2005,00:00,,,14.600,0.000,14.600,100.950,100.450,86.350,14.100,UNK - Unknown,Unknown,Department of Water Resources,Voluntary,8,24,2005
Glenn_01.01.2003-06.21.2013.csv,Glenn,39.5545,-122.2143,W001,2013-09-18 13:29:54,395545N1222143W001,DOMENGHINI,9/27/2005,00:00,,,11.600,0.000,11.600,100.950,100.450,89.350,11.100,UNK - Unknown,Unknown,Department of Water Resources,Voluntary,9,27,2005
Glenn_01.01.2003-06.21.2013.csv,Glenn,39.5545,-122.2143,W001,2013-09-18 13:29:54,395545N1222143W001,DOMENGHINI,10/18/2005,00:00,,,11.400,0.000,11.400,100.950,100.450,89.550,10.900,UNK - Unknown,Unknown,Department of Water Resources,Voluntary,10,18,2005
Glenn_01.01.2003-06.21.2013.csv,Glenn,39.5545,-122.2143,W001,2013-09-18 13:29:54,395545N1222143W001,DOMENGHINI,3/27/2006,00:00,,,4.200,0.000,4.200,100.950,100.450,96.750,3.700,UNK - Unknown,Unknown,Department of Water Resources,Voluntary,3,27,2006
Glenn_01.01.2003-06.21.2013.csv,Glenn,39.5545,-122.2143,W001,2013-09-18 13:29:54,395545N1222143W001,DOMENGHINI,5/17/2006,00:00,,,5.600,0.000,5.600,100.950,100.450,95.350,5.100,UNK - Unknown,Unknown,Department of Water Resources,Voluntary,5,17,2006
Glenn_01.01.2003-06.21.2013.csv,Glenn,39.5545,-122.2143,W001,2013-09-18 13:29:54,395545N1222143W001,DOMENGHINI,7/31/2006,00:00,,,14.900,0.000,14.900,100.950,100.450,86.050,14.400,UNK - Unknown,Unknown,Department of Water Resources,Voluntary,7,31,2006
Glenn_01.01.2003-06.21.2013.csv,Glenn,39.5545,-122.2143,W001,2013-09-18 13:29:54,395545N1222143W001,DOMENGHINI,10/12/2006,00:00,,,11.700,0.000,11.700,100.950,100.450,89.250,11.200,UNK - Unknown,Unknown,Department of Water Resources,Voluntary,10,12,2006
Glenn_01.01.2003-06.21.2013.csv,Glenn,39.5545,-122.2143,W001,2013-09-18 13:29:54,395545N1222143W001,DOMENGHINI,3/22/2007,00:00,,,11.540,0.000,11.540,100.950,100.450,89.410,11.040,UNK - Unknown,Unknown,Department of Water Resources,Voluntary,3,22,2007
Glenn_01.01.2003-06.21.2013.csv,Glenn,39.5545,-122.2143,W001,2013-09-18 13:29:54,395545N1222143W001,DOMENGHINI,8/6/2007,00:00,,,19.950,0.000,19.950,100.950,100.450,81.000,19.450,UNK - Unknown,Unknown,Department of Water Resources,Voluntary,8,6,2007
Glenn_01.01.2003-06.21.2013.csv,Glenn,39.5545,-122.2143,W001,2013-09-18 13:29:54,395545N1222143W001,DOMENGHINI,10/15/2007,00:00,,,14.930,0.000,14.930,100.950,100.450,86.020,14.430,UNK - Unknown,Unknown,Department of Water Resources,Voluntary,10,15,2007
Glenn_01.01.2003-06.21.2013.csv,Glenn,39.5545,-122.2143,W001,2013-09-18 13:29:54,395545N1222143W001,DOMENGHINI,3/10/2008,00:00,,,6.800,0.000,6.800,100.950,100.450,94.150,6.300,UNK - Unknown,Unknown,Department of Water Resources,Voluntary,3,10,2008
Glenn_01.01.2003-06.21.2013.csv,Glenn,39.5545,-122.2143,W001,2013-09-18 13:29:54,395545N1222143W001,DOMENGHINI,8/6/2008,00:00,,,21.930,0.000,21.930,100.950,100.450,79.020,21.430,UNK - Unknown,Unknown,Department of Water Resources,Voluntary,8,6,2008
Glenn_01.01.2003-06.21.2013.csv,Glenn,39.5545,-122.2143,W001,2013-09-18 13:29:54,395545N1222143W001,DOMENGHINI,10/20/2008,00:00,,,17.900,0.000,17.900,100.950,100.450,83.050,17.400,UNK - Unknown,Unknown,Department of Water Resources,Voluntary,10,20,2008
Glenn_01.01.2003-06.21.2013.csv,Glenn,39.5545,-122.2143,W001,2013-09-18 13:29:54,395545N1222143W001,DOMENGHINI,1/14/2009,00:00,,,17.160,0.000,17.160,100.950,100.450,83.790,16.660,UNK - Unknown,Unknown,Department of Water Resources,Voluntary,1,14,2009
Glenn_01.01.2003-06.21.2013.csv,Glenn,39.5545,-122.2143,W001,2013-09-18 13:29:54,395545N1222143W001,DOMENGHINI,3/25/2009,00:00,,,10.280,0.000,10.280,100.950,100.450,90.670,9.780,UNK - Unknown,Unknown,Department of Water Resources,Voluntary,3,25,2009
Glenn_01.01.2003-06.21.2013.csv,Glenn,39.5545,-122.2143,W001,2013-09-18 13:29:54,395545N1222143W001,DOMENGHINI,5/13/2009,00:00,7 - Special/Other,,NULL,NULL,NULL,100.950,100.450,NULL,NULL,,,Department of Water Resources,Voluntary,5,13,2009
Glenn_01.01.2003-06.21.2013.csv,Glenn,39.5545,-122.2143,W001,2013-09-18 13:29:54,395545N1222143W001,DOMENGHINI,6/25/2009,00:00,,,20.140,0.000,20.140,100.950,100.450,80.810,19.640,UNK - Unknown,Unknown,Department of Water Resources,Voluntary,6,25,2009
Glenn_01.01.2003-06.21.2013.csv,Glenn,39.5545,-122.2143,W001,2013-09-18 13:29:54,395545N1222143W001,DOMENGHINI,8/6/2009,00:00,,,21.370,0.000,21.370,100.950,100.450,79.580,20.870,UNK - Unknown,Unknown,Department of Water Resources,Voluntary,8,6,2009
Glenn_01.01.2003-06.21.2013.csv,Glenn,39.5545,-122.2143,W001,2013-09-18 13:29:54,395545N1222143W001,DOMENGHINI,9/14/2009,00:00,,,18.590,0.000,18.590,100.950,100.450,82.360,18.090,UNK - Unknown,Unknown,Department of Water Resources,Voluntary,9,14,2009
Glenn_01.01.2003-06.21.2013.csv,Glenn,39.5545,-122.2143,W001,2013-09-18 13:29:54,395545N1222143W001,DOMENGHINI,10/21/2009,00:00,,,19.100,0.000,19.100,100.950,100.450,81.850,18.600,UNK - Unknown,Unknown,Department of Water Resources,Voluntary,10,21,2009
Glenn_01.01.2003-06.21.2013.csv,Glenn,39.5545,-122.2143,W001,2013-09-18 13:29:54,395545N1222143W001,DOMENGHINI,3/25/2010,00:00,,,8.280,0.000,8.280,100.950,100.450,92.670,7.780,UNK - Unknown,Unknown,Department of Water Resources,Voluntary,3,25,2010
Glenn_01.01.2003-06.21.2013.csv,Glenn,39.5545,-122.2143,W001,2013-09-18 13:29:54,395545N1222143W001,DOMENGHINI,8/3/2010,00:00,,,20.210,0.000,20.210,100.950,100.450,80.740,19.710,UNK - Unknown,Unknown,Department of Water Resources,Voluntary,8,3,2010
Glenn_01.01.2003-06.21.2013.csv,Glenn,39.5545,-122.2143,W001,2013-09-18 13:29:54,395545N1222143W001,DOMENGHINI,10/19/2010,00:00,,,16.270,0.000,16.270,100.950,100.450,84.680,15.770,UNK - Unknown,Unknown,Department of Water Resources,Voluntary,10,19,2010
Glenn_01.01.2003-06.21.2013.csv,Glenn,39.5545,-122.2143,W001,2013-09-18 13:29:54,395545N1222143W001,DOMENGHINI,4/4/2011,00:00,,,7.060,0.000,7.060,100.950,100.450,93.890,6.560,UNK - Unknown,Unknown,Department of Water Resources,Voluntary,4,4,2011
Glenn_01.01.2003-06.21.2013.csv,Glenn,39.5545,-122.2143,W001,2013-09-18 13:29:54,395545N1222143W001,DOMENGHINI,8/2/2011,00:00,,,17.430,0.000,17.430,100.950,100.450,83.520,16.930,UNK - Unknown,Unknown,Department of Water Resources,Voluntary,8,2,2011
Glenn_01.01.2003-06.21.2013.csv,Glenn,39.5545,-122.2143,W001,2013-09-18 13:29:54,395545N1222143W001,DOMENGHINI,10/11/2011,00:00,,,15.570,0.000,15.570,100.950,100.450,85.380,15.070,UNK - Unknown,Unknown,Department of Water Resources,Voluntary,10,11,2011
Glenn_01.01.2003-06.21.2013.csv,Glenn,39.5545,-122.2143,W001,2013-09-18 13:29:54,395545N1222143W001,DOMENGHINI,3/18/2013,00:00,,,11.950,0.000,11.950,100.950,100.450,89.000,11.450,ES - Electric sounder measurement,0.01 Ft,Department of Water Resources,Voluntary,3,18,2013
Glenn_01.01.2003-06.21.2013.csv,Glenn,39.5545,-122.2238,W001,2013-09-18 13:29:54,395545N1222238W001,,10/15/2012,00:00,,,23.000,4.500,18.500,150.450,149.450,131.950,17.500,ST - Steel tape measurement,0.1 Ft,Bureau of Reclamation,Voluntary,10,15,2012
Glenn_01.01.2003-06.21.2013.csv,Glenn,39.5545,-122.2238,W001,2013-09-18 13:29:54,395545N1222238W001,,4/15/2013,00:00,,,23.000,8.300,14.700,150.450,149.450,135.750,13.700,ST - Steel tape measurement,0.1 Ft,Bureau of Reclamation,Voluntary,4,15,2013
Glenn_01.01.2003-06.21.2013.csv,Glenn,39.5545,-122.2238,W001,2013-09-18 13:29:54,395545N1222238W001,,4/7/2003,00:00,,,9.500,0.000,9.500,150.450,149.450,140.950,8.500,UNK - Unknown,Unknown,Bureau of Reclamation,Voluntary,4,7,2003
Glenn_01.01.2003-06.21.2013.csv,Glenn,39.5545,-122.2238,W001,2013-09-18 13:29:54,395545N1222238W001,,10/14/2003,00:00,,,14.100,0.000,14.100,150.450,149.450,136.350,13.100,UNK - Unknown,Unknown,Bureau of Reclamation,Voluntary,10,14,2003
Glenn_01.01.2003-06.21.2013.csv,Glenn,39.5545,-122.2238,W001,2013-09-18 13:29:54,395545N1222238W001,,4/1/2004,00:00,,,8.600,0.000,8.600,150.450,149.450,141.850,7.600,UNK - Unknown,Unknown,Bureau of Reclamation,Voluntary,4,1,2004
Glenn_01.01.2003-06.21.2013.csv,Glenn,39.5545,-122.2238,W001,2013-09-18 13:29:54,395545N1222238W001,,11/5/2004,00:00,,,14.900,0.000,14.900,150.450,149.450,135.550,13.900,UNK - Unknown,Unknown,Bureau of Reclamation,Voluntary,11,5,2004
Glenn_01.01.2003-06.21.2013.csv,Glenn,39.5545,-122.2238,W001,2013-09-18 13:29:54,395545N1222238W001,,4/14/2005,00:00,,,7.800,0.000,7.800,150.450,149.450,142.650,6.800,UNK - Unknown,Unknown,Bureau of Reclamation,Voluntary,4,14,2005
Glenn_01.01.2003-06.21.2013.csv,Glenn,39.5545,-122.2238,W001,2013-09-18 13:29:54,395545N1222238W001,,10/18/2005,00:00,,,13.000,0.000,13.000,150.450,149.450,137.450,12.000,UNK - Unknown,Unknown,Bureau of Reclamation,Voluntary,10,18,2005
Glenn_01.01.2003-06.21.2013.csv,Glenn,39.5545,-122.2238,W001,2013-09-18 13:29:54,395545N1222238W001,,3/30/2006,00:00,,,7.000,0.000,7.000,150.450,149.450,143.450,6.000,UNK - Unknown,Unknown,Bureau of Reclamation,Voluntary,3,30,2006
Glenn_01.01.2003-06.21.2013.csv,Glenn,39.5545,-122.2238,W001,2013-09-18 13:29:54,395545N1222238W001,,3/28/2007,00:00,,,13.500,0.000,13.500,150.450,149.450,136.950,12.500,UNK - Unknown,Unknown,Bureau of Reclamation,Voluntary,3,28,2007
Glenn_01.01.2003-06.21.2013.csv,Glenn,39.5545,-122.2238,W001,2013-09-18 13:29:54,395545N1222238W001,,10/17/2006,00:00,,,13.000,0.000,13.000,150.450,149.450,137.450,12.000,UNK - Unknown,Unknown,Bureau of Reclamation,Voluntary,10,17,2006
Glenn_01.01.2003-06.21.2013.csv,Glenn,39.5545,-122.2238,W001,2013-09-18 13:29:54,395545N1222238W001,,10/23/2007,00:00,4 - Can't get tape in casing,,NULL,NULL,NULL,150.450,149.450,NULL,NULL,,,Bureau of Reclamation,Voluntary,CAN'T GET TAPE IN CASING10,23,2007
Glenn_01.01.2003-06.21.2013.csv,Glenn,39.5545,-122.2238,W001,2013-09-18 13:29:54,395545N1222238W001,,3/14/2008,00:00,,,9.800,0.000,9.800,150.450,149.450,140.650,8.800,UNK - Unknown,Unknown,Bureau of Reclamation,Voluntary,3,14,2008
Glenn_01.01.2003-06.21.2013.csv,Glenn,39.5545,-122.2238,W001,2013-09-18 13:29:54,395545N1222238W001,,9/30/2008,00:00,,,18.600,0.000,18.600,150.450,149.450,131.850,17.600,UNK - Unknown,Unknown,Bureau of Reclamation,Voluntary,9,30,2008
Glenn_01.01.2003-06.21.2013.csv,Glenn,39.5545,-122.2238,W001,2013-09-18 13:29:54,395545N1222238W001,,3/23/2009,00:00,,,13.000,0.000,13.000,150.450,149.450,137.450,12.000,UNK - Unknown,Unknown,Bureau of Reclamation,Voluntary,3,23,2009
Glenn_01.01.2003-06.21.2013.csv,Glenn,39.5545,-122.2238,W001,2013-09-18 13:29:54,395545N1222238W001,,10/20/2009,00:00,,,20.700,0.000,20.700,150.450,149.450,129.750,19.700,UNK - Unknown,Unknown,Bureau of Reclamation,Voluntary,10,20,2009
Glenn_01.01.2003-06.21.2013.csv,Glenn,39.5545,-122.2238,W001,2013-09-18 13:29:54,395545N1222238W001,,4/8/2010,00:00,,,12.200,0.000,12.200,150.450,149.450,138.250,11.200,UNK - Unknown,Unknown,Bureau of Reclamation,Voluntary,4,8,2010
Glenn_01.01.2003-06.21.2013.csv,Glenn,39.5545,-122.2238,W001,2013-09-18 13:29:54,395545N1222238W001,,10/19/2010,00:00,,,19.100,0.000,19.100,150.450,149.450,131.350,18.100,UNK - Unknown,Unknown,Bureau of Reclamation,Voluntary,10,19,2010
Glenn_01.01.2003-06.21.2013.csv,Glenn,39.5545,-122.2238,W001,2013-09-18 13:29:54,395545N1222238W001,,4/5/2011,00:00,,,10.000,0.000,10.000,150.450,149.450,140.450,9.000,UNK - Unknown,Unknown,Bureau of Reclamation,Voluntary,4,5,2011
Glenn_01.01.2003-06.21.2013.csv,Glenn,39.5545,-122.2238,W001,2013-09-18 13:29:54,395545N1222238W001,,10/11/2011,00:00,,,17.000,0.000,17.000,150.450,149.450,133.450,16.000,UNK - Unknown,Unknown,Bureau of Reclamation,Voluntary,10,11,2011
Glenn_01.01.2003-06.21.2013.csv,Glenn,39.5545,-122.2238,W001,2013-09-18 13:29:54,395545N1222238W001,,3/26/2012,00:00,,,17.000,0.000,17.000,150.450,149.450,133.450,16.000,UNK - Unknown,Unknown,Bureau of Reclamation,Voluntary,3,26,2012
Glenn_01.01.2003-06.21.2013.csv,Glenn,39.5595,-122.0326,W001,2013-09-18 13:29:54,395595N1220326W001,MIRANDE-LOWER DEEP,2/18/2003,00:00,,,1.700,0.000,1.700,103.485,102.165,101.785,0.380,UNK - Unknown,Unknown,Department of Water Resources,Voluntary,2,18,2003
Glenn_01.01.2003-06.21.2013.csv,Glenn,39.5595,-122.0326,W001,2013-09-18 13:29:54,395595N1220326W001,MIRANDE-LOWER DEEP,3/13/2003,00:00,,,1.000,0.000,1.000,103.485,102.165,102.485,-0.320,UNK - Unknown,Unknown,Department of Water Resources,Voluntary,3,13,2003
Glenn_01.01.2003-06.21.2013.csv,Glenn,39.5595,-122.0326,W001,2013-09-18 13:29:54,395595N1220326W001,MIRANDE-LOWER DEEP,4/9/2003,00:00,,,0.300,0.000,0.300,103.485,102.165,103.185,-1.020,UNK - Unknown,Unknown,Department of Water Resources,Voluntary,4,9,2003
Glenn_01.01.2003-06.21.2013.csv,Glenn,39.5595,-122.0326,W001,2013-09-18 13:29:54,395595N1220326W001,MIRANDE-LOWER DEEP,5/28/2003,00:00,F - Flowing artesian well,,NULL,NULL,NULL,103.485,102.165,NULL,NULL,,,Department of Water Resources,Voluntary,5,28,2003
Glenn_01.01.2003-06.21.2013.csv,Glenn,39.5595,-122.0326,W001,2013-09-18 13:29:54,395595N1220326W001,MIRANDE-LOWER DEEP,6/19/2003,00:00,F - Flowing artesian well,,NULL,NULL,NULL,103.485,102.165,NULL,NULL,,,Department of Water Resources,Voluntary,6,19,2003
Glenn_01.01.2003-06.21.2013.csv,Glenn,39.5595,-122.0326,W001,2013-09-18 13:29:54,395595N1220326W001,MIRANDE-LOWER DEEP,7/30/2003,00:00,,,0.300,0.000,0.300,103.485,102.165,103.185,-1.020,UNK - Unknown,Unknown,Department of Water Resources,Voluntary,7,30,2003
Glenn_01.01.2003-06.21.2013.csv,Glenn,39.5595,-122.0326,W001,2013-09-18 13:29:54,395595N1220326W001,MIRANDE-LOWER DEEP,8/26/2003,00:00,,,1.300,0.000,1.300,103.485,102.165,102.185,-0.020,UNK - Unknown,Unknown,Department of Water Resources,Voluntary,8,26,2003
Glenn_01.01.2003-06.21.2013.csv,Glenn,39.5595,-122.0326,W001,2013-09-18 13:29:54,395595N1220326W001,MIRANDE-LOWER DEEP,9/22/2003,00:00,,,2.200,0.000,2.200,103.485,102.165,101.285,0.880,UNK - Unknown,Unknown,Department of Water Resources,Voluntary,9,22,2003
Glenn_01.01.2003-06.21.2013.csv,Glenn,39.5595,-122.0326,W001,2013-09-18 13:29:54,395595N1220326W001,MIRANDE-LOWER DEEP,10/16/2003,00:00,,,2.500,0.000,2.500,103.485,102.165,100.985,1.180,UNK - Unknown,Unknown,Department of Water Resources,Voluntary,10,16,2003
Glenn_01.01.2003-06.21.2013.csv,Glenn,39.5595,-122.0326,W001,2013-09-18 13:29:54,395595N1220326W001,MIRANDE-LOWER DEEP,11/21/2003,00:00,,,2.300,0.000,2.300,103.485,102.165,101.185,0.980,UNK - Unknown,Unknown,Department of Water Resources,Voluntary,11,21,2003
Glenn_01.01.2003-06.21.2013.csv,Glenn,39.5595,-122.0326,W001,2013-09-18 13:29:54,395595N1220326W001,MIRANDE-LOWER DEEP,12/9/2003,00:00,,,2.300,0.000,2.300,103.485,102.165,101.185,0.980,UNK - Unknown,Unknown,Department of Water Resources,Voluntary,12,9,2003
Glenn_01.01.2003-06.21.2013.csv,Glenn,39.5595,-122.0326,W001,2013-09-18 13:29:54,395595N1220326W001,MIRANDE-LOWER DEEP,4/1/2004,00:00,7 - Special/Other,,NULL,NULL,NULL,103.485,102.165,NULL,NULL,,,Department of Water Resources,Voluntary,ARTESIAN FLOWING4,1,2004
Glenn_01.01.2003-06.21.2013.csv,Glenn,39.5595,-122.0326,W001,2013-09-18 13:29:54,395595N1220326W001,MIRANDE-LOWER DEEP,4/29/2004,00:00,F - Flowing artesian well,,NULL,NULL,NULL,103.485,102.165,NULL,NULL,,,Department of Water Resources,Voluntary,FLOWING4,29,2004
Glenn_01.01.2003-06.21.2013.csv,Glenn,39.5595,-122.0326,W001,2013-09-18 13:29:54,395595N1220326W001,MIRANDE-LOWER DEEP,5/24/2004,00:00,F - Flowing artesian well,,NULL,NULL,NULL,103.485,102.165,NULL,NULL,,,Department of Water Resources,Voluntary,FLOWING5,24,2004
Glenn_01.01.2003-06.21.2013.csv,Glenn,39.5595,-122.0326,W001,2013-09-18 13:29:54,395595N1220326W001,MIRANDE-LOWER DEEP,2/11/2004,00:00,,,0.900,0.000,0.900,103.485,102.165,102.585,-0.420,UNK - Unknown,Unknown,Department of Water Resources,Voluntary,2,11,2004
Glenn_01.01.2003-06.21.2013.csv,Glenn,39.5595,-122.0326,W001,2013-09-18 13:29:54,395595N1220326W001,MIRANDE-LOWER DEEP,7/28/2004,00:00,,,0.400,0.000,0.400,103.485,102.165,103.085,-0.920,UNK - Unknown,Unknown,Department of Water Resources,Voluntary,7,28,2004
Glenn_01.01.2003-06.21.2013.csv,Glenn,39.5595,-122.0326,W001,2013-09-18 13:29:54,395595N1220326W001,MIRANDE-LOWER DEEP,6/24/2004,00:00,F - Flowing artesian well,,NULL,NULL,NULL,103.485,102.165,NULL,NULL,,,Department of Water Resources,Voluntary,FLOWING ARTESIAN6,24,2004
Glenn_01.01.2003-06.21.2013.csv,Glenn,39.5595,-122.0326,W001,2013-09-18 13:29:54,395595N1220326W001,MIRANDE-LOWER DEEP,8/23/2004,00:00,,,2.100,0.000,2.100,103.485,102.165,101.385,0.780,UNK - Unknown,Unknown,Department of Water Resources,Voluntary,8,23,2004
Glenn_01.01.2003-06.21.2013.csv,Glenn,39.5595,-122.0326,W001,2013-09-18 13:29:54,395595N1220326W001,MIRANDE-LOWER DEEP,9/21/2004,00:00,,,3.300,0.000,3.300,103.485,102.165,100.185,1.980,UNK - Unknown,Unknown,Department of Water Resources,Voluntary,9,21,2004
Glenn_01.01.2003-06.21.2013.csv,Glenn,39.5595,-122.0326,W001,2013-09-18 13:29:54,395595N1220326W001,MIRANDE-LOWER DEEP,10/20/2004,00:00,,,2.800,0.000,2.800,103.485,102.165,100.685,1.480,UNK - Unknown,Unknown,Department of Water Resources,Voluntary,10,20,2004
Glenn_01.01.2003-06.21.2013.csv,Glenn,39.5595,-122.0326,W001,2013-09-18 13:29:54,395595N1220326W001,MIRANDE-LOWER DEEP,11/22/2004,00:00,,,2.800,0.000,2.800,103.485,102.165,100.685,1.480,UNK - Unknown,Unknown,Department of Water Resources,Voluntary,11,22,2004
Glenn_01.01.2003-06.21.2013.csv,Glenn,39.5595,-122.0326,W001,2013-09-18 13:29:54,395595N1220326W001,MIRANDE-LOWER DEEP,3/30/2005,00:00,,,0.300,0.000,0.300,103.485,102.165,103.185,-1.020,UNK - Unknown,Unknown,Department of Water Resources,Voluntary,3,30,2005
Glenn_01.01.2003-06.21.2013.csv,Glenn,39.5595,-122.0326,W001,2013-09-18 13:29:54,395595N1220326W001,MIRANDE-LOWER DEEP,4/28/2005,00:00,7 - Special/Other,,NULL,NULL,NULL,103.485,102.165,NULL,NULL,,,Department of Water Resources,Voluntary,4,28,2005
Glenn_01.01.2003-06.21.2013.csv,Glenn,39.5595,-122.0326,W001,2013-09-18 13:29:54,395595N1220326W001,MIRANDE-LOWER DEEP,5/25/2005,00:00,7 - Special/Other,,NULL,NULL,NULL,103.485,102.165,NULL,NULL,,,Department of Water Resources,Voluntary,5,25,2005
Glenn_01.01.2003-06.21.2013.csv,Glenn,39.5595,-122.0326,W001,2013-09-18 13:29:54,395595N1220326W001,MIRANDE-LOWER DEEP,6/22/2005,00:00,7 - Special/Other,,NULL,NULL,NULL,103.485,102.165,NULL,NULL,,,Department of Water Resources,Voluntary,6,22,2005
Glenn_01.01.2003-06.21.2013.csv,Glenn,39.5595,-122.0326,W001,2013-09-18 13:29:54,395595N1220326W001,MIRANDE-LOWER DEEP,7/27/2005,00:00,7 - Special/Other,,NULL,NULL,NULL,103.485,102.165,NULL,NULL,,,Department of Water Resources,Voluntary,7,27,2005
Glenn_01.01.2003-06.21.2013.csv,Glenn,39.5595,-122.0326,W001,2013-09-18 13:29:54,395595N1220326W001,MIRANDE-LOWER DEEP,8/24/2005,00:00,,,0.800,0.000,0.800,103.485,102.165,102.685,-0.520,UNK - Unknown,Unknown,Department of Water Resources,Voluntary,8,24,2005
Glenn_01.01.2003-06.21.2013.csv,Glenn,39.5595,-122.0326,W001,2013-09-18 13:29:54,395595N1220326W001,MIRANDE-LOWER DEEP,9/28/2005,00:00,,,2.100,0.000,2.100,103.485,102.165,101.385,0.780,UNK - Unknown,Unknown,Department of Water Resources,Voluntary,9,28,2005
Glenn_01.01.2003-06.21.2013.csv,Glenn,39.5595,-122.0326,W001,2013-09-18 13:29:54,395595N1220326W001,MIRANDE-LOWER DEEP,10/18/2005,00:00,,,2.200,0.000,2.200,103.485,102.165,101.285,0.880,UNK - Unknown,Unknown,Department of Water Resources,Voluntary,10,18,2005
Glenn_01.01.2003-06.21.2013.csv,Glenn,39.5595,-122.0326,W001,2013-09-18 13:29:54,395595N1220326W001,MIRANDE-LOWER DEEP,3/27/2006,00:00,7 - Special/Other,,NULL,NULL,NULL,103.485,102.165,NULL,NULL,,,Department of Water Resources,Voluntary,3,27,2006
Glenn_01.01.2003-06.21.2013.csv,Glenn,39.5595,-122.0326,W001,2013-09-18 13:29:54,395595N1220326W001,MIRANDE-LOWER DEEP,5/17/2006,00:00,7 - Special/Other,,NULL,NULL,NULL,103.485,102.165,NULL,NULL,,,Department of Water Resources,Voluntary,5,17,2006
Glenn_01.01.2003-06.21.2013.csv,Glenn,39.5595,-122.0326,W001,2013-09-18 13:29:54,395595N1220326W001,MIRANDE-LOWER DEEP,8/2/2006,00:00,F - Flowing artesian well,,NULL,NULL,NULL,103.485,102.165,NULL,NULL,,,Department of Water Resources,Voluntary,8,2,2006
Glenn_01.01.2003-06.21.2013.csv,Glenn,39.5595,-122.0326,W001,2013-09-18 13:29:54,395595N1220326W001,MIRANDE-LOWER DEEP,10/12/2006,00:00,,,1.400,0.000,1.400,103.485,102.165,102.085,0.080,UNK - Unknown,Unknown,Department of Water Resources,Voluntary,10,12,2006
Glenn_01.01.2003-06.21.2013.csv,Glenn,39.5595,-122.0326,W001,2013-09-18 13:29:54,395595N1220326W001,MIRANDE-LOWER DEEP,3/22/2007,00:00,,,0.280,0.000,0.280,103.485,102.165,103.205,-1.040,UNK - Unknown,Unknown,Department of Water Resources,Voluntary,3,22,2007
Glenn_01.01.2003-06.21.2013.csv,Glenn,39.5595,-122.0326,W001,2013-09-18 13:29:54,395595N1220326W001,MIRANDE-LOWER DEEP,8/7/2007,00:00,,,2.930,0.000,2.930,103.485,102.165,100.555,1.610,UNK - Unknown,Unknown,Department of Water Resources,Voluntary,8,7,2007
Glenn_01.01.2003-06.21.2013.csv,Glenn,39.5595,-122.0326,W001,2013-09-18 13:29:54,395595N1220326W001,MIRANDE-LOWER DEEP,10/17/2007,00:00,,,4.370,0.000,4.370,103.485,102.165,99.115,3.050,UNK - Unknown,Unknown,Department of Water Resources,Voluntary,10,17,2007
Glenn_01.01.2003-06.21.2013.csv,Glenn,39.5595,-122.0326,W001,2013-09-18 13:29:54,395595N1220326W001,MIRANDE-LOWER DEEP,1/18/2008,00:00,7 - Special/Other,,NULL,NULL,NULL,103.485,102.165,NULL,NULL,,,Department of Water Resources,Voluntary,1,18,2008
Glenn_01.01.2003-06.21.2013.csv,Glenn,39.5595,-122.0326,W001,2013-09-18 13:29:54,395595N1220326W001,MIRANDE-LOWER DEEP,3/13/2008,00:00,,,1.900,0.000,1.900,103.485,102.165,101.585,0.580,UNK - Unknown,Unknown,Department of Water Resources,Voluntary,3,13,2008
Glenn_01.01.2003-06.21.2013.csv,Glenn,39.5595,-122.0326,W001,2013-09-18 13:29:54,395595N1220326W001,MIRANDE-LOWER DEEP,7/1/2008,00:00,7 - Special/Other,,NULL,NULL,NULL,103.485,102.165,NULL,NULL,,,Department of Water Resources,Voluntary,7,1,2008
Glenn_01.01.2003-06.21.2013.csv,Glenn,39.5595,-122.0326,W001,2013-09-18 13:29:54,395595N1220326W001,MIRANDE-LOWER DEEP,8/7/2008,00:00,4 - Can't get tape in casing,,NULL,NULL,NULL,103.485,102.165,NULL,NULL,,,Department of Water Resources,Voluntary,8,7,2008
Glenn_01.01.2003-06.21.2013.csv,Glenn,39.5595,-122.0326,W001,2013-09-18 13:29:54,395595N1220326W001,MIRANDE-LOWER DEEP,10/20/2008,00:00,5 - Unable to locate well,,NULL,NULL,NULL,103.485,102.165,NULL,NULL,,,Department of Water Resources,Voluntary,10,20,2008
Glenn_01.01.2003-06.21.2013.csv,Glenn,39.5595,-122.0326,W001,2013-09-18 13:29:54,395595N1220326W001,MIRANDE-LOWER DEEP,1/14/2009,00:00,4 - Can't get tape in casing,,NULL,NULL,NULL,103.485,102.165,NULL,NULL,,,Department of Water Resources,Voluntary,1,14,2009
Glenn_01.01.2003-06.21.2013.csv,Glenn,39.5595,-122.0326,W001,2013-09-18 13:29:54,395595N1220326W001,MIRANDE-LOWER DEEP,3/25/2009,00:00,4 - Can't get tape in casing,,NULL,NULL,NULL,103.485,102.165,NULL,NULL,,,Department of Water Resources,Voluntary,3,25,2009
Glenn_01.01.2003-06.21.2013.csv,Glenn,39.5595,-122.0326,W001,2013-09-18 13:29:54,395595N1220326W001,MIRANDE-LOWER DEEP,5/13/2009,00:00,4 - Can't get tape in casing,,NULL,NULL,NULL,103.485,102.165,NULL,NULL,,,Department of Water Resources,Voluntary,5,13,2009
Glenn_01.01.2003-06.21.2013.csv,Glenn,39.5595,-122.0326,W001,2013-09-18 13:29:54,395595N1220326W001,MIRANDE-LOWER DEEP,6/25/2009,00:00,4 - Can't get tape in casing,,NULL,NULL,NULL,103.485,102.165,NULL,NULL,,,Department of Water Resources,Voluntary,6,25,2009
Glenn_01.01.2003-06.21.2013.csv,Glenn,39.5595,-122.0326,W001,2013-09-18 13:29:54,395595N1220326W001,MIRANDE-LOWER DEEP,8/5/2009,00:00,4 - Can't get tape in casing,,NULL,NULL,NULL,103.485,102.165,NULL,NULL,,,Department of Water Resources,Voluntary,8,5,2009
Glenn_01.01.2003-06.21.2013.csv,Glenn,39.5595,-122.0326,W001,2013-09-18 13:29:54,395595N1220326W001,MIRANDE-LOWER DEEP,9/15/2009,00:00,4 - Can't get tape in casing,,NULL,NULL,NULL,103.485,102.165,NULL,NULL,,,Department of Water Resources,Voluntary,9,15,2009
Glenn_01.01.2003-06.21.2013.csv,Glenn,39.5595,-122.0326,W001,2013-09-18 13:29:54,395595N1220326W001,MIRANDE-LOWER DEEP,10/22/2009,00:00,7 - Special/Other,,NULL,NULL,NULL,103.485,102.165,NULL,NULL,,,Department of Water Resources,Voluntary,10,22,2009
Glenn_01.01.2003-06.21.2013.csv,Glenn,39.5595,-122.0326,W001,2013-09-18 13:29:54,395595N1220326W001,MIRANDE-LOWER DEEP,3/26/2010,00:00,4 - Can't get tape in casing,,NULL,NULL,NULL,103.485,102.165,NULL,NULL,,,Department of Water Resources,Voluntary,3,26,2010
Glenn_01.01.2003-06.21.2013.csv,Glenn,39.5595,-122.0326,W001,2013-09-18 13:29:54,395595N1220326W001,MIRANDE-LOWER DEEP,8/3/2010,00:00,4 - Can't get tape in casing,,NULL,NULL,NULL,103.485,102.165,NULL,NULL,,,Department of Water Resources,Voluntary,8,3,2010
Glenn_01.01.2003-06.21.2013.csv,Glenn,39.5595,-122.0326,W001,2013-09-18 13:29:54,395595N1220326W001,MIRANDE-LOWER DEEP,10/19/2010,00:00,4 - Can't get tape in casing,,NULL,NULL,NULL,103.485,102.165,NULL,NULL,,,Department of Water Resources,Voluntary,10,19,2010
Glenn_01.01.2003-06.21.2013.csv,Glenn,39.5595,-122.0326,W001,2013-09-18 13:29:54,395595N1220326W001,MIRANDE-LOWER DEEP,4/4/2011,00:00,4 - Can't get tape in casing,,NULL,NULL,NULL,103.485,102.165,NULL,NULL,,,Department of Water Resources,Voluntary,4,4,2011
Glenn_01.01.2003-06.21.2013.csv,Glenn,39.5595,-122.0326,W002,2013-09-18 13:29:54,395595N1220326W002,20N02W25F002M,10/11/2011,00:00,,,7.170,0.000,7.170,104.045,102.145,96.875,5.270,ES - Electric sounder measurement,0.01 Ft,Department of Water Resources,CASGEM,10,11,2011
Glenn_01.01.2003-06.21.2013.csv,Glenn,39.5595,-122.0326,W002,2013-09-18 13:29:54,395595N1220326W002,20N02W25F002M,3/28/2012,00:00,,,6.830,0.000,6.830,104.045,102.145,97.215,4.930,ES - Electric sounder measurement,0.01 Ft,Department of Water Resources,CASGEM,3,28,2012
Glenn_01.01.2003-06.21.2013.csv,Glenn,39.5595,-122.0326,W002,2013-09-18 13:29:54,395595N1220326W002,20N02W25F002M,7/31/2012,00:00,,,11.130,0.000,11.130,104.045,102.145,92.915,9.230,ES - Electric sounder measurement,0.01 Ft,Department of Water Resources,CASGEM,7,31,2012
Glenn_01.01.2003-06.21.2013.csv,Glenn,39.5595,-122.0326,W002,2013-09-18 13:29:54,395595N1220326W002,20N02W25F002M,10/16/2012,00:00,,,9.340,0.000,9.340,104.045,102.145,94.705,7.440,ES - Electric sounder measurement,0.01 Ft,Department of Water Resources,CASGEM,10,16,2012
Glenn_01.01.2003-06.21.2013.csv,Glenn,39.5595,-122.0326,W002,2013-09-18 13:29:54,395595N1220326W002,20N02W25F002M,3/18/2013,00:00,,,8.530,0.000,8.530,104.045,102.145,95.515,6.630,ES - Electric sounder measurement,0.01 Ft,Department of Water Resources,CASGEM,3,18,2013
Glenn_01.01.2003-06.21.2013.csv,Glenn,39.5595,-122.0326,W002,2013-09-18 13:29:54,395595N1220326W002,20N02W25F002M,2/18/2003,00:00,,,3.500,0.000,3.500,104.045,102.145,100.545,1.600,UNK - Unknown,Unknown,Department of Water Resources,Voluntary,2,18,2003
Glenn_01.01.2003-06.21.2013.csv,Glenn,39.5595,-122.0326,W002,2013-09-18 13:29:54,395595N1220326W002,20N02W25F002M,3/13/2003,00:00,,,5.000,0.000,5.000,104.045,102.145,99.045,3.100,UNK - Unknown,Unknown,Department of Water Resources,Voluntary,3,13,2003
Glenn_01.01.2003-06.21.2013.csv,Glenn,39.5595,-122.0326,W002,2013-09-18 13:29:54,395595N1220326W002,20N02W25F002M,4/9/2003,00:00,,,5.500,0.000,5.500,104.045,102.145,98.545,3.600,UNK - Unknown,Unknown,Department of Water Resources,Voluntary,4,9,2003
Glenn_01.01.2003-06.21.2013.csv,Glenn,39.5595,-122.0326,W002,2013-09-18 13:29:54,395595N1220326W002,20N02W25F002M,5/28/2003,00:00,,,7.300,0.000,7.300,104.045,102.145,96.745,5.400,UNK - Unknown,Unknown,Department of Water Resources,Voluntary,5,28,2003
Glenn_01.01.2003-06.21.2013.csv,Glenn,39.5595,-122.0326,W002,2013-09-18 13:29:54,395595N1220326W002,20N02W25F002M,6/19/2003,00:00,,,8.300,0.000,8.300,104.045,102.145,95.745,6.400,UNK - Unknown,Unknown,Department of Water Resources,Voluntary,6,19,2003
Glenn_01.01.2003-06.21.2013.csv,Glenn,39.5595,-122.0326,W002,2013-09-18 13:29:54,395595N1220326W002,20N02W25F002M,7/30/2003,00:00,,,10.000,0.000,10.000,104.045,102.145,94.045,8.100,UNK - Unknown,Unknown,Department of Water Resources,Voluntary,7,30,2003
Glenn_01.01.2003-06.21.2013.csv,Glenn,39.5595,-122.0326,W002,2013-09-18 13:29:54,395595N1220326W002,20N02W25F002M,8/26/2003,00:00,,,8.600,0.000,8.600,104.045,102.145,95.445,6.700,UNK - Unknown,Unknown,Department of Water Resources,Voluntary,8,26,2003
Glenn_01.01.2003-06.21.2013.csv,Glenn,39.5595,-122.0326,W002,2013-09-18 13:29:54,395595N1220326W002,20N02W25F002M,9/22/2003,00:00,,,8.400,0.000,8.400,104.045,102.145,95.645,6.500,UNK - Unknown,Unknown,Department of Water Resources,Voluntary,9,22,2003
Glenn_01.01.2003-06.21.2013.csv,Glenn,39.5595,-122.0326,W002,2013-09-18 13:29:54,395595N1220326W002,20N02W25F002M,10/16/2003,00:00,,,8.300,0.000,8.300,104.045,102.145,95.745,6.400,UNK - Unknown,Unknown,Department of Water Resources,Voluntary,10,16,2003
Glenn_01.01.2003-06.21.2013.csv,Glenn,39.5595,-122.0326,W002,2013-09-18 13:29:54,395595N1220326W002,20N02W25F002M,11/21/2003,00:00,,,7.400,0.000,7.400,104.045,102.145,96.645,5.500,UNK - Unknown,Unknown,Department of Water Resources,Voluntary,11,21,2003
Glenn_01.01.2003-06.21.2013.csv,Glenn,39.5595,-122.0326,W002,2013-09-18 13:29:54,395595N1220326W002,20N02W25F002M,12/9/2003,00:00,,,6.700,0.000,6.700,104.045,102.145,97.345,4.800,UNK - Unknown,Unknown,Department of Water Resources,Voluntary,12,9,2003
Glenn_01.01.2003-06.21.2013.csv,Glenn,39.5595,-122.0326,W002,2013-09-18 13:29:54,395595N1220326W002,20N02W25F002M,4/1/2004,00:00,,,4.300,0.000,4.300,104.045,102.145,99.745,2.400,UNK - Unknown,Unknown,Department of Water Resources,Voluntary,4,1,2004
Glenn_01.01.2003-06.21.2013.csv,Glenn,39.5595,-122.0326,W002,2013-09-18 13:29:54,395595N1220326W002,20N02W25F002M,4/29/2004,00:00,,,7.500,0.000,7.500,104.045,102.145,96.545,5.600,UNK - Unknown,Unknown,Department of Water Resources,Voluntary,4,29,2004
Glenn_01.01.2003-06.21.2013.csv,Glenn,39.5595,-122.0326,W002,2013-09-18 13:29:54,395595N1220326W002,20N02W25F002M,5/24/2004,00:00,,,8.700,0.000,8.700,104.045,102.145,95.345,6.800,UNK - Unknown,Unknown,Department of Water Resources,Voluntary,5,24,2004
Glenn_01.01.2003-06.21.2013.csv,Glenn,39.5595,-122.0326,W002,2013-09-18 13:29:54,395595N1220326W002,20N02W25F002M,2/11/2004,00:00,,,4.500,0.000,4.500,104.045,102.145,99.545,2.600,UNK - Unknown,Unknown,Department of Water Resources,Voluntary,2,11,2004
Glenn_01.01.2003-06.21.2013.csv,Glenn,39.5595,-122.0326,W002,2013-09-18 13:29:54,395595N1220326W002,20N02W25F002M,7/28/2004,00:00,,6 - Other,20.600,0.000,20.600,104.045,102.145,83.445,18.700,UNK - Unknown,Unknown,Department of Water Resources,Voluntary,EDITED TO A QM -NEARBY PUMPING?7,28,2004
Glenn_01.01.2003-06.21.2013.csv,Glenn,39.5595,-122.0326,W002,2013-09-18 13:29:54,395595N1220326W002,20N02W25F002M,6/24/2004,00:00,,,9.700,0.000,9.700,104.045,102.145,94.345,7.800,UNK - Unknown,Unknown,Department of Water Resources,Voluntary,6,24,2004
Glenn_01.01.2003-06.21.2013.csv,Glenn,39.5595,-122.0326,W002,2013-09-18 13:29:54,395595N1220326W002,20N02W25F002M,8/23/2004,00:00,,,8.700,0.000,8.700,104.045,102.145,95.345,6.800,UNK - Unknown,Unknown,Department of Water Resources,Voluntary,8,23,2004
Glenn_01.01.2003-06.21.2013.csv,Glenn,39.5595,-122.0326,W002,2013-09-18 13:29:54,395595N1220326W002,20N02W25F002M,9/21/2004,00:00,,,8.200,0.000,8.200,104.045,102.145,95.845,6.300,UNK - Unknown,Unknown,Department of Water Resources,Voluntary,9,21,2004
Glenn_01.01.2003-06.21.2013.csv,Glenn,39.5595,-122.0326,W002,2013-09-18 13:29:54,395595N1220326W002,20N02W25F002M,10/20/2004,00:00,,,7.400,0.000,7.400,104.045,102.145,96.645,5.500,UNK - Unknown,Unknown,Department of Water Resources,Voluntary,10,20,2004
Glenn_01.01.2003-06.21.2013.csv,Glenn,39.5595,-122.0326,W002,2013-09-18 13:29:54,395595N1220326W002,20N02W25F002M,11/22/2004,00:00,,,6.900,0.000,6.900,104.045,102.145,97.145,5.000,UNK - Unknown,Unknown,Department of Water Resources,Voluntary,11,22,2004
Glenn_01.01.2003-06.21.2013.csv,Glenn,39.5595,-122.0326,W002,2013-09-18 13:29:54,395595N1220326W002,20N02W25F002M,3/30/2005,00:00,,,4.400,0.000,4.400,104.045,102.145,99.645,2.500,UNK - Unknown,Unknown,Department of Water Resources,Voluntary,3,30,2005
Glenn_01.01.2003-06.21.2013.csv,Glenn,39.5595,-122.0326,W002,2013-09-18 13:29:54,395595N1220326W002,20N02W25F002M,4/28/2005,00:00,,,7.000,0.000,7.000,104.045,102.145,97.045,5.100,UNK - Unknown,Unknown,Department of Water Resources,Voluntary,4,28,2005
Glenn_01.01.2003-06.21.2013.csv,Glenn,39.5595,-122.0326,W002,2013-09-18 13:29:54,395595N1220326W002,20N02W25F002M,5/25/2005,00:00,,,3.600,0.000,3.600,104.045,102.145,100.445,1.700,UNK - Unknown,Unknown,Department of Water Resources,Voluntary,5,25,2005
Glenn_01.01.2003-06.21.2013.csv,Glenn,39.5595,-122.0326,W002,2013-09-18 13:29:54,395595N1220326W002,20N02W25F002M,6/22/2005,00:00,,,6.900,0.000,6.900,104.045,102.145,97.145,5.000,UNK - Unknown,Unknown,Department of Water Resources,Voluntary,6,22,2005
Glenn_01.01.2003-06.21.2013.csv,Glenn,39.5595,-122.0326,W002,2013-09-18 13:29:54,395595N1220326W002,20N02W25F002M,7/27/2005,00:00,,,9.100,0.000,9.100,104.045,102.145,94.945,7.200,UNK - Unknown,Unknown,Department of Water Resources,Voluntary,7,27,2005
Glenn_01.01.2003-06.21.2013.csv,Glenn,39.5595,-122.0326,W002,2013-09-18 13:29:54,395595N1220326W002,20N02W25F002M,8/24/2005,00:00,,,8.600,0.000,8.600,104.045,102.145,95.445,6.700,UNK - Unknown,Unknown,Department of Water Resources,Voluntary,8,24,2005
Glenn_01.01.2003-06.21.2013.csv,Glenn,39.5595,-122.0326,W002,2013-09-18 13:29:54,395595N1220326W002,20N02W25F002M,9/28/2005,00:00,,,8.100,0.000,8.100,104.045,102.145,95.945,6.200,UNK - Unknown,Unknown,Department of Water Resources,Voluntary,9,28,2005
Glenn_01.01.2003-06.21.2013.csv,Glenn,39.5595,-122.0326,W002,2013-09-18 13:29:54,395595N1220326W002,20N02W25F002M,10/18/2005,00:00,,,7.500,0.000,7.500,104.045,102.145,96.545,5.600,UNK - Unknown,Unknown,Department of Water Resources,Voluntary,10,18,2005
Glenn_01.01.2003-06.21.2013.csv,Glenn,39.5595,-122.0326,W002,2013-09-18 13:29:54,395595N1220326W002,20N02W25F002M,3/27/2006,00:00,,,0.600,0.000,0.600,104.045,102.145,103.445,-1.300,UNK - Unknown,Unknown,Department of Water Resources,Voluntary,3,27,2006
Glenn_01.01.2003-06.21.2013.csv,Glenn,39.5595,-122.0326,W002,2013-09-18 13:29:54,395595N1220326W002,20N02W25F002M,5/17/2006,00:00,,,9.400,0.000,9.400,104.045,102.145,94.645,7.500,UNK - Unknown,Unknown,Department of Water Resources,Voluntary,5,17,2006
Glenn_01.01.2003-06.21.2013.csv,Glenn,39.5595,-122.0326,W002,2013-09-18 13:29:54,395595N1220326W002,20N02W25F002M,8/2/2006,00:00,,,9.000,0.000,9.000,104.045,102.145,95.045,7.100,UNK - Unknown,Unknown,Department of Water Resources,Voluntary,8,2,2006
Glenn_01.01.2003-06.21.2013.csv,Glenn,39.5595,-122.0326,W002,2013-09-18 13:29:54,395595N1220326W002,20N02W25F002M,10/12/2006,00:00,,,7.500,0.000,7.500,104.045,102.145,96.545,5.600,UNK - Unknown,Unknown,Department of Water Resources,Voluntary,10,12,2006
Glenn_01.01.2003-06.21.2013.csv,Glenn,39.5595,-122.0326,W002,2013-09-18 13:29:54,395595N1220326W002,20N02W25F002M,3/22/2007,00:00,,,7.280,0.000,7.280,104.045,102.145,96.765,5.380,UNK - Unknown,Unknown,Department of Water Resources,Voluntary,3,22,2007
Glenn_01.01.2003-06.21.2013.csv,Glenn,39.5595,-122.0326,W002,2013-09-18 13:29:54,395595N1220326W002,20N02W25F002M,1/23/2007,00:00,,,6.460,0.000,6.460,104.045,102.145,97.585,4.560,UNK - Unknown,Unknown,Department of Water Resources,Voluntary,1,23,2007
Glenn_01.01.2003-06.21.2013.csv,Glenn,39.5595,-122.0326,W002,2013-09-18 13:29:54,395595N1220326W002,20N02W25F002M,8/7/2007,00:00,,,10.310,0.000,10.310,104.045,102.145,93.735,8.410,UNK - Unknown,Unknown,Department of Water Resources,Voluntary,8,7,2007
Glenn_01.01.2003-06.21.2013.csv,Glenn,39.5595,-122.0326,W002,2013-09-18 13:29:54,395595N1220326W002,20N02W25F002M,10/17/2007,00:00,,,8.430,0.000,8.430,104.045,102.145,95.615,6.530,UNK - Unknown,Unknown,Department of Water Resources,Voluntary,10,17,2007
Glenn_01.01.2003-06.21.2013.csv,Glenn,39.5595,-122.0326,W002,2013-09-18 13:29:54,395595N1220326W002,20N02W25F002M,1/18/2008,00:00,,,6.640,0.000,6.640,104.045,102.145,97.405,4.740,UNK - Unknown,Unknown,Department of Water Resources,Voluntary,1,18,2008
Glenn_01.01.2003-06.21.2013.csv,Glenn,39.5595,-122.0326,W002,2013-09-18 13:29:54,395595N1220326W002,20N02W25F002M,3/13/2008,00:00,,,5.650,0.000,5.650,104.045,102.145,98.395,3.750,UNK - Unknown,Unknown,Department of Water Resources,Voluntary,3,13,2008
Glenn_01.01.2003-06.21.2013.csv,Glenn,39.5595,-122.0326,W002,2013-09-18 13:29:54,395595N1220326W002,20N02W25F002M,7/1/2008,00:00,,,10.860,0.000,10.860,104.045,102.145,93.185,8.960,UNK - Unknown,Unknown,Department of Water Resources,Voluntary,7,1,2008
Glenn_01.01.2003-06.21.2013.csv,Glenn,39.5595,-122.0326,W002,2013-09-18 13:29:54,395595N1220326W002,20N02W25F002M,7/25/2008,00:00,,,13.120,0.000,13.120,104.045,102.145,90.925,11.220,UNK - Unknown,Unknown,Department of Water Resources,Voluntary,7,25,2008
Glenn_01.01.2003-06.21.2013.csv,Glenn,39.5595,-122.0326,W002,2013-09-18 13:29:54,395595N1220326W002,20N02W25F002M,8/7/2008,00:00,,,11.920,0.000,11.920,104.045,102.145,92.125,10.020,UNK - Unknown,Unknown,Department of Water Resources,Voluntary,8,7,2008
Glenn_01.01.2003-06.21.2013.csv,Glenn,39.5595,-122.0326,W002,2013-09-18 13:29:54,395595N1220326W002,20N02W25F002M,10/20/2008,00:00,,,9.950,0.000,9.950,104.045,102.145,94.095,8.050,UNK - Unknown,Unknown,Department of Water Resources,Voluntary,10,20,2008
Glenn_01.01.2003-06.21.2013.csv,Glenn,39.5595,-122.0326,W002,2013-09-18 13:29:54,395595N1220326W002,20N02W25F002M,1/14/2009,00:00,,,9.110,0.000,9.110,104.045,102.145,94.935,7.210,UNK - Unknown,Unknown,Department of Water Resources,Voluntary,1,14,2009
Glenn_01.01.2003-06.21.2013.csv,Glenn,39.5595,-122.0326,W002,2013-09-18 13:29:54,395595N1220326W002,20N02W25F002M,2/2/2009,00:00,,,8.970,0.000,8.970,104.045,102.145,95.075,7.070,UNK - Unknown,Unknown,Department of Water Resources,Voluntary,2,2,2009
Glenn_01.01.2003-06.21.2013.csv,Glenn,39.5595,-122.0326,W002,2013-09-18 13:29:54,395595N1220326W002,20N02W25F002M,3/25/2009,00:00,,,6.660,0.000,6.660,104.045,102.145,97.385,4.760,UNK - Unknown,Unknown,Department of Water Resources,Voluntary,3,25,2009
Glenn_01.01.2003-06.21.2013.csv,Glenn,39.5595,-122.0326,W002,2013-09-18 13:29:54,395595N1220326W002,20N02W25F002M,5/13/2009,00:00,,,9.890,0.000,9.890,104.045,102.145,94.155,7.990,UNK - Unknown,Unknown,Department of Water Resources,Voluntary,5,13,2009
Glenn_01.01.2003-06.21.2013.csv,Glenn,39.5595,-122.0326,W002,2013-09-18 13:29:54,395595N1220326W002,20N02W25F002M,6/25/2009,00:00,,,13.930,0.000,13.930,104.045,102.145,90.115,12.030,UNK - Unknown,Unknown,Department of Water Resources,Voluntary,6,25,2009
Glenn_01.01.2003-06.21.2013.csv,Glenn,39.5595,-122.0326,W002,2013-09-18 13:29:54,395595N1220326W002,20N02W25F002M,8/5/2009,00:00,,,14.670,0.000,14.670,104.045,102.145,89.375,12.770,UNK - Unknown,Unknown,Department of Water Resources,Voluntary,8,5,2009
Glenn_01.01.2003-06.21.2013.csv,Glenn,39.5595,-122.0326,W002,2013-09-18 13:29:54,395595N1220326W002,20N02W25F002M,9/15/2009,00:00,,,9.960,0.000,9.960,104.045,102.145,94.085,8.060,UNK - Unknown,Unknown,Department of Water Resources,Voluntary,9,15,2009
Glenn_01.01.2003-06.21.2013.csv,Glenn,39.5595,-122.0326,W002,2013-09-18 13:29:54,395595N1220326W002,20N02W25F002M,10/22/2009,00:00,,,14.180,0.000,14.180,104.045,102.145,89.865,12.280,UNK - Unknown,Unknown,Department of Water Resources,Voluntary,10,22,2009
Glenn_01.01.2003-06.21.2013.csv,Glenn,39.5595,-122.0326,W002,2013-09-18 13:29:54,395595N1220326W002,20N02W25F002M,3/25/2010,00:00,,,6.530,0.000,6.530,104.045,102.145,97.515,4.630,UNK - Unknown,Unknown,Department of Water Resources,Voluntary,3,25,2010
Glenn_01.01.2003-06.21.2013.csv,Glenn,39.5595,-122.0326,W002,2013-09-18 13:29:54,395595N1220326W002,20N02W25F002M,8/4/2010,00:00,,,11.330,0.000,11.330,104.045,102.145,92.715,9.430,UNK - Unknown,Unknown,Department of Water Resources,Voluntary,8,4,2010
Glenn_01.01.2003-06.21.2013.csv,Glenn,39.5595,-122.0326,W002,2013-09-18 13:29:54,395595N1220326W002,20N02W25F002M,10/19/2010,00:00,,,9.100,0.000,9.100,104.045,102.145,94.945,7.200,UNK - Unknown,Unknown,Department of Water Resources,Voluntary,10,19,2010
Glenn_01.01.2003-06.21.2013.csv,Glenn,39.5595,-122.0326,W002,2013-09-18 13:29:54,395595N1220326W002,20N02W25F002M,4/4/2011,00:00,,,1.020,0.000,1.020,104.045,102.145,103.025,-0.880,UNK - Unknown,Unknown,Department of Water Resources,Voluntary,4,4,2011
Glenn_01.01.2003-06.21.2013.csv,Glenn,39.5595,-122.0326,W002,2013-09-18 13:29:54,395595N1220326W002,20N02W25F002M,8/2/2011,00:00,,,9.740,0.000,9.740,104.045,102.145,94.305,7.840,UNK - Unknown,Unknown,Department of Water Resources,Voluntary,8,2,2011
Glenn_01.01.2003-06.21.2013.csv,Glenn,39.5595,-122.0326,W003,2013-09-18 13:29:54,395595N1220326W003,20N02W25F003M,10/11/2011,00:00,,,7.570,0.000,7.570,104.580,102.180,97.010,5.170,ES - Electric sounder measurement,0.01 Ft,Department of Water Resources,CASGEM,10,11,2011
Glenn_01.01.2003-06.21.2013.csv,Glenn,39.5595,-122.0326,W003,2013-09-18 13:29:54,395595N1220326W003,20N02W25F003M,3/28/2012,00:00,,,7.790,0.000,7.790,104.580,102.180,96.790,5.390,ES - Electric sounder measurement,0.01 Ft,Department of Water Resources,CASGEM,3,28,2012
Glenn_01.01.2003-06.21.2013.csv,Glenn,39.5595,-122.0326,W003,2013-09-18 13:29:54,395595N1220326W003,20N02W25F003M,7/31/2012,00:00,,,7.670,0.000,7.670,104.580,102.180,96.910,5.270,ES - Electric sounder measurement,0.01 Ft,Department of Water Resources,CASGEM,7,31,2012
Glenn_01.01.2003-06.21.2013.csv,Glenn,39.5595,-122.0326,W003,2013-09-18 13:29:54,395595N1220326W003,20N02W25F003M,10/16/2012,00:00,,,9.030,0.000,9.030,104.580,102.180,95.550,6.630,ES - Electric sounder measurement,0.01 Ft,Department of Water Resources,CASGEM,10,16,2012
Glenn_01.01.2003-06.21.2013.csv,Glenn,39.5595,-122.0326,W003,2013-09-18 13:29:54,395595N1220326W003,20N02W25F003M,3/18/2013,00:00,,,8.950,0.000,8.950,104.580,102.180,95.630,6.550,ES - Electric sounder measurement,0.01 Ft,Department of Water Resources,CASGEM,3,18,2013
Glenn_01.01.2003-06.21.2013.csv,Glenn,39.5595,-122.0326,W003,2013-09-18 13:29:54,395595N1220326W003,20N02W25F003M,2/18/2003,00:00,,,4.700,0.000,4.700,104.580,102.180,99.880,2.300,UNK - Unknown,Unknown,Department of Water Resources,Voluntary,2,18,2003
Glenn_01.01.2003-06.21.2013.csv,Glenn,39.5595,-122.0326,W003,2013-09-18 13:29:54,395595N1220326W003,20N02W25F003M,3/13/2003,00:00,,,7.100,0.000,7.100,104.580,102.180,97.480,4.700,UNK - Unknown,Unknown,Department of Water Resources,Voluntary,3,13,2003
Glenn_01.01.2003-06.21.2013.csv,Glenn,39.5595,-122.0326,W003,2013-09-18 13:29:54,395595N1220326W003,20N02W25F003M,4/9/2003,00:00,,,7.600,0.000,7.600,104.580,102.180,96.980,5.200,UNK - Unknown,Unknown,Department of Water Resources,Voluntary,4,9,2003
Glenn_01.01.2003-06.21.2013.csv,Glenn,39.5595,-122.0326,W003,2013-09-18 13:29:54,395595N1220326W003,20N02W25F003M,5/28/2003,00:00,,,7.100,0.000,7.100,104.580,102.180,97.480,4.700,UNK - Unknown,Unknown,Department of Water Resources,Voluntary,5,28,2003
Glenn_01.01.2003-06.21.2013.csv,Glenn,39.5595,-122.0326,W003,2013-09-18 13:29:54,395595N1220326W003,20N02W25F003M,6/19/2003,00:00,,,7.800,0.000,7.800,104.580,102.180,96.780,5.400,UNK - Unknown,Unknown,Department of Water Resources,Voluntary,6,19,2003
Glenn_01.01.2003-06.21.2013.csv,Glenn,39.5595,-122.0326,W003,2013-09-18 13:29:54,395595N1220326W003,20N02W25F003M,7/30/2003,00:00,,,8.400,0.000,8.400,104.580,102.180,96.180,6.000,UNK - Unknown,Unknown,Department of Water Resources,Voluntary,7,30,2003
Glenn_01.01.2003-06.21.2013.csv,Glenn,39.5595,-122.0326,W003,2013-09-18 13:29:54,395595N1220326W003,20N02W25F003M,8/26/2003,00:00,,,7.600,0.000,7.600,104.580,102.180,96.980,5.200,UNK - Unknown,Unknown,Department of Water Resources,Voluntary,8,26,2003
Glenn_01.01.2003-06.21.2013.csv,Glenn,39.5595,-122.0326,W003,2013-09-18 13:29:54,395595N1220326W003,20N02W25F003M,9/22/2003,00:00,,,7.400,0.000,7.400,104.580,102.180,97.180,5.000,UNK - Unknown,Unknown,Department of Water Resources,Voluntary,9,22,2003
Glenn_01.01.2003-06.21.2013.csv,Glenn,39.5595,-122.0326,W003,2013-09-18 13:29:54,395595N1220326W003,20N02W25F003M,10/21/2003,00:00,,,8.100,0.000,8.100,104.580,102.180,96.480,5.700,UNK - Unknown,Unknown,Department of Water Resources,Voluntary,10,21,2003
Glenn_01.01.2003-06.21.2013.csv,Glenn,39.5595,-122.0326,W003,2013-09-18 13:29:54,395595N1220326W003,20N02W25F003M,11/21/2003,00:00,,,7.200,0.000,7.200,104.580,102.180,97.380,4.800,UNK - Unknown,Unknown,Department of Water Resources,Voluntary,11,21,2003
Glenn_01.01.2003-06.21.2013.csv,Glenn,39.5595,-122.0326,W003,2013-09-18 13:29:54,395595N1220326W003,20N02W25F003M,12/9/2003,00:00,,,6.600,0.000,6.600,104.580,102.180,97.980,4.200,UNK - Unknown,Unknown,Department of Water Resources,Voluntary,12,9,2003
Glenn_01.01.2003-06.21.2013.csv,Glenn,39.5595,-122.0326,W003,2013-09-18 13:29:54,395595N1220326W003,20N02W25F003M,4/1/2004,00:00,,,6.800,0.000,6.800,104.580,102.180,97.780,4.400,UNK - Unknown,Unknown,Department of Water Resources,Voluntary,4,1,2004
Glenn_01.01.2003-06.21.2013.csv,Glenn,39.5595,-122.0326,W003,2013-09-18 13:29:54,395595N1220326W003,20N02W25F003M,4/29/2004,00:00,,,8.900,0.000,8.900,104.580,102.180,95.680,6.500,UNK - Unknown,Unknown,Department of Water Resources,Voluntary,4,29,2004
Glenn_01.01.2003-06.21.2013.csv,Glenn,39.5595,-122.0326,W003,2013-09-18 13:29:54,395595N1220326W003,20N02W25F003M,5/24/2004,00:00,,,8.100,0.000,8.100,104.580,102.180,96.480,5.700,UNK - Unknown,Unknown,Department of Water Resources,Voluntary,5,24,2004
Glenn_01.01.2003-06.21.2013.csv,Glenn,39.5595,-122.0326,W003,2013-09-18 13:29:54,395595N1220326W003,20N02W25F003M,2/11/2004,00:00,,,5.800,0.000,5.800,104.580,102.180,98.780,3.400,UNK - Unknown,Unknown,Department of Water Resources,Voluntary,2,11,2004
Glenn_01.01.2003-06.21.2013.csv,Glenn,39.5595,-122.0326,W003,2013-09-18 13:29:54,395595N1220326W003,20N02W25F003M,7/27/2004,00:00,,6 - Other,14.600,0.000,14.600,104.580,102.180,89.980,12.200,UNK - Unknown,Unknown,Department of Water Resources,Voluntary,GOOD DATA POINT.  EDITTED AS QM.7,27,2004
Glenn_01.01.2003-06.21.2013.csv,Glenn,39.5595,-122.0326,W003,2013-09-18 13:29:54,395595N1220326W003,20N02W25F003M,6/24/2004,00:00,,,9.200,0.000,9.200,104.580,102.180,95.380,6.800,UNK - Unknown,Unknown,Department of Water Resources,Voluntary,6,24,2004
Glenn_01.01.2003-06.21.2013.csv,Glenn,39.5595,-122.0326,W003,2013-09-18 13:29:54,395595N1220326W003,20N02W25F003M,8/23/2004,00:00,,,7.100,0.000,7.100,104.580,102.180,97.480,4.700,UNK - Unknown,Unknown,Department of Water Resources,Voluntary,8,23,2004
Glenn_01.01.2003-06.21.2013.csv,Glenn,39.5595,-122.0326,W003,2013-09-18 13:29:54,395595N1220326W003,20N02W25F003M,9/21/2004,00:00,,,7.500,0.000,7.500,104.580,102.180,97.080,5.100,UNK - Unknown,Unknown,Department of Water Resources,Voluntary,9,21,2004
Glenn_01.01.2003-06.21.2013.csv,Glenn,39.5595,-122.0326,W003,2013-09-18 13:29:54,395595N1220326W003,20N02W25F003M,10/20/2004,00:00,,,7.800,0.000,7.800,104.580,102.180,96.780,5.400,UNK - Unknown,Unknown,Department of Water Resources,Voluntary,10,20,2004
Glenn_01.01.2003-06.21.2013.csv,Glenn,39.5595,-122.0326,W003,2013-09-18 13:29:54,395595N1220326W003,20N02W25F003M,11/22/2004,00:00,,,7.200,0.000,7.200,104.580,102.180,97.380,4.800,UNK - Unknown,Unknown,Department of Water Resources,Voluntary,11,22,2004
Glenn_01.01.2003-06.21.2013.csv,Glenn,39.5595,-122.0326,W003,2013-09-18 13:29:54,395595N1220326W003,20N02W25F003M,3/30/2005,00:00,,,6.400,0.000,6.400,104.580,102.180,98.180,4.000,UNK - Unknown,Unknown,Department of Water Resources,Voluntary,3,30,2005
Glenn_01.01.2003-06.21.2013.csv,Glenn,39.5595,-122.0326,W003,2013-09-18 13:29:54,395595N1220326W003,20N02W25F003M,4/28/2005,00:00,,,9.000,0.000,9.000,104.580,102.180,95.580,6.600,UNK - Unknown,Unknown,Department of Water Resources,Voluntary,4,28,2005
Glenn_01.01.2003-06.21.2013.csv,Glenn,39.5595,-122.0326,W003,2013-09-18 13:29:54,395595N1220326W003,20N02W25F003M,5/25/2005,00:00,,,5.100,0.000,5.100,104.580,102.180,99.480,2.700,UNK - Unknown,Unknown,Department of Water Resources,Voluntary,5,25,2005
Glenn_01.01.2003-06.21.2013.csv,Glenn,39.5595,-122.0326,W003,2013-09-18 13:29:54,395595N1220326W003,20N02W25F003M,6/22/2005,00:00,,,6.700,0.000,6.700,104.580,102.180,97.880,4.300,UNK - Unknown,Unknown,Department of Water Resources,Voluntary,6,22,2005
Glenn_01.01.2003-06.21.2013.csv,Glenn,39.5595,-122.0326,W003,2013-09-18 13:29:54,395595N1220326W003,20N02W25F003M,7/27/2005,00:00,,,7.500,0.000,7.500,104.580,102.180,97.080,5.100,UNK - Unknown,Unknown,Department of Water Resources,Voluntary,7,27,2005
Glenn_01.01.2003-06.21.2013.csv,Glenn,39.5595,-122.0326,W003,2013-09-18 13:29:54,395595N1220326W003,20N02W25F003M,8/24/2005,00:00,,,7.400,0.000,7.400,104.580,102.180,97.180,5.000,UNK - Unknown,Unknown,Department of Water Resources,Voluntary,8,24,2005
Glenn_01.01.2003-06.21.2013.csv,Glenn,39.5595,-122.0326,W003,2013-09-18 13:29:54,395595N1220326W003,20N02W25F003M,9/28/2005,00:00,,,7.800,0.000,7.800,104.580,102.180,96.780,5.400,UNK - Unknown,Unknown,Department of Water Resources,Voluntary,9,28,2005
Glenn_01.01.2003-06.21.2013.csv,Glenn,39.5595,-122.0326,W003,2013-09-18 13:29:54,395595N1220326W003,20N02W25F003M,10/18/2005,00:00,,,8.300,0.000,8.300,104.580,102.180,96.280,5.900,UNK - Unknown,Unknown,Department of Water Resources,Voluntary,10,18,2005
Glenn_01.01.2003-06.21.2013.csv,Glenn,39.5595,-122.0326,W003,2013-09-18 13:29:54,395595N1220326W003,20N02W25F003M,3/27/2006,00:00,,,3.700,0.000,3.700,104.580,102.180,100.880,1.300,UNK - Unknown,Unknown,Department of Water Resources,Voluntary,3,27,2006
Glenn_01.01.2003-06.21.2013.csv,Glenn,39.5595,-122.0326,W003,2013-09-18 13:29:54,395595N1220326W003,20N02W25F003M,5/17/2006,00:00,,,11.000,0.000,11.000,104.580,102.180,93.580,8.600,UNK - Unknown,Unknown,Department of Water Resources,Voluntary,5,17,2006
Glenn_01.01.2003-06.21.2013.csv,Glenn,39.5595,-122.0326,W003,2013-09-18 13:29:54,395595N1220326W003,20N02W25F003M,8/2/2006,00:00,,,7.900,0.000,7.900,104.580,102.180,96.680,5.500,UNK - Unknown,Unknown,Department of Water Resources,Voluntary,8,2,2006
Glenn_01.01.2003-06.21.2013.csv,Glenn,39.5595,-122.0326,W003,2013-09-18 13:29:54,395595N1220326W003,20N02W25F003M,10/12/2006,00:00,,,8.000,0.000,8.000,104.580,102.180,96.580,5.600,UNK - Unknown,Unknown,Department of Water Resources,Voluntary,10,12,2006
Glenn_01.01.2003-06.21.2013.csv,Glenn,39.5595,-122.0326,W003,2013-09-18 13:29:54,395595N1220326W003,20N02W25F003M,3/22/2007,00:00,,,8.340,0.000,8.340,104.580,102.180,96.240,5.940,UNK - Unknown,Unknown,Department of Water Resources,Voluntary,3,22,2007
Glenn_01.01.2003-06.21.2013.csv,Glenn,39.5595,-122.0326,W003,2013-09-18 13:29:54,395595N1220326W003,20N02W25F003M,8/7/2007,00:00,,,8.120,0.000,8.120,104.580,102.180,96.460,5.720,UNK - Unknown,Unknown,Department of Water Resources,Voluntary,8,7,2007
Glenn_01.01.2003-06.21.2013.csv,Glenn,39.5595,-122.0326,W003,2013-09-18 13:29:54,395595N1220326W003,20N02W25F003M,10/17/2007,00:00,,,8.070,0.000,8.070,104.580,102.180,96.510,5.670,UNK - Unknown,Unknown,Department of Water Resources,Voluntary,10,17,2007
Glenn_01.01.2003-06.21.2013.csv,Glenn,39.5595,-122.0326,W003,2013-09-18 13:29:54,395595N1220326W003,20N02W25F003M,1/18/2008,00:00,,,6.640,0.000,6.640,104.580,102.180,97.940,4.240,UNK - Unknown,Unknown,Department of Water Resources,Voluntary,1,18,2008
Glenn_01.01.2003-06.21.2013.csv,Glenn,39.5595,-122.0326,W003,2013-09-18 13:29:54,395595N1220326W003,20N02W25F003M,3/12/2008,00:00,,,7.610,0.000,7.610,104.580,102.180,96.970,5.210,UNK - Unknown,Unknown,Department of Water Resources,Voluntary,3,12,2008
Glenn_01.01.2003-06.21.2013.csv,Glenn,39.5595,-122.0326,W003,2013-09-18 13:29:54,395595N1220326W003,20N02W25F003M,7/1/2008,00:00,,,8.080,0.000,8.080,104.580,102.180,96.500,5.680,UNK - Unknown,Unknown,Department of Water Resources,Voluntary,7,1,2008
Glenn_01.01.2003-06.21.2013.csv,Glenn,39.5595,-122.0326,W003,2013-09-18 13:29:54,395595N1220326W003,20N02W25F003M,7/25/2008,00:00,,,8.720,0.000,8.720,104.580,102.180,95.860,6.320,UNK - Unknown,Unknown,Department of Water Resources,Voluntary,7,25,2008
Glenn_01.01.2003-06.21.2013.csv,Glenn,39.5595,-122.0326,W003,2013-09-18 13:29:54,395595N1220326W003,20N02W25F003M,8/7/2008,00:00,,,8.450,0.000,8.450,104.580,102.180,96.130,6.050,UNK - Unknown,Unknown,Department of Water Resources,Voluntary,8,7,2008
Glenn_01.01.2003-06.21.2013.csv,Glenn,39.5595,-122.0326,W003,2013-09-18 13:29:54,395595N1220326W003,20N02W25F003M,10/20/2008,00:00,,,8.800,0.000,8.800,104.580,102.180,95.780,6.400,UNK - Unknown,Unknown,Department of Water Resources,Voluntary,10,20,2008
Glenn_01.01.2003-06.21.2013.csv,Glenn,39.5595,-122.0326,W003,2013-09-18 13:29:54,395595N1220326W003,20N02W25F003M,1/14/2009,00:00,,,9.710,0.000,9.710,104.580,102.180,94.870,7.310,UNK - Unknown,Unknown,Department of Water Resources,Voluntary,1,14,2009
Glenn_01.01.2003-06.21.2013.csv,Glenn,39.5595,-122.0326,W003,2013-09-18 13:29:54,395595N1220326W003,20N02W25F003M,2/2/2009,00:00,,,8.540,0.000,8.540,104.580,102.180,96.040,6.140,UNK - Unknown,Unknown,Department of Water Resources,Voluntary,2,2,2009
Glenn_01.01.2003-06.21.2013.csv,Glenn,39.5595,-122.0326,W003,2013-09-18 13:29:54,395595N1220326W003,20N02W25F003M,3/25/2009,00:00,,,7.910,0.000,7.910,104.580,102.180,96.670,5.510,UNK - Unknown,Unknown,Department of Water Resources,Voluntary,3,25,2009
Glenn_01.01.2003-06.21.2013.csv,Glenn,39.5595,-122.0326,W003,2013-09-18 13:29:54,395595N1220326W003,20N02W25F003M,5/13/2009,00:00,,,10.100,0.000,10.100,104.580,102.180,94.480,7.700,UNK - Unknown,Unknown,Department of Water Resources,Voluntary,5,13,2009
Glenn_01.01.2003-06.21.2013.csv,Glenn,39.5595,-122.0326,W003,2013-09-18 13:29:54,395595N1220326W003,20N02W25F003M,6/25/2009,00:00,,,11.030,0.000,11.030,104.580,102.180,93.550,8.630,UNK - Unknown,Unknown,Department of Water Resources,Voluntary,6,25,2009
Glenn_01.01.2003-06.21.2013.csv,Glenn,39.5595,-122.0326,W003,2013-09-18 13:29:54,395595N1220326W003,20N02W25F003M,8/6/2009,00:00,,,9.830,0.000,9.830,104.580,102.180,94.750,7.430,UNK - Unknown,Unknown,Department of Water Resources,Voluntary,8,6,2009
Glenn_01.01.2003-06.21.2013.csv,Glenn,39.5595,-122.0326,W003,2013-09-18 13:29:54,395595N1220326W003,20N02W25F003M,9/15/2009,00:00,,,7.700,0.000,7.700,104.580,102.180,96.880,5.300,UNK - Unknown,Unknown,Department of Water Resources,Voluntary,9,15,2009
Glenn_01.01.2003-06.21.2013.csv,Glenn,39.5595,-122.0326,W003,2013-09-18 13:29:54,395595N1220326W003,20N02W25F003M,10/22/2009,00:00,,,10.640,0.000,10.640,104.580,102.180,93.940,8.240,UNK - Unknown,Unknown,Department of Water Resources,Voluntary,10,22,2009
Glenn_01.01.2003-06.21.2013.csv,Glenn,39.5595,-122.0326,W003,2013-09-18 13:29:54,395595N1220326W003,20N02W25F003M,3/25/2010,00:00,,,7.900,0.000,7.900,104.580,102.180,96.680,5.500,UNK - Unknown,Unknown,Department of Water Resources,Voluntary,3,25,2010
Glenn_01.01.2003-06.21.2013.csv,Glenn,39.5595,-122.0326,W003,2013-09-18 13:29:54,395595N1220326W003,20N02W25F003M,8/3/2010,00:00,,,8.290,0.000,8.290,104.580,102.180,96.290,5.890,UNK - Unknown,Unknown,Department of Water Resources,Voluntary,8,3,2010
Glenn_01.01.2003-06.21.2013.csv,Glenn,39.5595,-122.0326,W003,2013-09-18 13:29:54,395595N1220326W003,20N02W25F003M,10/19/2010,00:00,,,8.910,0.000,8.910,104.580,102.180,95.670,6.510,UNK - Unknown,Unknown,Department of Water Resources,Voluntary,10,19,2010
Glenn_01.01.2003-06.21.2013.csv,Glenn,39.5595,-122.0326,W003,2013-09-18 13:29:54,395595N1220326W003,20N02W25F003M,4/4/2011,00:00,,,5.120,0.000,5.120,104.580,102.180,99.460,2.720,UNK - Unknown,Unknown,Department of Water Resources,Voluntary,4,4,2011
Glenn_01.01.2003-06.21.2013.csv,Glenn,39.5595,-122.0326,W003,2013-09-18 13:29:54,395595N1220326W003,20N02W25F003M,8/2/2011,00:00,,,7.210,0.000,7.210,104.580,102.180,97.370,4.810,UNK - Unknown,Unknown,Department of Water Resources,Voluntary,8,2,2011
Glenn_01.01.2003-06.21.2013.csv,Glenn,39.5595,-122.0326,W004,2013-09-18 13:29:54,395595N1220326W004,20N02W25F004M,10/11/2011,00:00,,,7.440,0.000,7.440,105.098,102.198,97.658,4.540,ES - Electric sounder measurement,0.01 Ft,Department of Water Resources,CASGEM,10,11,2011
Glenn_01.01.2003-06.21.2013.csv,Glenn,39.5595,-122.0326,W004,2013-09-18 13:29:54,395595N1220326W004,20N02W25F004M,3/28/2012,00:00,,,7.350,0.000,7.350,105.098,102.198,97.748,4.450,ES - Electric sounder measurement,0.01 Ft,Department of Water Resources,CASGEM,3,28,2012
Glenn_01.01.2003-06.21.2013.csv,Glenn,39.5595,-122.0326,W004,2013-09-18 13:29:54,395595N1220326W004,20N02W25F004M,7/31/2012,00:00,,,5.670,0.000,5.670,105.098,102.198,99.428,2.770,ES - Electric sounder measurement,0.01 Ft,Department of Water Resources,CASGEM,7,31,2012
Glenn_01.01.2003-06.21.2013.csv,Glenn,39.5595,-122.0326,W004,2013-09-18 13:29:54,395595N1220326W004,20N02W25F004M,10/16/2012,00:00,,,8.360,0.000,8.360,105.098,102.198,96.738,5.460,ES - Electric sounder measurement,0.01 Ft,Department of Water Resources,CASGEM,10,16,2012
Glenn_01.01.2003-06.21.2013.csv,Glenn,39.5595,-122.0326,W004,2013-09-18 13:29:54,395595N1220326W004,20N02W25F004M,3/18/2013,00:00,,,8.590,0.000,8.590,105.098,102.198,96.508,5.690,ES - Electric sounder measurement,0.01 Ft,Department of Water Resources,CASGEM,3,18,2013
Glenn_01.01.2003-06.21.2013.csv,Glenn,39.5595,-122.0326,W004,2013-09-18 13:29:54,395595N1220326W004,20N02W25F004M,2/18/2003,00:00,,,6.200,0.000,6.200,105.098,102.198,98.898,3.300,UNK - Unknown,Unknown,Department of Water Resources,Voluntary,2,18,2003
Glenn_01.01.2003-06.21.2013.csv,Glenn,39.5595,-122.0326,W004,2013-09-18 13:29:54,395595N1220326W004,20N02W25F004M,3/13/2003,00:00,,,8.000,0.000,8.000,105.098,102.198,97.098,5.100,UNK - Unknown,Unknown,Department of Water Resources,Voluntary,3,13,2003
Glenn_01.01.2003-06.21.2013.csv,Glenn,39.5595,-122.0326,W004,2013-09-18 13:29:54,395595N1220326W004,20N02W25F004M,4/9/2003,00:00,,,8.400,0.000,8.400,105.098,102.198,96.698,5.500,UNK - Unknown,Unknown,Department of Water Resources,Voluntary,4,9,2003
Glenn_01.01.2003-06.21.2013.csv,Glenn,39.5595,-122.0326,W004,2013-09-18 13:29:54,395595N1220326W004,20N02W25F004M,5/28/2003,00:00,,,5.800,0.000,5.800,105.098,102.198,99.298,2.900,UNK - Unknown,Unknown,Department of Water Resources,Voluntary,5,28,2003
Glenn_01.01.2003-06.21.2013.csv,Glenn,39.5595,-122.0326,W004,2013-09-18 13:29:54,395595N1220326W004,20N02W25F004M,6/19/2003,00:00,,,6.000,0.000,6.000,105.098,102.198,99.098,3.100,UNK - Unknown,Unknown,Department of Water Resources,Voluntary,6,19,2003
Glenn_01.01.2003-06.21.2013.csv,Glenn,39.5595,-122.0326,W004,2013-09-18 13:29:54,395595N1220326W004,20N02W25F004M,7/30/2003,00:00,,,6.000,0.000,6.000,105.098,102.198,99.098,3.100,UNK - Unknown,Unknown,Department of Water Resources,Voluntary,7,30,2003
Glenn_01.01.2003-06.21.2013.csv,Glenn,39.5595,-122.0326,W004,2013-09-18 13:29:54,395595N1220326W004,20N02W25F004M,8/26/2003,00:00,,,5.900,0.000,5.900,105.098,102.198,99.198,3.000,UNK - Unknown,Unknown,Department of Water Resources,Voluntary,8,26,2003
Glenn_01.01.2003-06.21.2013.csv,Glenn,39.5595,-122.0326,W004,2013-09-18 13:29:54,395595N1220326W004,20N02W25F004M,9/22/2003,00:00,,,7.100,0.000,7.100,105.098,102.198,97.998,4.200,UNK - Unknown,Unknown,Department of Water Resources,Voluntary,9,22,2003
Glenn_01.01.2003-06.21.2013.csv,Glenn,39.5595,-122.0326,W004,2013-09-18 13:29:54,395595N1220326W004,20N02W25F004M,10/17/2003,00:00,,,7.640,0.000,7.640,105.098,102.198,97.458,4.740,UNK - Unknown,Unknown,Department of Water Resources,Voluntary,10,17,2003
Glenn_01.01.2003-06.21.2013.csv,Glenn,39.5595,-122.0326,W004,2013-09-18 13:29:54,395595N1220326W004,20N02W25F004M,11/21/2003,00:00,,,6.900,0.000,6.900,105.098,102.198,98.198,4.000,UNK - Unknown,Unknown,Department of Water Resources,Voluntary,11,21,2003
Glenn_01.01.2003-06.21.2013.csv,Glenn,39.5595,-122.0326,W004,2013-09-18 13:29:54,395595N1220326W004,20N02W25F004M,12/9/2003,00:00,,,6.400,0.000,6.400,105.098,102.198,98.698,3.500,UNK - Unknown,Unknown,Department of Water Resources,Voluntary,12,9,2003
Glenn_01.01.2003-06.21.2013.csv,Glenn,39.5595,-122.0326,W004,2013-09-18 13:29:54,395595N1220326W004,20N02W25F004M,4/1/2004,00:00,,,8.300,0.000,8.300,105.098,102.198,96.798,5.400,UNK - Unknown,Unknown,Department of Water Resources,Voluntary,4,1,2004
Glenn_01.01.2003-06.21.2013.csv,Glenn,39.5595,-122.0326,W004,2013-09-18 13:29:54,395595N1220326W004,20N02W25F004M,4/29/2004,00:00,,,7.400,0.000,7.400,105.098,102.198,97.698,4.500,UNK - Unknown,Unknown,Department of Water Resources,Voluntary,4,29,2004
Glenn_01.01.2003-06.21.2013.csv,Glenn,39.5595,-122.0326,W004,2013-09-18 13:29:54,395595N1220326W004,20N02W25F004M,5/24/2004,00:00,,,6.000,0.000,6.000,105.098,102.198,99.098,3.100,UNK - Unknown,Unknown,Department of Water Resources,Voluntary,5,24,2004
Glenn_01.01.2003-06.21.2013.csv,Glenn,39.5595,-122.0326,W004,2013-09-18 13:29:54,395595N1220326W004,20N02W25F004M,2/11/2004,00:00,,,7.900,0.000,7.900,105.098,102.198,97.198,5.000,UNK - Unknown,Unknown,Department of Water Resources,Voluntary,2,11,2004
Glenn_01.01.2003-06.21.2013.csv,Glenn,39.5595,-122.0326,W004,2013-09-18 13:29:54,395595N1220326W004,20N02W25F004M,7/28/2004,00:00,,,6.500,0.000,6.500,105.098,102.198,98.598,3.600,UNK - Unknown,Unknown,Department of Water Resources,Voluntary,7,28,2004
Glenn_01.01.2003-06.21.2013.csv,Glenn,39.5595,-122.0326,W004,2013-09-18 13:29:54,395595N1220326W004,20N02W25F004M,6/24/2004,00:00,,,6.500,0.000,6.500,105.098,102.198,98.598,3.600,UNK - Unknown,Unknown,Department of Water Resources,Voluntary,6,24,2004
Glenn_01.01.2003-06.21.2013.csv,Glenn,39.5595,-122.0326,W004,2013-09-18 13:29:54,395595N1220326W004,20N02W25F004M,8/23/2004,00:00,,,8.600,0.000,8.600,105.098,102.198,96.498,5.700,UNK - Unknown,Unknown,Department of Water Resources,Voluntary,8,23,2004
Glenn_01.01.2003-06.21.2013.csv,Glenn,39.5595,-122.0326,W004,2013-09-18 13:29:54,395595N1220326W004,20N02W25F004M,9/21/2004,00:00,,,7.900,0.000,7.900,105.098,102.198,97.198,5.000,UNK - Unknown,Unknown,Department of Water Resources,Voluntary,9,21,2004
Glenn_01.01.2003-06.21.2013.csv,Glenn,39.5595,-122.0326,W004,2013-09-18 13:29:54,395595N1220326W004,20N02W25F004M,10/20/2004,00:00,,,7.300,0.000,7.300,105.098,102.198,97.798,4.400,UNK - Unknown,Unknown,Department of Water Resources,Voluntary,10,20,2004
Glenn_01.01.2003-06.21.2013.csv,Glenn,39.5595,-122.0326,W004,2013-09-18 13:29:54,395595N1220326W004,20N02W25F004M,11/22/2004,00:00,,,6.200,0.000,6.200,105.098,102.198,98.898,3.300,UNK - Unknown,Unknown,Department of Water Resources,Voluntary,11,22,2004
Glenn_01.01.2003-06.21.2013.csv,Glenn,39.5595,-122.0326,W004,2013-09-18 13:29:54,395595N1220326W004,20N02W25F004M,3/30/2005,00:00,,,7.900,0.000,7.900,105.098,102.198,97.198,5.000,UNK - Unknown,Unknown,Department of Water Resources,Voluntary,3,30,2005
Glenn_01.01.2003-06.21.2013.csv,Glenn,39.5595,-122.0326,W004,2013-09-18 13:29:54,395595N1220326W004,20N02W25F004M,4/28/2005,00:00,,,8.200,0.000,8.200,105.098,102.198,96.898,5.300,UNK - Unknown,Unknown,Department of Water Resources,Voluntary,4,28,2005
Glenn_01.01.2003-06.21.2013.csv,Glenn,39.5595,-122.0326,W004,2013-09-18 13:29:54,395595N1220326W004,20N02W25F004M,5/25/2005,00:00,,,5.800,0.000,5.800,105.098,102.198,99.298,2.900,UNK - Unknown,Unknown,Department of Water Resources,Voluntary,5,25,2005
Glenn_01.01.2003-06.21.2013.csv,Glenn,39.5595,-122.0326,W004,2013-09-18 13:29:54,395595N1220326W004,20N02W25F004M,6/22/2005,00:00,,,5.900,0.000,5.900,105.098,102.198,99.198,3.000,UNK - Unknown,Unknown,Department of Water Resources,Voluntary,6,22,2005
Glenn_01.01.2003-06.21.2013.csv,Glenn,39.5595,-122.0326,W004,2013-09-18 13:29:54,395595N1220326W004,20N02W25F004M,7/27/2005,00:00,,,6.100,0.000,6.100,105.098,102.198,98.998,3.200,UNK - Unknown,Unknown,Department of Water Resources,Voluntary,7,27,2005
Glenn_01.01.2003-06.21.2013.csv,Glenn,39.5595,-122.0326,W004,2013-09-18 13:29:54,395595N1220326W004,20N02W25F004M,8/24/2005,00:00,,,6.000,0.000,6.000,105.098,102.198,99.098,3.100,UNK - Unknown,Unknown,Department of Water Resources,Voluntary,8,24,2005
Glenn_01.01.2003-06.21.2013.csv,Glenn,39.5595,-122.0326,W004,2013-09-18 13:29:54,395595N1220326W004,20N02W25F004M,9/28/2005,00:00,,,7.800,0.000,7.800,105.098,102.198,97.298,4.900,UNK - Unknown,Unknown,Department of Water Resources,Voluntary,9,28,2005
Glenn_01.01.2003-06.21.2013.csv,Glenn,39.5595,-122.0326,W004,2013-09-18 13:29:54,395595N1220326W004,20N02W25F004M,10/18/2005,00:00,,,7.800,0.000,7.800,105.098,102.198,97.298,4.900,UNK - Unknown,Unknown,Department of Water Resources,Voluntary,10,18,2005
Glenn_01.01.2003-06.21.2013.csv,Glenn,39.5595,-122.0326,W004,2013-09-18 13:29:54,395595N1220326W004,20N02W25F004M,3/27/2006,00:00,,,7.000,0.000,7.000,105.098,102.198,98.098,4.100,UNK - Unknown,Unknown,Department of Water Resources,Voluntary,3,27,2006
Glenn_01.01.2003-06.21.2013.csv,Glenn,39.5595,-122.0326,W004,2013-09-18 13:29:54,395595N1220326W004,20N02W25F004M,5/17/2006,00:00,,,7.000,0.000,7.000,105.098,102.198,98.098,4.100,UNK - Unknown,Unknown,Department of Water Resources,Voluntary,5,17,2006
Glenn_01.01.2003-06.21.2013.csv,Glenn,39.5595,-122.0326,W004,2013-09-18 13:29:54,395595N1220326W004,20N02W25F004M,8/2/2006,00:00,,,6.100,0.000,6.100,105.098,102.198,98.998,3.200,UNK - Unknown,Unknown,Department of Water Resources,Voluntary,8,2,2006
Glenn_01.01.2003-06.21.2013.csv,Glenn,39.5595,-122.0326,W004,2013-09-18 13:29:54,395595N1220326W004,20N02W25F004M,10/12/2006,00:00,,,7.900,0.000,7.900,105.098,102.198,97.198,5.000,UNK - Unknown,Unknown,Department of Water Resources,Voluntary,10,12,2006
Glenn_01.01.2003-06.21.2013.csv,Glenn,39.5595,-122.0326,W004,2013-09-18 13:29:54,395595N1220326W004,20N02W25F004M,3/22/2007,00:00,,,8.420,0.000,8.420,105.098,102.198,96.678,5.520,UNK - Unknown,Unknown,Department of Water Resources,Voluntary,3,22,2007
Glenn_01.01.2003-06.21.2013.csv,Glenn,39.5595,-122.0326,W004,2013-09-18 13:29:54,395595N1220326W004,20N02W25F004M,8/7/2007,00:00,,,5.920,0.000,5.920,105.098,102.198,99.178,3.020,UNK - Unknown,Unknown,Department of Water Resources,Voluntary,8,7,2007
Glenn_01.01.2003-06.21.2013.csv,Glenn,39.5595,-122.0326,W004,2013-09-18 13:29:54,395595N1220326W004,20N02W25F004M,10/17/2007,00:00,,,7.270,0.000,7.270,105.098,102.198,97.828,4.370,UNK - Unknown,Unknown,Department of Water Resources,Voluntary,10,17,2007
Glenn_01.01.2003-06.21.2013.csv,Glenn,39.5595,-122.0326,W004,2013-09-18 13:29:54,395595N1220326W004,20N02W25F004M,1/18/2008,00:00,,,6.210,0.000,6.210,105.098,102.198,98.888,3.310,UNK - Unknown,Unknown,Department of Water Resources,Voluntary,1,18,2008
Glenn_01.01.2003-06.21.2013.csv,Glenn,39.5595,-122.0326,W004,2013-09-18 13:29:54,395595N1220326W004,20N02W25F004M,3/12/2008,00:00,,,8.030,0.000,8.030,105.098,102.198,97.068,5.130,UNK - Unknown,Unknown,Department of Water Resources,Voluntary,3,12,2008
Glenn_01.01.2003-06.21.2013.csv,Glenn,39.5595,-122.0326,W004,2013-09-18 13:29:54,395595N1220326W004,20N02W25F004M,7/1/2008,00:00,,,6.060,0.000,6.060,105.098,102.198,99.038,3.160,UNK - Unknown,Unknown,Department of Water Resources,Voluntary,7,1,2008
Glenn_01.01.2003-06.21.2013.csv,Glenn,39.5595,-122.0326,W004,2013-09-18 13:29:54,395595N1220326W004,20N02W25F004M,7/25/2008,00:00,,,6.180,0.000,6.180,105.098,102.198,98.918,3.280,UNK - Unknown,Unknown,Department of Water Resources,Voluntary,7,25,2008
Glenn_01.01.2003-06.21.2013.csv,Glenn,39.5595,-122.0326,W004,2013-09-18 13:29:54,395595N1220326W004,20N02W25F004M,8/7/2008,00:00,,,6.140,0.000,6.140,105.098,102.198,98.958,3.240,UNK - Unknown,Unknown,Department of Water Resources,Voluntary,8,7,2008
Glenn_01.01.2003-06.21.2013.csv,Glenn,39.5595,-122.0326,W004,2013-09-18 13:29:54,395595N1220326W004,20N02W25F004M,10/20/2008,00:00,,,7.430,0.000,7.430,105.098,102.198,97.668,4.530,UNK - Unknown,Unknown,Department of Water Resources,Voluntary,10,20,2008
Glenn_01.01.2003-06.21.2013.csv,Glenn,39.5595,-122.0326,W004,2013-09-18 13:29:54,395595N1220326W004,20N02W25F004M,1/14/2009,00:00,,,8.550,0.000,8.550,105.098,102.198,96.548,5.650,UNK - Unknown,Unknown,Department of Water Resources,Voluntary,1,14,2009
Glenn_01.01.2003-06.21.2013.csv,Glenn,39.5595,-122.0326,W004,2013-09-18 13:29:54,395595N1220326W004,20N02W25F004M,2/2/2009,00:00,,,8.320,0.000,8.320,105.098,102.198,96.778,5.420,UNK - Unknown,Unknown,Department of Water Resources,Voluntary,2,2,2009
Glenn_01.01.2003-06.21.2013.csv,Glenn,39.5595,-122.0326,W004,2013-09-18 13:29:54,395595N1220326W004,20N02W25F004M,3/25/2009,00:00,,,8.230,0.000,8.230,105.098,102.198,96.868,5.330,UNK - Unknown,Unknown,Department of Water Resources,Voluntary,3,25,2009
Glenn_01.01.2003-06.21.2013.csv,Glenn,39.5595,-122.0326,W004,2013-09-18 13:29:54,395595N1220326W004,20N02W25F004M,5/13/2009,00:00,,,7.330,0.000,7.330,105.098,102.198,97.768,4.430,UNK - Unknown,Unknown,Department of Water Resources,Voluntary,5,13,2009
Glenn_01.01.2003-06.21.2013.csv,Glenn,39.5595,-122.0326,W004,2013-09-18 13:29:54,395595N1220326W004,20N02W25F004M,6/25/2009,00:00,,,7.000,0.000,7.000,105.098,102.198,98.098,4.100,UNK - Unknown,Unknown,Department of Water Resources,Voluntary,6,25,2009
Glenn_01.01.2003-06.21.2013.csv,Glenn,39.5595,-122.0326,W004,2013-09-18 13:29:54,395595N1220326W004,20N02W25F004M,8/5/2009,00:00,,,6.250,0.000,6.250,105.098,102.198,98.848,3.350,UNK - Unknown,Unknown,Department of Water Resources,Voluntary,8,5,2009
Glenn_01.01.2003-06.21.2013.csv,Glenn,39.5595,-122.0326,W004,2013-09-18 13:29:54,395595N1220326W004,20N02W25F004M,9/15/2009,00:00,,,6.920,0.000,6.920,105.098,102.198,98.178,4.020,UNK - Unknown,Unknown,Department of Water Resources,Voluntary,9,15,2009
Glenn_01.01.2003-06.21.2013.csv,Glenn,39.5595,-122.0326,W004,2013-09-18 13:29:54,395595N1220326W004,20N02W25F004M,10/22/2009,00:00,,,7.890,0.000,7.890,105.098,102.198,97.208,4.990,UNK - Unknown,Unknown,Department of Water Resources,Voluntary,10,22,2009
Glenn_01.01.2003-06.21.2013.csv,Glenn,39.5595,-122.0326,W004,2013-09-18 13:29:54,395595N1220326W004,20N02W25F004M,3/25/2010,00:00,,,8.300,0.000,8.300,105.098,102.198,96.798,5.400,UNK - Unknown,Unknown,Department of Water Resources,Voluntary,3,25,2010
Glenn_01.01.2003-06.21.2013.csv,Glenn,39.5595,-122.0326,W004,2013-09-18 13:29:54,395595N1220326W004,20N02W25F004M,8/3/2010,00:00,,,6.050,0.000,6.050,105.098,102.198,99.048,3.150,UNK - Unknown,Unknown,Department of Water Resources,Voluntary,8,3,2010
Glenn_01.01.2003-06.21.2013.csv,Glenn,39.5595,-122.0326,W004,2013-09-18 13:29:54,395595N1220326W004,20N02W25F004M,10/19/2010,00:00,,,8.010,0.000,8.010,105.098,102.198,97.088,5.110,UNK - Unknown,Unknown,Department of Water Resources,Voluntary,10,19,2010
Glenn_01.01.2003-06.21.2013.csv,Glenn,39.5595,-122.0326,W004,2013-09-18 13:29:54,395595N1220326W004,20N02W25F004M,4/4/2011,00:00,,,7.210,0.000,7.210,105.098,102.198,97.888,4.310,UNK - Unknown,Unknown,Department of Water Resources,Voluntary,4,4,2011
Glenn_01.01.2003-06.21.2013.csv,Glenn,39.5595,-122.0326,W004,2013-09-18 13:29:54,395595N1220326W004,20N02W25F004M,8/2/2011,00:00,,,5.730,0.000,5.730,105.098,102.198,99.368,2.830,UNK - Unknown,Unknown,Department of Water Resources,Voluntary,8,2,2011
Glenn_01.01.2003-06.21.2013.csv,Glenn,39.561,-122.2489,W001,2013-09-18 13:29:54,395610N1222489W001,,10/16/2012,00:00,,,29.800,0.000,29.800,160.460,160.460,130.660,29.800,ES - Electric sounder measurement,0.1 Ft,Bureau of Reclamation,Voluntary,10,16,2012
Glenn_01.01.2003-06.21.2013.csv,Glenn,39.561,-122.2489,W001,2013-09-18 13:29:54,395610N1222489W001,,4/15/2013,00:00,,,27.000,0.000,27.000,160.460,160.460,133.460,27.000,ES - Electric sounder measurement,0.1 Ft,Bureau of Reclamation,Voluntary,4,15,2013
Glenn_01.01.2003-06.21.2013.csv,Glenn,39.561,-122.2489,W001,2013-09-18 13:29:54,395610N1222489W001,,4/7/2003,00:00,,,17.200,0.000,17.200,160.460,160.460,143.260,17.200,UNK - Unknown,Unknown,Bureau of Reclamation,Voluntary,4,7,2003
Glenn_01.01.2003-06.21.2013.csv,Glenn,39.561,-122.2489,W001,2013-09-18 13:29:54,395610N1222489W001,,10/14/2003,00:00,,,29.200,0.000,29.200,160.460,160.460,131.260,29.200,UNK - Unknown,Unknown,Bureau of Reclamation,Voluntary,10,14,2003
Glenn_01.01.2003-06.21.2013.csv,Glenn,39.561,-122.2489,W001,2013-09-18 13:29:54,395610N1222489W001,,4/1/2004,00:00,,,18.800,0.000,18.800,160.460,160.460,141.660,18.800,UNK - Unknown,Unknown,Bureau of Reclamation,Voluntary,4,1,2004
Glenn_01.01.2003-06.21.2013.csv,Glenn,39.561,-122.2489,W001,2013-09-18 13:29:54,395610N1222489W001,,11/5/2004,00:00,,,23.300,0.000,23.300,160.460,160.460,137.160,23.300,UNK - Unknown,Unknown,Bureau of Reclamation,Voluntary,11,5,2004
Glenn_01.01.2003-06.21.2013.csv,Glenn,39.561,-122.2489,W001,2013-09-18 13:29:54,395610N1222489W001,,4/14/2005,00:00,,,13.800,0.000,13.800,160.460,160.460,146.660,13.800,UNK - Unknown,Unknown,Bureau of Reclamation,Voluntary,4,14,2005
Glenn_01.01.2003-06.21.2013.csv,Glenn,39.561,-122.2489,W001,2013-09-18 13:29:54,395610N1222489W001,,10/18/2005,00:00,,,21.200,0.000,21.200,160.460,160.460,139.260,21.200,UNK - Unknown,Unknown,Bureau of Reclamation,Voluntary,10,18,2005
Glenn_01.01.2003-06.21.2013.csv,Glenn,39.561,-122.2489,W001,2013-09-18 13:29:54,395610N1222489W001,,3/30/2006,00:00,,,12.700,0.000,12.700,160.460,160.460,147.760,12.700,UNK - Unknown,Unknown,Bureau of Reclamation,Voluntary,3,30,2006
Glenn_01.01.2003-06.21.2013.csv,Glenn,39.561,-122.2489,W001,2013-09-18 13:29:54,395610N1222489W001,,3/28/2007,00:00,,,19.500,0.000,19.500,160.460,160.460,140.960,19.500,UNK - Unknown,Unknown,Bureau of Reclamation,Voluntary,3,28,2007
Glenn_01.01.2003-06.21.2013.csv,Glenn,39.561,-122.2489,W001,2013-09-18 13:29:54,395610N1222489W001,,10/17/2006,00:00,,,21.000,0.000,21.000,160.460,160.460,139.460,21.000,UNK - Unknown,Unknown,Bureau of Reclamation,Voluntary,10,17,2006
Glenn_01.01.2003-06.21.2013.csv,Glenn,39.561,-122.2489,W001,2013-09-18 13:29:54,395610N1222489W001,,10/23/2007,00:00,,,23.800,0.000,23.800,160.460,160.460,136.660,23.800,UNK - Unknown,Unknown,Bureau of Reclamation,Voluntary,10,23,2007
Glenn_01.01.2003-06.21.2013.csv,Glenn,39.561,-122.2489,W001,2013-09-18 13:29:54,395610N1222489W001,,3/14/2008,00:00,,,16.500,0.000,16.500,160.460,160.460,143.960,16.500,UNK - Unknown,Unknown,Bureau of Reclamation,Voluntary,3,14,2008
Glenn_01.01.2003-06.21.2013.csv,Glenn,39.561,-122.2489,W001,2013-09-18 13:29:54,395610N1222489W001,,9/30/2008,00:00,,,34.300,0.000,34.300,160.460,160.460,126.160,34.300,UNK - Unknown,Unknown,Bureau of Reclamation,Voluntary,9,30,2008
Glenn_01.01.2003-06.21.2013.csv,Glenn,39.561,-122.2489,W001,2013-09-18 13:29:54,395610N1222489W001,,3/23/2009,00:00,,,20.600,0.000,20.600,160.460,160.460,139.860,20.600,UNK - Unknown,Unknown,Bureau of Reclamation,Voluntary,3,23,2009
Glenn_01.01.2003-06.21.2013.csv,Glenn,39.561,-122.2489,W001,2013-09-18 13:29:54,395610N1222489W001,,10/20/2009,00:00,,,29.500,0.000,29.500,160.460,160.460,130.960,29.500,UNK - Unknown,Unknown,Bureau of Reclamation,Voluntary,10,20,2009
Glenn_01.01.2003-06.21.2013.csv,Glenn,39.561,-122.2489,W001,2013-09-18 13:29:54,395610N1222489W001,,4/8/2010,00:00,4 - Can't get tape in casing,,NULL,NULL,NULL,160.460,160.460,NULL,NULL,,,Bureau of Reclamation,Voluntary,PUMP HAS BEEN REPOSITIONED4,8,2010
Glenn_01.01.2003-06.21.2013.csv,Glenn,39.561,-122.2489,W001,2013-09-18 13:29:54,395610N1222489W001,,10/19/2010,00:00,,,26.800,0.000,26.800,160.460,160.460,133.660,26.800,UNK - Unknown,Unknown,Bureau of Reclamation,Voluntary,10,19,2010
Glenn_01.01.2003-06.21.2013.csv,Glenn,39.561,-122.2489,W001,2013-09-18 13:29:54,395610N1222489W001,,4/4/2011,00:00,,,15.200,0.000,15.200,160.460,160.460,145.260,15.200,UNK - Unknown,Unknown,Bureau of Reclamation,Voluntary,4,4,2011
Glenn_01.01.2003-06.21.2013.csv,Glenn,39.561,-122.2489,W001,2013-09-18 13:29:54,395610N1222489W001,,10/11/2011,00:00,,,23.300,0.000,23.300,160.460,160.460,137.160,23.300,UNK - Unknown,Unknown,Bureau of Reclamation,Voluntary,10,11,2011
Glenn_01.01.2003-06.21.2013.csv,Glenn,39.561,-122.2489,W001,2013-09-18 13:29:54,395610N1222489W001,,3/26/2012,00:00,,,20.100,0.000,20.100,160.460,160.460,140.360,20.100,UNK - Unknown,Unknown,Bureau of Reclamation,Voluntary,3,26,2012
Glenn_01.01.2003-06.21.2013.csv,Glenn,39.5621,-122.1711,W001,2013-09-18 13:29:54,395621N1221711W001,McCracken/Sprague,10/11/2011,00:00,,,19.710,0.000,19.710,136.830,132.430,117.120,15.310,ES - Electric sounder measurement,0.01 Ft,Department of Water Resources,Voluntary,10,11,2011
Glenn_01.01.2003-06.21.2013.csv,Glenn,39.5621,-122.1711,W001,2013-09-18 13:29:54,395621N1221711W001,McCracken/Sprague,3/28/2012,00:00,,,17.350,0.000,17.350,136.830,132.430,119.480,12.950,ES - Electric sounder measurement,0.01 Ft,Department of Water Resources,Voluntary,3,28,2012
Glenn_01.01.2003-06.21.2013.csv,Glenn,39.5621,-122.1711,W001,2013-09-18 13:29:54,395621N1221711W001,McCracken/Sprague,7/31/2012,00:00,,,27.140,0.000,27.140,136.830,132.430,109.690,22.740,ES - Electric sounder measurement,0.01 Ft,Department of Water Resources,Voluntary,7,31,2012
Glenn_01.01.2003-06.21.2013.csv,Glenn,39.5621,-122.1711,W001,2013-09-18 13:29:54,395621N1221711W001,McCracken/Sprague,10/16/2012,00:00,,,21.570,0.000,21.570,136.830,132.430,115.260,17.170,ES - Electric sounder measurement,0.01 Ft,Department of Water Resources,Voluntary,10,16,2012
Glenn_01.01.2003-06.21.2013.csv,Glenn,39.5621,-122.1711,W001,2013-09-18 13:29:54,395621N1221711W001,McCracken/Sprague,3/18/2013,00:00,,,18.460,0.000,18.460,136.830,132.430,118.370,14.060,ES - Electric sounder measurement,0.01 Ft,Department of Water Resources,Voluntary,3,18,2013
Glenn_01.01.2003-06.21.2013.csv,Glenn,39.5632,-122.1069,W001,2013-09-18 13:29:54,395632N1221069W001,20N02W29G001M,10/11/2011,00:00,,,6.350,0.000,6.350,119.920,119.420,113.570,5.850,ES - Electric sounder measurement,0.01 Ft,Department of Water Resources,Voluntary,10,11,2011
Glenn_01.01.2003-06.21.2013.csv,Glenn,39.5632,-122.1069,W001,2013-09-18 13:29:54,395632N1221069W001,20N02W29G001M,3/28/2012,00:00,,,6.620,0.000,6.620,119.920,119.420,113.300,6.120,ES - Electric sounder measurement,0.01 Ft,Department of Water Resources,Voluntary,3,28,2012
Glenn_01.01.2003-06.21.2013.csv,Glenn,39.5632,-122.1069,W001,2013-09-18 13:29:54,395632N1221069W001,20N02W29G001M,7/31/2012,00:00,,,4.200,0.000,4.200,119.920,119.420,115.720,3.700,ES - Electric sounder measurement,0.01 Ft,Department of Water Resources,Voluntary,7,31,2012
Glenn_01.01.2003-06.21.2013.csv,Glenn,39.5632,-122.1069,W001,2013-09-18 13:29:54,395632N1221069W001,20N02W29G001M,10/16/2012,00:00,,,6.980,0.000,6.980,119.920,119.420,112.940,6.480,ES - Electric sounder measurement,0.01 Ft,Department of Water Resources,Voluntary,10,16,2012
Glenn_01.01.2003-06.21.2013.csv,Glenn,39.5632,-122.1069,W001,2013-09-18 13:29:54,395632N1221069W001,20N02W29G001M,3/18/2013,00:00,,,6.800,0.000,6.800,119.920,119.420,113.120,6.300,ES - Electric sounder measurement,0.01 Ft,Department of Water Resources,Voluntary,3,18,2013
Glenn_01.01.2003-06.21.2013.csv,Glenn,39.5692,-122.2375,W001,2013-09-18 13:29:54,395692N1222375W001,,10/16/2012,00:00,,,24.000,1.400,22.600,156.460,155.460,133.860,21.600,ST - Steel tape measurement,0.1 Ft,Bureau of Reclamation,Voluntary,10,16,2012
Glenn_01.01.2003-06.21.2013.csv,Glenn,39.5692,-122.2375,W001,2013-09-18 13:29:54,395692N1222375W001,,4/15/2013,00:00,,,22.000,1.600,20.400,156.460,155.460,136.060,19.400,ST - Steel tape measurement,0.1 Ft,Bureau of Reclamation,Voluntary,4,15,2013
Glenn_01.01.2003-06.21.2013.csv,Glenn,39.5692,-122.2375,W001,2013-09-18 13:29:54,395692N1222375W001,,4/7/2003,00:00,,,8.200,0.000,8.200,156.460,155.460,148.260,7.200,UNK - Unknown,Unknown,Bureau of Reclamation,Voluntary,4,7,2003
Glenn_01.01.2003-06.21.2013.csv,Glenn,39.5692,-122.2375,W001,2013-09-18 13:29:54,395692N1222375W001,,10/14/2003,00:00,,,11.700,0.000,11.700,156.460,155.460,144.760,10.700,UNK - Unknown,Unknown,Bureau of Reclamation,Voluntary,10,14,2003
Glenn_01.01.2003-06.21.2013.csv,Glenn,39.5692,-122.2375,W001,2013-09-18 13:29:54,395692N1222375W001,,4/1/2004,00:00,,,9.200,0.000,9.200,156.460,155.460,147.260,8.200,UNK - Unknown,Unknown,Bureau of Reclamation,Voluntary,4,1,2004
Glenn_01.01.2003-06.21.2013.csv,Glenn,39.5692,-122.2375,W001,2013-09-18 13:29:54,395692N1222375W001,,11/5/2004,00:00,7 - Special/Other,,NULL,NULL,NULL,156.460,155.460,NULL,NULL,,,Bureau of Reclamation,Voluntary,HANGING AND BEES11,5,2004
Glenn_01.01.2003-06.21.2013.csv,Glenn,39.5692,-122.2375,W001,2013-09-18 13:29:54,395692N1222375W001,,4/14/2005,00:00,,,7.000,0.000,7.000,156.460,155.460,149.460,6.000,UNK - Unknown,Unknown,Bureau of Reclamation,Voluntary,4,14,2005
Glenn_01.01.2003-06.21.2013.csv,Glenn,39.5692,-122.2375,W001,2013-09-18 13:29:54,395692N1222375W001,,10/18/2005,00:00,,,11.600,0.000,11.600,156.460,155.460,144.860,10.600,UNK - Unknown,Unknown,Bureau of Reclamation,Voluntary,10,18,2005
Glenn_01.01.2003-06.21.2013.csv,Glenn,39.5692,-122.2375,W001,2013-09-18 13:29:54,395692N1222375W001,,3/30/2006,00:00,,,5.000,0.000,5.000,156.460,155.460,151.460,4.000,UNK - Unknown,Unknown,Bureau of Reclamation,Voluntary,3,30,2006
Glenn_01.01.2003-06.21.2013.csv,Glenn,39.5692,-122.2375,W001,2013-09-18 13:29:54,395692N1222375W001,,3/28/2007,00:00,,,10.800,0.000,10.800,156.460,155.460,145.660,9.800,UNK - Unknown,Unknown,Bureau of Reclamation,Voluntary,DOUBLE-CHECKED3,28,2007
Glenn_01.01.2003-06.21.2013.csv,Glenn,39.5692,-122.2375,W001,2013-09-18 13:29:54,395692N1222375W001,,10/17/2006,00:00,,,12.300,0.000,12.300,156.460,155.460,144.160,11.300,UNK - Unknown,Unknown,Bureau of Reclamation,Voluntary,10,17,2006
Glenn_01.01.2003-06.21.2013.csv,Glenn,39.5692,-122.2375,W001,2013-09-18 13:29:54,395692N1222375W001,,10/23/2007,00:00,,0 - Caved or deepened,11.800,0.000,11.800,156.460,155.460,144.660,10.800,UNK - Unknown,Unknown,Bureau of Reclamation,Voluntary,BLOCKED NEAR 11'--2X CHECKED10,23,2007
Glenn_01.01.2003-06.21.2013.csv,Glenn,39.5692,-122.2375,W001,2013-09-18 13:29:54,395692N1222375W001,,3/14/2008,00:00,,,7.400,0.000,7.400,156.460,155.460,149.060,6.400,UNK - Unknown,Unknown,Bureau of Reclamation,Voluntary,3,14,2008
Glenn_01.01.2003-06.21.2013.csv,Glenn,39.5692,-122.2375,W001,2013-09-18 13:29:54,395692N1222375W001,,9/30/2008,00:00,,,17.600,0.000,17.600,156.460,155.460,138.860,16.600,UNK - Unknown,Unknown,Bureau of Reclamation,Voluntary,9,30,2008
Glenn_01.01.2003-06.21.2013.csv,Glenn,39.5692,-122.2375,W001,2013-09-18 13:29:54,395692N1222375W001,,3/23/2009,00:00,,,10.200,0.000,10.200,156.460,155.460,146.260,9.200,UNK - Unknown,Unknown,Bureau of Reclamation,Voluntary,3,23,2009
Glenn_01.01.2003-06.21.2013.csv,Glenn,39.5692,-122.2375,W001,2013-09-18 13:29:54,395692N1222375W001,,10/20/2009,00:00,,,22.600,0.000,22.600,156.460,155.460,133.860,21.600,UNK - Unknown,Unknown,Bureau of Reclamation,Voluntary,10,20,2009
Glenn_01.01.2003-06.21.2013.csv,Glenn,39.5692,-122.2375,W001,2013-09-18 13:29:54,395692N1222375W001,,4/8/2010,00:00,,,11.900,0.000,11.900,156.460,155.460,144.560,10.900,UNK - Unknown,Unknown,Bureau of Reclamation,Voluntary,4,8,2010
Glenn_01.01.2003-06.21.2013.csv,Glenn,39.5692,-122.2375,W001,2013-09-18 13:29:54,395692N1222375W001,,10/19/2010,00:00,,,20.300,0.000,20.300,156.460,155.460,136.160,19.300,UNK - Unknown,Unknown,Bureau of Reclamation,Voluntary,10,19,2010
Glenn_01.01.2003-06.21.2013.csv,Glenn,39.5692,-122.2375,W001,2013-09-18 13:29:54,395692N1222375W001,,4/5/2011,00:00,,,9.800,0.000,9.800,156.460,155.460,146.660,8.800,UNK - Unknown,Unknown,Bureau of Reclamation,Voluntary,4,5,2011
Glenn_01.01.2003-06.21.2013.csv,Glenn,39.5692,-122.2375,W001,2013-09-18 13:29:54,395692N1222375W001,,10/11/2011,00:00,,,15.400,0.000,15.400,156.460,155.460,141.060,14.400,UNK - Unknown,Unknown,Bureau of Reclamation,Voluntary,10,11,2011
Glenn_01.01.2003-06.21.2013.csv,Glenn,39.5692,-122.2375,W001,2013-09-18 13:29:54,395692N1222375W001,,3/26/2012,00:00,,,14.400,0.000,14.400,156.460,155.460,142.060,13.400,UNK - Unknown,Unknown,Bureau of Reclamation,Voluntary,3,26,2012
Glenn_01.01.2003-06.21.2013.csv,Glenn,39.5697,-122.2482,W001,2013-09-18 13:29:54,395697N1222482W001,,10/16/2012,00:00,,,17.100,0.000,17.100,161.060,160.460,143.960,16.500,ES - Electric sounder measurement,0.1 Ft,Bureau of Reclamation,Voluntary,10,16,2012
Glenn_01.01.2003-06.21.2013.csv,Glenn,39.5697,-122.2482,W001,2013-09-18 13:29:54,395697N1222482W001,,4/15/2013,00:00,,,17.200,0.000,17.200,161.060,160.460,143.860,16.600,ES - Electric sounder measurement,0.1 Ft,Bureau of Reclamation,Voluntary,4,15,2013
Glenn_01.01.2003-06.21.2013.csv,Glenn,39.5772,-122.161,W001,2013-09-18 13:29:54,395772N1221610W001,20N03W23G002M,10/11/2011,00:00,,,31.450,0.000,31.450,149.430,148.430,117.980,30.450,ES - Electric sounder measurement,0.01 Ft,Department of Water Resources,Voluntary,10,11,2011
Glenn_01.01.2003-06.21.2013.csv,Glenn,39.5772,-122.161,W001,2013-09-18 13:29:54,395772N1221610W001,20N03W23G002M,3/28/2012,00:00,,,26.280,0.000,26.280,149.430,148.430,123.150,25.280,ES - Electric sounder measurement,0.01 Ft,Department of Water Resources,Voluntary,3,28,2012
Glenn_01.01.2003-06.21.2013.csv,Glenn,39.5772,-122.161,W001,2013-09-18 13:29:54,395772N1221610W001,20N03W23G002M,7/31/2012,00:00,,,39.360,0.000,39.360,149.430,148.430,110.070,38.360,ES - Electric sounder measurement,0.01 Ft,Department of Water Resources,Voluntary,7,31,2012
Glenn_01.01.2003-06.21.2013.csv,Glenn,39.5772,-122.161,W001,2013-09-18 13:29:54,395772N1221610W001,20N03W23G002M,10/16/2012,00:00,,,34.500,0.000,34.500,149.430,148.430,114.930,33.500,ES - Electric sounder measurement,0.01 Ft,Department of Water Resources,Voluntary,10,16,2012
Glenn_01.01.2003-06.21.2013.csv,Glenn,39.5772,-122.161,W001,2013-09-18 13:29:54,395772N1221610W001,20N03W23G002M,3/13/2003,00:00,,,19.600,0.000,19.600,149.430,148.430,129.830,18.600,UNK - Unknown,Unknown,Department of Water Resources,Voluntary,3,13,2003
Glenn_01.01.2003-06.21.2013.csv,Glenn,39.5772,-122.161,W001,2013-09-18 13:29:54,395772N1221610W001,20N03W23G002M,4/8/2003,00:00,,,19.300,0.000,19.300,149.430,148.430,130.130,18.300,UNK - Unknown,Unknown,Department of Water Resources,Voluntary,4,8,2003
Glenn_01.01.2003-06.21.2013.csv,Glenn,39.5772,-122.161,W001,2013-09-18 13:29:54,395772N1221610W001,20N03W23G002M,5/20/2003,00:00,,,20.000,0.000,20.000,149.430,148.430,129.430,19.000,UNK - Unknown,Unknown,Department of Water Resources,Voluntary,5,20,2003
Glenn_01.01.2003-06.21.2013.csv,Glenn,39.5772,-122.161,W001,2013-09-18 13:29:54,395772N1221610W001,20N03W23G002M,6/20/2003,00:00,,1 - Pumping,38.700,0.000,38.700,149.430,148.430,110.730,37.700,UNK - Unknown,Unknown,Department of Water Resources,Voluntary,6,20,2003
Glenn_01.01.2003-06.21.2013.csv,Glenn,39.5772,-122.161,W001,2013-09-18 13:29:54,395772N1221610W001,20N03W23G002M,7/29/2003,00:00,,1 - Pumping,43.100,0.000,43.100,149.430,148.430,106.330,42.100,UNK - Unknown,Unknown,Department of Water Resources,Voluntary,7,29,2003
Glenn_01.01.2003-06.21.2013.csv,Glenn,39.5772,-122.161,W001,2013-09-18 13:29:54,395772N1221610W001,20N03W23G002M,8/28/2003,00:00,,,30.400,0.000,30.400,149.430,148.430,119.030,29.400,UNK - Unknown,Unknown,Department of Water Resources,Voluntary,8,28,2003
Glenn_01.01.2003-06.21.2013.csv,Glenn,39.5772,-122.161,W001,2013-09-18 13:29:54,395772N1221610W001,20N03W23G002M,9/18/2003,00:00,,,28.100,0.000,28.100,149.430,148.430,121.330,27.100,UNK - Unknown,Unknown,Department of Water Resources,Voluntary,9,18,2003
Glenn_01.01.2003-06.21.2013.csv,Glenn,39.5772,-122.161,W001,2013-09-18 13:29:54,395772N1221610W001,20N03W23G002M,10/15/2003,00:00,,,25.800,0.000,25.800,149.430,148.430,123.630,24.800,UNK - Unknown,Unknown,Department of Water Resources,Voluntary,10,15,2003
Glenn_01.01.2003-06.21.2013.csv,Glenn,39.5772,-122.161,W001,2013-09-18 13:29:54,395772N1221610W001,20N03W23G002M,11/18/2003,00:00,,,24.400,0.000,24.400,149.430,148.430,125.030,23.400,UNK - Unknown,Unknown,Department of Water Resources,Voluntary,11,18,2003
Glenn_01.01.2003-06.21.2013.csv,Glenn,39.5772,-122.161,W001,2013-09-18 13:29:54,395772N1221610W001,20N03W23G002M,3/31/2004,00:00,,1 - Pumping,31.520,0.000,31.520,149.430,148.430,117.910,30.520,UNK - Unknown,Unknown,Department of Water Resources,Voluntary,3,31,2004
Glenn_01.01.2003-06.21.2013.csv,Glenn,39.5772,-122.161,W001,2013-09-18 13:29:54,395772N1221610W001,20N03W23G002M,4/27/2004,00:00,,1 - Pumping,33.200,0.000,33.200,149.430,148.430,116.230,32.200,UNK - Unknown,Unknown,Department of Water Resources,Voluntary,4,27,2004
Glenn_01.01.2003-06.21.2013.csv,Glenn,39.5772,-122.161,W001,2013-09-18 13:29:54,395772N1221610W001,20N03W23G002M,5/21/2004,00:00,,,23.000,0.000,23.000,149.430,148.430,126.430,22.000,UNK - Unknown,Unknown,Department of Water Resources,Voluntary,5,21,2004
Glenn_01.01.2003-06.21.2013.csv,Glenn,39.5772,-122.161,W001,2013-09-18 13:29:54,395772N1221610W001,20N03W23G002M,6/22/2004,00:00,,,27.100,0.000,27.100,149.430,148.430,122.330,26.100,UNK - Unknown,Unknown,Department of Water Resources,Voluntary,6,22,2004
Glenn_01.01.2003-06.21.2013.csv,Glenn,39.5772,-122.161,W001,2013-09-18 13:29:54,395772N1221610W001,20N03W23G002M,7/28/2004,00:00,,,31.000,0.000,31.000,149.430,148.430,118.430,30.000,UNK - Unknown,Unknown,Department of Water Resources,Voluntary,7,28,2004
Glenn_01.01.2003-06.21.2013.csv,Glenn,39.5772,-122.161,W001,2013-09-18 13:29:54,395772N1221610W001,20N03W23G002M,8/25/2004,00:00,,,29.300,0.000,29.300,149.430,148.430,120.130,28.300,UNK - Unknown,Unknown,Department of Water Resources,Voluntary,8,25,2004
Glenn_01.01.2003-06.21.2013.csv,Glenn,39.5772,-122.161,W001,2013-09-18 13:29:54,395772N1221610W001,20N03W23G002M,9/22/2004,00:00,,,27.600,0.000,27.600,149.430,148.430,121.830,26.600,UNK - Unknown,Unknown,Department of Water Resources,Voluntary,9,22,2004
Glenn_01.01.2003-06.21.2013.csv,Glenn,39.5772,-122.161,W001,2013-09-18 13:29:54,395772N1221610W001,20N03W23G002M,10/20/2004,00:00,,,26.000,0.000,26.000,149.430,148.430,123.430,25.000,UNK - Unknown,Unknown,Department of Water Resources,Voluntary,10,20,2004
Glenn_01.01.2003-06.21.2013.csv,Glenn,39.5772,-122.161,W001,2013-09-18 13:29:54,395772N1221610W001,20N03W23G002M,11/16/2004,00:00,,,24.600,0.000,24.600,149.430,148.430,124.830,23.600,UNK - Unknown,Unknown,Department of Water Resources,Voluntary,11,16,2004
Glenn_01.01.2003-06.21.2013.csv,Glenn,39.5772,-122.161,W001,2013-09-18 13:29:54,395772N1221610W001,20N03W23G002M,3/29/2005,00:00,,,17.800,0.000,17.800,149.430,148.430,131.630,16.800,UNK - Unknown,Unknown,Department of Water Resources,Voluntary,3,29,2005
Glenn_01.01.2003-06.21.2013.csv,Glenn,39.5772,-122.161,W001,2013-09-18 13:29:54,395772N1221610W001,20N03W23G002M,4/28/2005,00:00,,,19.200,0.000,19.200,149.430,148.430,130.230,18.200,UNK - Unknown,Unknown,Department of Water Resources,Voluntary,4,28,2005
Glenn_01.01.2003-06.21.2013.csv,Glenn,39.5772,-122.161,W001,2013-09-18 13:29:54,395772N1221610W001,20N03W23G002M,5/24/2005,00:00,1 - Pumping,,NULL,NULL,NULL,149.430,148.430,NULL,NULL,,,Department of Water Resources,Voluntary,5,24,2005
Glenn_01.01.2003-06.21.2013.csv,Glenn,39.5772,-122.161,W001,2013-09-18 13:29:54,395772N1221610W001,20N03W23G002M,6/21/2005,00:00,,,22.500,0.000,22.500,149.430,148.430,126.930,21.500,UNK - Unknown,Unknown,Department of Water Resources,Voluntary,6,21,2005
Glenn_01.01.2003-06.21.2013.csv,Glenn,39.5772,-122.161,W001,2013-09-18 13:29:54,395772N1221610W001,20N03W23G002M,7/26/2005,00:00,,,28.800,0.000,28.800,149.430,148.430,120.630,27.800,UNK - Unknown,Unknown,Department of Water Resources,Voluntary,7,26,2005
Glenn_01.01.2003-06.21.2013.csv,Glenn,39.5772,-122.161,W001,2013-09-18 13:29:54,395772N1221610W001,20N03W23G002M,8/24/2005,00:00,,,27.400,0.000,27.400,149.430,148.430,122.030,26.400,UNK - Unknown,Unknown,Department of Water Resources,Voluntary,8,24,2005
Glenn_01.01.2003-06.21.2013.csv,Glenn,39.5772,-122.161,W001,2013-09-18 13:29:54,395772N1221610W001,20N03W23G002M,9/28/2005,00:00,,,26.900,0.000,26.900,149.430,148.430,122.530,25.900,UNK - Unknown,Unknown,Department of Water Resources,Voluntary,9,28,2005
Glenn_01.01.2003-06.21.2013.csv,Glenn,39.5772,-122.161,W001,2013-09-18 13:29:54,395772N1221610W001,20N03W23G002M,10/19/2005,00:00,,,25.700,0.000,25.700,149.430,148.430,123.730,24.700,UNK - Unknown,Unknown,Department of Water Resources,Voluntary,10,19,2005
Glenn_01.01.2003-06.21.2013.csv,Glenn,39.5772,-122.161,W001,2013-09-18 13:29:54,395772N1221610W001,20N03W23G002M,3/27/2006,00:00,,,17.600,0.000,17.600,149.430,148.430,131.830,16.600,UNK - Unknown,Unknown,Department of Water Resources,Voluntary,3,27,2006
Glenn_01.01.2003-06.21.2013.csv,Glenn,39.5772,-122.161,W001,2013-09-18 13:29:54,395772N1221610W001,20N03W23G002M,5/17/2006,00:00,,,18.800,0.000,18.800,149.430,148.430,130.630,17.800,UNK - Unknown,Unknown,Department of Water Resources,Voluntary,5,17,2006
Glenn_01.01.2003-06.21.2013.csv,Glenn,39.5772,-122.161,W001,2013-09-18 13:29:54,395772N1221610W001,20N03W23G002M,8/2/2006,00:00,,,27.400,0.000,27.400,149.430,148.430,122.030,26.400,UNK - Unknown,Unknown,Department of Water Resources,Voluntary,8,2,2006
Glenn_01.01.2003-06.21.2013.csv,Glenn,39.5772,-122.161,W001,2013-09-18 13:29:54,395772N1221610W001,20N03W23G002M,10/12/2006,00:00,,,24.500,0.000,24.500,149.430,148.430,124.930,23.500,UNK - Unknown,Unknown,Department of Water Resources,Voluntary,10,12,2006
Glenn_01.01.2003-06.21.2013.csv,Glenn,39.5772,-122.161,W001,2013-09-18 13:29:54,395772N1221610W001,20N03W23G002M,3/22/2007,00:00,,,22.050,0.000,22.050,149.430,148.430,127.380,21.050,UNK - Unknown,Unknown,Department of Water Resources,Voluntary,3,22,2007
Glenn_01.01.2003-06.21.2013.csv,Glenn,39.5772,-122.161,W001,2013-09-18 13:29:54,395772N1221610W001,20N03W23G002M,8/6/2007,00:00,,,34.430,0.000,34.430,149.430,148.430,115.000,33.430,UNK - Unknown,Unknown,Department of Water Resources,Voluntary,8,6,2007
Glenn_01.01.2003-06.21.2013.csv,Glenn,39.5772,-122.161,W001,2013-09-18 13:29:54,395772N1221610W001,20N03W23G002M,10/16/2007,00:00,,,29.130,0.000,29.130,149.430,148.430,120.300,28.130,UNK - Unknown,Unknown,Department of Water Resources,Voluntary,10,16,2007
Glenn_01.01.2003-06.21.2013.csv,Glenn,39.5772,-122.161,W001,2013-09-18 13:29:54,395772N1221610W001,20N03W23G002M,3/10/2008,00:00,,,21.400,0.000,21.400,149.430,148.430,128.030,20.400,UNK - Unknown,Unknown,Department of Water Resources,Voluntary,3,10,2008
Glenn_01.01.2003-06.21.2013.csv,Glenn,39.5772,-122.161,W001,2013-09-18 13:29:54,395772N1221610W001,20N03W23G002M,8/6/2008,00:00,,,36.090,0.000,36.090,149.430,148.430,113.340,35.090,UNK - Unknown,Unknown,Department of Water Resources,Voluntary,8,6,2008
Glenn_01.01.2003-06.21.2013.csv,Glenn,39.5772,-122.161,W001,2013-09-18 13:29:54,395772N1221610W001,20N03W23G002M,10/20/2008,00:00,,,33.300,0.000,33.300,149.430,148.430,116.130,32.300,UNK - Unknown,Unknown,Department of Water Resources,Voluntary,10,20,2008
Glenn_01.01.2003-06.21.2013.csv,Glenn,39.5772,-122.161,W001,2013-09-18 13:29:54,395772N1221610W001,20N03W23G002M,1/14/2009,00:00,,,29.090,0.000,29.090,149.430,148.430,120.340,28.090,UNK - Unknown,Unknown,Department of Water Resources,Voluntary,1,14,2009
Glenn_01.01.2003-06.21.2013.csv,Glenn,39.5772,-122.161,W001,2013-09-18 13:29:54,395772N1221610W001,20N03W23G002M,3/25/2009,00:00,,,25.390,0.000,25.390,149.430,148.430,124.040,24.390,UNK - Unknown,Unknown,Department of Water Resources,Voluntary,3,25,2009
Glenn_01.01.2003-06.21.2013.csv,Glenn,39.5772,-122.161,W001,2013-09-18 13:29:54,395772N1221610W001,20N03W23G002M,5/13/2009,00:00,,,32.640,0.000,32.640,149.430,148.430,116.790,31.640,UNK - Unknown,Unknown,Department of Water Resources,Voluntary,5,13,2009
Glenn_01.01.2003-06.21.2013.csv,Glenn,39.5772,-122.161,W001,2013-09-18 13:29:54,395772N1221610W001,20N03W23G002M,6/25/2009,00:00,,,35.770,0.000,35.770,149.430,148.430,113.660,34.770,UNK - Unknown,Unknown,Department of Water Resources,Voluntary,6,25,2009
Glenn_01.01.2003-06.21.2013.csv,Glenn,39.5772,-122.161,W001,2013-09-18 13:29:54,395772N1221610W001,20N03W23G002M,8/6/2009,00:00,1 - Pumping,,NULL,NULL,NULL,149.430,148.430,NULL,NULL,,,Department of Water Resources,Voluntary,8,6,2009
Glenn_01.01.2003-06.21.2013.csv,Glenn,39.5772,-122.161,W001,2013-09-18 13:29:54,395772N1221610W001,20N03W23G002M,9/14/2009,00:00,,,36.850,0.000,36.850,149.430,148.430,112.580,35.850,UNK - Unknown,Unknown,Department of Water Resources,Voluntary,9,14,2009
Glenn_01.01.2003-06.21.2013.csv,Glenn,39.5772,-122.161,W001,2013-09-18 13:29:54,395772N1221610W001,20N03W23G002M,10/21/2009,00:00,,,33.040,0.000,33.040,149.430,148.430,116.390,32.040,UNK - Unknown,Unknown,Department of Water Resources,Voluntary,10,21,2009
Glenn_01.01.2003-06.21.2013.csv,Glenn,39.5772,-122.161,W001,2013-09-18 13:29:54,395772N1221610W001,20N03W23G002M,3/23/2010,00:00,,,23.830,0.000,23.830,149.430,148.430,125.600,22.830,UNK - Unknown,Unknown,Department of Water Resources,Voluntary,3,23,2010
Glenn_01.01.2003-06.21.2013.csv,Glenn,39.5772,-122.161,W001,2013-09-18 13:29:54,395772N1221610W001,20N03W23G002M,8/3/2010,00:00,,,37.230,0.000,37.230,149.430,148.430,112.200,36.230,UNK - Unknown,Unknown,Department of Water Resources,Voluntary,8,3,2010
Glenn_01.01.2003-06.21.2013.csv,Glenn,39.5772,-122.161,W001,2013-09-18 13:29:54,395772N1221610W001,20N03W23G002M,10/19/2010,00:00,,,31.390,0.000,31.390,149.430,148.430,118.040,30.390,UNK - Unknown,Unknown,Department of Water Resources,Voluntary,10,19,2010
Glenn_01.01.2003-06.21.2013.csv,Glenn,39.5772,-122.161,W001,2013-09-18 13:29:54,395772N1221610W001,20N03W23G002M,4/4/2011,00:00,,,23.830,0.000,23.830,149.430,148.430,125.600,22.830,UNK - Unknown,Unknown,Department of Water Resources,Voluntary,4,4,2011
Glenn_01.01.2003-06.21.2013.csv,Glenn,39.5772,-122.161,W001,2013-09-18 13:29:54,395772N1221610W001,20N03W23G002M,8/2/2011,00:00,,,35.930,0.000,35.930,149.430,148.430,113.500,34.930,UNK - Unknown,Unknown,Department of Water Resources,Voluntary,8,2,2011
Glenn_01.01.2003-06.21.2013.csv,Glenn,39.5772,-122.161,W001,2013-09-18 13:29:54,395772N1221610W001,20N03W23G002M,10/11/2011,00:00,,,31.450,0.000,31.450,149.430,148.430,117.980,30.450,UNK - Unknown,Unknown,Department of Water Resources,Voluntary,10,11,2011
Glenn_01.01.2003-06.21.2013.csv,Glenn,39.5772,-122.161,W001,2013-09-18 13:29:54,395772N1221610W001,20N03W23G002M,3/18/2013,00:00,,,27.450,0.000,27.450,149.430,148.430,121.980,26.450,ES - Electric sounder measurement,0.01 Ft,Department of Water Resources,Voluntary,3,18,2013
Glenn_01.01.2003-06.21.2013.csv,Glenn,39.5822,-122.2397,W001,2013-09-18 13:29:54,395822N1222397W001,,10/15/2012,00:00,,,8.600,0.000,8.600,162.460,161.960,153.860,8.100,ES - Electric sounder measurement,0.1 Ft,Bureau of Reclamation,Voluntary,10,15,2012
Glenn_01.01.2003-06.21.2013.csv,Glenn,39.5822,-122.2397,W001,2013-09-18 13:29:54,395822N1222397W001,,4/15/2013,00:00,9 - Temporarily inaccessible,,NULL,NULL,NULL,162.460,161.960,NULL,NULL,,,Bureau of Reclamation,Voluntary,Gate locked4,15,2013
Glenn_01.01.2003-06.21.2013.csv,Glenn,39.5822,-122.2397,W001,2013-09-18 13:29:54,395822N1222397W001,,4/7/2003,00:00,,,4.200,0.000,4.200,162.460,161.960,158.260,3.700,UNK - Unknown,Unknown,Bureau of Reclamation,Voluntary,4,7,2003
Glenn_01.01.2003-06.21.2013.csv,Glenn,39.5822,-122.2397,W001,2013-09-18 13:29:54,395822N1222397W001,,10/14/2003,00:00,,,5.100,0.000,5.100,162.460,161.960,157.360,4.600,UNK - Unknown,Unknown,Bureau of Reclamation,Voluntary,10,14,2003
Glenn_01.01.2003-06.21.2013.csv,Glenn,39.5822,-122.2397,W001,2013-09-18 13:29:54,395822N1222397W001,,4/1/2004,00:00,,,4.800,0.000,4.800,162.460,161.960,157.660,4.300,UNK - Unknown,Unknown,Bureau of Reclamation,Voluntary,4,1,2004
Glenn_01.01.2003-06.21.2013.csv,Glenn,39.5822,-122.2397,W001,2013-09-18 13:29:54,395822N1222397W001,,11/5/2004,00:00,,,6.900,0.000,6.900,162.460,161.960,155.560,6.400,UNK - Unknown,Unknown,Bureau of Reclamation,Voluntary,11,5,2004
Glenn_01.01.2003-06.21.2013.csv,Glenn,39.5822,-122.2397,W001,2013-09-18 13:29:54,395822N1222397W001,,4/14/2005,00:00,,,5.100,0.000,5.100,162.460,161.960,157.360,4.600,UNK - Unknown,Unknown,Bureau of Reclamation,Voluntary,4,14,2005
Glenn_01.01.2003-06.21.2013.csv,Glenn,39.5822,-122.2397,W001,2013-09-18 13:29:54,395822N1222397W001,,10/18/2005,00:00,,,6.100,0.000,6.100,162.460,161.960,156.360,5.600,UNK - Unknown,Unknown,Bureau of Reclamation,Voluntary,10,18,2005
Glenn_01.01.2003-06.21.2013.csv,Glenn,39.5822,-122.2397,W001,2013-09-18 13:29:54,395822N1222397W001,,3/30/2006,00:00,9 - Temporarily inaccessible,,NULL,NULL,NULL,162.460,161.960,NULL,NULL,,,Bureau of Reclamation,Voluntary,ROAD TOO MUDDY3,30,2006
Glenn_01.01.2003-06.21.2013.csv,Glenn,39.5822,-122.2397,W001,2013-09-18 13:29:54,395822N1222397W001,,3/28/2007,00:00,,,6.400,0.000,6.400,162.460,161.960,156.060,5.900,UNK - Unknown,Unknown,Bureau of Reclamation,Voluntary,3,28,2007
Glenn_01.01.2003-06.21.2013.csv,Glenn,39.5822,-122.2397,W001,2013-09-18 13:29:54,395822N1222397W001,,10/17/2006,00:00,,,6.200,0.000,6.200,162.460,161.960,156.260,5.700,UNK - Unknown,Unknown,Bureau of Reclamation,Voluntary,10,17,2006
Glenn_01.01.2003-06.21.2013.csv,Glenn,39.5822,-122.2397,W001,2013-09-18 13:29:54,395822N1222397W001,,10/23/2007,00:00,,,7.400,0.000,7.400,162.460,161.960,155.060,6.900,UNK - Unknown,Unknown,Bureau of Reclamation,Voluntary,10,23,2007
Glenn_01.01.2003-06.21.2013.csv,Glenn,39.5822,-122.2397,W001,2013-09-18 13:29:54,395822N1222397W001,,3/14/2008,00:00,9 - Temporarily inaccessible,,NULL,NULL,NULL,162.460,161.960,NULL,NULL,,,Bureau of Reclamation,Voluntary,FLOODING FIELD3,14,2008
Glenn_01.01.2003-06.21.2013.csv,Glenn,39.5822,-122.2397,W001,2013-09-18 13:29:54,395822N1222397W001,,9/30/2008,00:00,9 - Temporarily inaccessible,,NULL,NULL,NULL,162.460,161.960,NULL,NULL,,,Bureau of Reclamation,Voluntary,ROAD PLOWED UP9,30,2008
Glenn_01.01.2003-06.21.2013.csv,Glenn,39.5822,-122.2397,W001,2013-09-18 13:29:54,395822N1222397W001,,3/23/2009,00:00,,,5.700,0.000,5.700,162.460,161.960,156.760,5.200,UNK - Unknown,Unknown,Bureau of Reclamation,Voluntary,3,23,2009
Glenn_01.01.2003-06.21.2013.csv,Glenn,39.5822,-122.2397,W001,2013-09-18 13:29:54,395822N1222397W001,,10/20/2009,00:00,9 - Temporarily inaccessible,,NULL,NULL,NULL,162.460,161.960,NULL,NULL,,,Bureau of Reclamation,Voluntary,FIELD FLOODED10,20,2009
Glenn_01.01.2003-06.21.2013.csv,Glenn,39.5822,-122.2397,W001,2013-09-18 13:29:54,395822N1222397W001,,4/8/2010,00:00,,,6.500,0.000,6.500,162.460,161.960,155.960,6.000,UNK - Unknown,Unknown,Bureau of Reclamation,Voluntary,4,8,2010
Glenn_01.01.2003-06.21.2013.csv,Glenn,39.5822,-122.2397,W001,2013-09-18 13:29:54,395822N1222397W001,,10/18/2010,00:00,,,7.400,0.000,7.400,162.460,161.960,155.060,6.900,UNK - Unknown,Unknown,Bureau of Reclamation,Voluntary,10,18,2010
Glenn_01.01.2003-06.21.2013.csv,Glenn,39.5822,-122.2397,W001,2013-09-18 13:29:54,395822N1222397W001,,4/4/2011,00:00,,,4.500,0.000,4.500,162.460,161.960,157.960,4.000,UNK - Unknown,Unknown,Bureau of Reclamation,Voluntary,4,4,2011
Glenn_01.01.2003-06.21.2013.csv,Glenn,39.5822,-122.2397,W001,2013-09-18 13:29:54,395822N1222397W001,,10/11/2011,00:00,,,7.100,0.000,7.100,162.460,161.960,155.360,6.600,UNK - Unknown,Unknown,Bureau of Reclamation,Voluntary,10,11,2011
Glenn_01.01.2003-06.21.2013.csv,Glenn,39.5822,-122.2397,W001,2013-09-18 13:29:54,395822N1222397W001,,3/26/2012,00:00,9 - Temporarily inaccessible,,NULL,NULL,NULL,162.460,161.960,NULL,NULL,,,Bureau of Reclamation,Voluntary,3,26,2012
Glenn_01.01.2003-06.21.2013.csv,Glenn,39.5828,-122.194,W001,2013-09-18 13:29:54,395828N1221940W001,,10/15/2012,00:00,,,25.000,2.800,22.200,147.440,146.440,125.240,21.200,ST - Steel tape measurement,0.1 Ft,Bureau of Reclamation,Voluntary,10,15,2012
Glenn_01.01.2003-06.21.2013.csv,Glenn,39.5828,-122.194,W001,2013-09-18 13:29:54,395828N1221940W001,,4/15/2013,00:00,,,23.000,1.300,21.700,147.440,146.440,125.740,20.700,ST - Steel tape measurement,0.1 Ft,Bureau of Reclamation,Voluntary,4,15,2013
Glenn_01.01.2003-06.21.2013.csv,Glenn,39.5848,-122.2254,W001,2013-09-18 13:29:54,395848N1222254W001,20N03W17P001M,10/11/2011,00:00,,,30.300,0.000,30.300,156.950,155.450,126.650,28.800,ST - Steel tape measurement,0.1 Ft,Department of Water Resources,Voluntary,10,11,2011
Glenn_01.01.2003-06.21.2013.csv,Glenn,39.5848,-122.2254,W001,2013-09-18 13:29:54,395848N1222254W001,20N03W17P001M,3/28/2012,00:00,,,24.000,3.200,20.800,156.950,155.450,136.150,19.300,ST - Steel tape measurement,0.1 Ft,Department of Water Resources,Voluntary,3,28,2012
Glenn_01.01.2003-06.21.2013.csv,Glenn,39.5848,-122.2254,W001,2013-09-18 13:29:54,395848N1222254W001,20N03W17P001M,7/31/2012,00:00,,,75.000,16.200,58.800,156.950,155.450,98.150,57.300,ST - Steel tape measurement,0.1 Ft,Department of Water Resources,Voluntary,7,31,2012
Glenn_01.01.2003-06.21.2013.csv,Glenn,39.5848,-122.2254,W001,2013-09-18 13:29:54,395848N1222254W001,20N03W17P001M,10/16/2012,00:00,,,35.000,6.600,28.400,156.950,155.450,128.550,26.900,ST - Steel tape measurement,0.1 Ft,Department of Water Resources,Voluntary,10,16,2012
Glenn_01.01.2003-06.21.2013.csv,Glenn,39.5848,-122.2254,W001,2013-09-18 13:29:54,395848N1222254W001,20N03W17P001M,3/18/2013,00:00,,,35.000,2.000,33.000,156.950,155.450,123.950,31.500,ST - Steel tape measurement,0.1 Ft,Department of Water Resources,Voluntary,3,18,2013
Glenn_01.01.2003-06.21.2013.csv,Glenn,39.5855,-122.117,W001,2013-09-18 13:29:54,395855N1221170W001,20N02W18R005M,10/11/2011,00:00,,,41.860,0.000,41.860,132.450,131.350,90.590,40.760,ES - Electric sounder measurement,0.01 Ft,Department of Water Resources,CASGEM,10,11,2011
Glenn_01.01.2003-06.21.2013.csv,Glenn,39.5855,-122.117,W001,2013-09-18 13:29:54,395855N1221170W001,20N02W18R005M,3/28/2012,00:00,,,38.900,0.000,38.900,132.450,131.350,93.550,37.800,ES - Electric sounder measurement,0.01 Ft,Department of Water Resources,CASGEM,3,28,2012
Glenn_01.01.2003-06.21.2013.csv,Glenn,39.5855,-122.117,W001,2013-09-18 13:29:54,395855N1221170W001,20N02W18R005M,7/31/2012,00:00,,,41.370,0.000,41.370,132.450,131.350,91.080,40.270,ES - Electric sounder measurement,0.01 Ft,Department of Water Resources,CASGEM,7,31,2012
Glenn_01.01.2003-06.21.2013.csv,Glenn,39.5855,-122.117,W001,2013-09-18 13:29:54,395855N1221170W001,20N02W18R005M,10/16/2012,00:00,,,44.890,0.000,44.890,132.450,131.350,87.560,43.790,ES - Electric sounder measurement,0.01 Ft,Department of Water Resources,CASGEM,10,16,2012
Glenn_01.01.2003-06.21.2013.csv,Glenn,39.5855,-122.117,W001,2013-09-18 13:29:54,395855N1221170W001,20N02W18R005M,3/18/2013,00:00,,,41.060,0.000,41.060,132.450,131.350,91.390,39.960,ES - Electric sounder measurement,0.01 Ft,Department of Water Resources,CASGEM,3,18,2013
Glenn_01.01.2003-06.21.2013.csv,Glenn,39.5855,-122.117,W001,2013-09-18 13:29:54,395855N1221170W001,20N02W18R005M,2/18/2003,00:00,,,19.100,0.000,19.100,132.450,131.350,113.350,18.000,UNK - Unknown,Unknown,Department of Water Resources,Voluntary,2,18,2003
Glenn_01.01.2003-06.21.2013.csv,Glenn,39.5855,-122.117,W001,2013-09-18 13:29:54,395855N1221170W001,20N02W18R005M,3/13/2003,00:00,,,18.500,0.000,18.500,132.450,131.350,113.950,17.400,UNK - Unknown,Unknown,Department of Water Resources,Voluntary,3,13,2003
Glenn_01.01.2003-06.21.2013.csv,Glenn,39.5855,-122.117,W001,2013-09-18 13:29:54,395855N1221170W001,20N02W18R005M,4/9/2003,00:00,,,17.500,0.000,17.500,132.450,131.350,114.950,16.400,UNK - Unknown,Unknown,Department of Water Resources,Voluntary,4,9,2003
Glenn_01.01.2003-06.21.2013.csv,Glenn,39.5855,-122.117,W001,2013-09-18 13:29:54,395855N1221170W001,20N02W18R005M,5/28/2003,00:00,,,15.000,0.000,15.000,132.450,131.350,117.450,13.900,UNK - Unknown,Unknown,Department of Water Resources,Voluntary,5,28,2003
Glenn_01.01.2003-06.21.2013.csv,Glenn,39.5855,-122.117,W001,2013-09-18 13:29:54,395855N1221170W001,20N02W18R005M,6/19/2003,00:00,,,13.500,0.000,13.500,132.450,131.350,118.950,12.400,UNK - Unknown,Unknown,Department of Water Resources,Voluntary,6,19,2003
Glenn_01.01.2003-06.21.2013.csv,Glenn,39.5855,-122.117,W001,2013-09-18 13:29:54,395855N1221170W001,20N02W18R005M,7/30/2003,00:00,,,15.900,0.000,15.900,132.450,131.350,116.550,14.800,UNK - Unknown,Unknown,Department of Water Resources,Voluntary,7,30,2003
Glenn_01.01.2003-06.21.2013.csv,Glenn,39.5855,-122.117,W001,2013-09-18 13:29:54,395855N1221170W001,20N02W18R005M,8/26/2003,00:00,,,20.100,0.000,20.100,132.450,131.350,112.350,19.000,UNK - Unknown,Unknown,Department of Water Resources,Voluntary,8,26,2003
Glenn_01.01.2003-06.21.2013.csv,Glenn,39.5855,-122.117,W001,2013-09-18 13:29:54,395855N1221170W001,20N02W18R005M,9/22/2003,00:00,,,20.600,0.000,20.600,132.450,131.350,111.850,19.500,UNK - Unknown,Unknown,Department of Water Resources,Voluntary,9,22,2003
Glenn_01.01.2003-06.21.2013.csv,Glenn,39.5855,-122.117,W001,2013-09-18 13:29:54,395855N1221170W001,20N02W18R005M,10/17/2003,00:00,,,20.600,0.000,20.600,132.450,131.350,111.850,19.500,UNK - Unknown,Unknown,Department of Water Resources,Voluntary,10,17,2003
Glenn_01.01.2003-06.21.2013.csv,Glenn,39.5855,-122.117,W001,2013-09-18 13:29:54,395855N1221170W001,20N02W18R005M,11/21/2003,00:00,,,20.100,0.000,20.100,132.450,131.350,112.350,19.000,UNK - Unknown,Unknown,Department of Water Resources,Voluntary,11,21,2003
Glenn_01.01.2003-06.21.2013.csv,Glenn,39.5855,-122.117,W001,2013-09-18 13:29:54,395855N1221170W001,20N02W18R005M,12/9/2003,00:00,,,19.700,0.000,19.700,132.450,131.350,112.750,18.600,UNK - Unknown,Unknown,Department of Water Resources,Voluntary,12,9,2003
Glenn_01.01.2003-06.21.2013.csv,Glenn,39.5855,-122.117,W001,2013-09-18 13:29:54,395855N1221170W001,20N02W18R005M,4/1/2004,00:00,,,14.100,0.000,14.100,132.450,131.350,118.350,13.000,UNK - Unknown,Unknown,Department of Water Resources,Voluntary,4,1,2004
Glenn_01.01.2003-06.21.2013.csv,Glenn,39.5855,-122.117,W001,2013-09-18 13:29:54,395855N1221170W001,20N02W18R005M,4/29/2004,00:00,,,12.100,0.000,12.100,132.450,131.350,120.350,11.000,UNK - Unknown,Unknown,Department of Water Resources,Voluntary,4,29,2004
Glenn_01.01.2003-06.21.2013.csv,Glenn,39.5855,-122.117,W001,2013-09-18 13:29:54,395855N1221170W001,20N02W18R005M,5/24/2004,00:00,,,11.800,0.000,11.800,132.450,131.350,120.650,10.700,UNK - Unknown,Unknown,Department of Water Resources,Voluntary,5,24,2004
Glenn_01.01.2003-06.21.2013.csv,Glenn,39.5855,-122.117,W001,2013-09-18 13:29:54,395855N1221170W001,20N02W18R005M,2/11/2004,00:00,,,18.000,0.000,18.000,132.450,131.350,114.450,16.900,UNK - Unknown,Unknown,Department of Water Resources,Voluntary,2,11,2004
Glenn_01.01.2003-06.21.2013.csv,Glenn,39.5855,-122.117,W001,2013-09-18 13:29:54,395855N1221170W001,20N02W18R005M,7/28/2004,00:00,,,18.400,0.000,18.400,132.450,131.350,114.050,17.300,UNK - Unknown,Unknown,Department of Water Resources,Voluntary,7,28,2004
Glenn_01.01.2003-06.21.2013.csv,Glenn,39.5855,-122.117,W001,2013-09-18 13:29:54,395855N1221170W001,20N02W18R005M,6/24/2004,00:00,,,13.300,0.000,13.300,132.450,131.350,119.150,12.200,UNK - Unknown,Unknown,Department of Water Resources,Voluntary,6,24,2004
Glenn_01.01.2003-06.21.2013.csv,Glenn,39.5855,-122.117,W001,2013-09-18 13:29:54,395855N1221170W001,20N02W18R005M,8/23/2004,00:00,,,22.500,0.000,22.500,132.450,131.350,109.950,21.400,UNK - Unknown,Unknown,Department of Water Resources,Voluntary,8,23,2004
Glenn_01.01.2003-06.21.2013.csv,Glenn,39.5855,-122.117,W001,2013-09-18 13:29:54,395855N1221170W001,20N02W18R005M,9/21/2004,00:00,,,23.100,0.000,23.100,132.450,131.350,109.350,22.000,UNK - Unknown,Unknown,Department of Water Resources,Voluntary,9,21,2004
Glenn_01.01.2003-06.21.2013.csv,Glenn,39.5855,-122.117,W001,2013-09-18 13:29:54,395855N1221170W001,20N02W18R005M,10/20/2004,00:00,,,22.700,0.000,22.700,132.450,131.350,109.750,21.600,UNK - Unknown,Unknown,Department of Water Resources,Voluntary,10,20,2004
Glenn_01.01.2003-06.21.2013.csv,Glenn,39.5855,-122.117,W001,2013-09-18 13:29:54,395855N1221170W001,20N02W18R005M,11/22/2004,00:00,,,21.900,0.000,21.900,132.450,131.350,110.550,20.800,UNK - Unknown,Unknown,Department of Water Resources,Voluntary,11,22,2004
Glenn_01.01.2003-06.21.2013.csv,Glenn,39.5855,-122.117,W001,2013-09-18 13:29:54,395855N1221170W001,20N02W18R005M,3/30/2005,00:00,,,18.100,0.000,18.100,132.450,131.350,114.350,17.000,UNK - Unknown,Unknown,Department of Water Resources,Voluntary,3,30,2005
Glenn_01.01.2003-06.21.2013.csv,Glenn,39.5855,-122.117,W001,2013-09-18 13:29:54,395855N1221170W001,20N02W18R005M,4/29/2005,00:00,,,17.300,0.000,17.300,132.450,131.350,115.150,16.200,UNK - Unknown,Unknown,Department of Water Resources,Voluntary,4,29,2005
Glenn_01.01.2003-06.21.2013.csv,Glenn,39.5855,-122.117,W001,2013-09-18 13:29:54,395855N1221170W001,20N02W18R005M,5/25/2005,00:00,,,11.100,0.000,11.100,132.450,131.350,121.350,10.000,UNK - Unknown,Unknown,Department of Water Resources,Voluntary,5,25,2005
Glenn_01.01.2003-06.21.2013.csv,Glenn,39.5855,-122.117,W001,2013-09-18 13:29:54,395855N1221170W001,20N02W18R005M,6/22/2005,00:00,,,13.200,0.000,13.200,132.450,131.350,119.250,12.100,UNK - Unknown,Unknown,Department of Water Resources,Voluntary,6,22,2005
Glenn_01.01.2003-06.21.2013.csv,Glenn,39.5855,-122.117,W001,2013-09-18 13:29:54,395855N1221170W001,20N02W18R005M,7/27/2005,00:00,,,15.700,0.000,15.700,132.450,131.350,116.750,14.600,UNK - Unknown,Unknown,Department of Water Resources,Voluntary,7,27,2005
Glenn_01.01.2003-06.21.2013.csv,Glenn,39.5855,-122.117,W001,2013-09-18 13:29:54,395855N1221170W001,20N02W18R005M,8/24/2005,00:00,,,16.900,0.000,16.900,132.450,131.350,115.550,15.800,UNK - Unknown,Unknown,Department of Water Resources,Voluntary,8,24,2005
Glenn_01.01.2003-06.21.2013.csv,Glenn,39.5855,-122.117,W001,2013-09-18 13:29:54,395855N1221170W001,20N02W18R005M,9/28/2005,00:00,,,15.000,0.000,15.000,132.450,131.350,117.450,13.900,UNK - Unknown,Unknown,Department of Water Resources,Voluntary,9,28,2005
Glenn_01.01.2003-06.21.2013.csv,Glenn,39.5855,-122.117,W001,2013-09-18 13:29:54,395855N1221170W001,20N02W18R005M,10/19/2005,00:00,,,13.400,0.000,13.400,132.450,131.350,119.050,12.300,UNK - Unknown,Unknown,Department of Water Resources,Voluntary,10,19,2005
Glenn_01.01.2003-06.21.2013.csv,Glenn,39.5855,-122.117,W001,2013-09-18 13:29:54,395855N1221170W001,20N02W18R005M,3/27/2006,00:00,,,6.300,0.000,6.300,132.450,131.350,126.150,5.200,UNK - Unknown,Unknown,Department of Water Resources,Voluntary,3,27,2006
Glenn_01.01.2003-06.21.2013.csv,Glenn,39.5855,-122.117,W001,2013-09-18 13:29:54,395855N1221170W001,20N02W18R005M,5/17/2006,00:00,,,6.300,0.000,6.300,132.450,131.350,126.150,5.200,UNK - Unknown,Unknown,Department of Water Resources,Voluntary,5,17,2006
Glenn_01.01.2003-06.21.2013.csv,Glenn,39.5855,-122.117,W001,2013-09-18 13:29:54,395855N1221170W001,20N02W18R005M,8/2/2006,00:00,,,8.100,0.000,8.100,132.450,131.350,124.350,7.000,UNK - Unknown,Unknown,Department of Water Resources,Voluntary,8,2,2006
Glenn_01.01.2003-06.21.2013.csv,Glenn,39.5855,-122.117,W001,2013-09-18 13:29:54,395855N1221170W001,20N02W18R005M,10/12/2006,00:00,,,9.200,0.000,9.200,132.450,131.350,123.250,8.100,UNK - Unknown,Unknown,Department of Water Resources,Voluntary,10,12,2006
Glenn_01.01.2003-06.21.2013.csv,Glenn,39.5855,-122.117,W001,2013-09-18 13:29:54,395855N1221170W001,20N02W18R005M,3/22/2007,00:00,,,8.290,0.000,8.290,132.450,131.350,124.160,7.190,UNK - Unknown,Unknown,Department of Water Resources,Voluntary,3,22,2007
Glenn_01.01.2003-06.21.2013.csv,Glenn,39.5855,-122.117,W001,2013-09-18 13:29:54,395855N1221170W001,20N02W18R005M,8/8/2007,00:00,,,10.780,0.000,10.780,132.450,131.350,121.670,9.680,UNK - Unknown,Unknown,Department of Water Resources,Voluntary,8,8,2007
Glenn_01.01.2003-06.21.2013.csv,Glenn,39.5855,-122.117,W001,2013-09-18 13:29:54,395855N1221170W001,20N02W18R005M,10/16/2007,00:00,,,24.750,0.000,24.750,132.450,131.350,107.700,23.650,UNK - Unknown,Unknown,Department of Water Resources,Voluntary,10,16,2007
Glenn_01.01.2003-06.21.2013.csv,Glenn,39.5855,-122.117,W001,2013-09-18 13:29:54,395855N1221170W001,20N02W18R005M,1/18/2008,00:00,,,25.310,0.000,25.310,132.450,131.350,107.140,24.210,UNK - Unknown,Unknown,Department of Water Resources,Voluntary,1,18,2008
Glenn_01.01.2003-06.21.2013.csv,Glenn,39.5855,-122.117,W001,2013-09-18 13:29:54,395855N1221170W001,20N02W18R005M,3/13/2008,00:00,,,26.380,0.000,26.380,132.450,131.350,106.070,25.280,UNK - Unknown,Unknown,Department of Water Resources,Voluntary,3,13,2008
Glenn_01.01.2003-06.21.2013.csv,Glenn,39.5855,-122.117,W001,2013-09-18 13:29:54,395855N1221170W001,20N02W18R005M,7/3/2008,00:00,,,29.230,0.000,29.230,132.450,131.350,103.220,28.130,UNK - Unknown,Unknown,Department of Water Resources,Voluntary,7,3,2008
Glenn_01.01.2003-06.21.2013.csv,Glenn,39.5855,-122.117,W001,2013-09-18 13:29:54,395855N1221170W001,20N02W18R005M,7/16/2008,00:00,,,30.250,0.000,30.250,132.450,131.350,102.200,29.150,UNK - Unknown,Unknown,Department of Water Resources,Voluntary,7,16,2008
Glenn_01.01.2003-06.21.2013.csv,Glenn,39.5855,-122.117,W001,2013-09-18 13:29:54,395855N1221170W001,20N02W18R005M,7/22/2008,00:00,,,30.960,0.000,30.960,132.450,131.350,101.490,29.860,UNK - Unknown,Unknown,Department of Water Resources,Voluntary,7,22,2008
Glenn_01.01.2003-06.21.2013.csv,Glenn,39.5855,-122.117,W001,2013-09-18 13:29:54,395855N1221170W001,20N02W18R005M,8/5/2008,00:00,,,32.500,0.000,32.500,132.450,131.350,99.950,31.400,UNK - Unknown,Unknown,Department of Water Resources,Voluntary,8,5,2008
Glenn_01.01.2003-06.21.2013.csv,Glenn,39.5855,-122.117,W001,2013-09-18 13:29:54,395855N1221170W001,20N02W18R005M,10/20/2008,00:00,,,37.270,0.000,37.270,132.450,131.350,95.180,36.170,UNK - Unknown,Unknown,Department of Water Resources,Voluntary,10,20,2008
Glenn_01.01.2003-06.21.2013.csv,Glenn,39.5855,-122.117,W001,2013-09-18 13:29:54,395855N1221170W001,20N02W18R005M,5/7/2007,00:00,,,8.000,0.000,8.000,132.450,131.350,124.450,6.900,UNK - Unknown,Unknown,Department of Water Resources,Voluntary,5,7,2007
Glenn_01.01.2003-06.21.2013.csv,Glenn,39.5855,-122.117,W001,2013-09-18 13:29:54,395855N1221170W001,20N02W18R005M,1/14/2009,00:00,,,36.280,0.000,36.280,132.450,131.350,96.170,35.180,UNK - Unknown,Unknown,Department of Water Resources,Voluntary,1,14,2009
Glenn_01.01.2003-06.21.2013.csv,Glenn,39.5855,-122.117,W001,2013-09-18 13:29:54,395855N1221170W001,20N02W18R005M,3/25/2009,00:00,,,33.570,0.000,33.570,132.450,131.350,98.880,32.470,UNK - Unknown,Unknown,Department of Water Resources,Voluntary,3,25,2009
Glenn_01.01.2003-06.21.2013.csv,Glenn,39.5855,-122.117,W001,2013-09-18 13:29:54,395855N1221170W001,20N02W18R005M,5/13/2009,00:00,,,33.330,0.000,33.330,132.450,131.350,99.120,32.230,UNK - Unknown,Unknown,Department of Water Resources,Voluntary,5,13,2009
Glenn_01.01.2003-06.21.2013.csv,Glenn,39.5855,-122.117,W001,2013-09-18 13:29:54,395855N1221170W001,20N02W18R005M,6/25/2009,00:00,,,35.030,0.000,35.030,132.450,131.350,97.420,33.930,UNK - Unknown,Unknown,Department of Water Resources,Voluntary,6,25,2009
Glenn_01.01.2003-06.21.2013.csv,Glenn,39.5855,-122.117,W001,2013-09-18 13:29:54,395855N1221170W001,20N02W18R005M,8/6/2009,00:00,,,38.500,0.000,38.500,132.450,131.350,93.950,37.400,UNK - Unknown,Unknown,Department of Water Resources,Voluntary,8,6,2009
Glenn_01.01.2003-06.21.2013.csv,Glenn,39.5855,-122.117,W001,2013-09-18 13:29:54,395855N1221170W001,20N02W18R005M,9/15/2009,00:00,,,41.370,0.000,41.370,132.450,131.350,91.080,40.270,UNK - Unknown,Unknown,Department of Water Resources,Voluntary,9,15,2009
Glenn_01.01.2003-06.21.2013.csv,Glenn,39.5855,-122.117,W001,2013-09-18 13:29:54,395855N1221170W001,20N02W18R005M,10/22/2009,00:00,,,42.720,0.000,42.720,132.450,131.350,89.730,41.620,UNK - Unknown,Unknown,Department of Water Resources,Voluntary,10,22,2009
Glenn_01.01.2003-06.21.2013.csv,Glenn,39.5855,-122.117,W001,2013-09-18 13:29:54,395855N1221170W001,20N02W18R005M,3/26/2010,00:00,,,37.560,0.000,37.560,132.450,131.350,94.890,36.460,UNK - Unknown,Unknown,Department of Water Resources,Voluntary,3,26,2010
Glenn_01.01.2003-06.21.2013.csv,Glenn,39.5855,-122.117,W001,2013-09-18 13:29:54,395855N1221170W001,20N02W18R005M,8/3/2010,00:00,,,38.770,0.000,38.770,132.450,131.350,93.680,37.670,UNK - Unknown,Unknown,Department of Water Resources,Voluntary,8,3,2010
Glenn_01.01.2003-06.21.2013.csv,Glenn,39.5855,-122.117,W001,2013-09-18 13:29:54,395855N1221170W001,20N02W18R005M,10/19/2010,00:00,,,41.310,0.000,41.310,132.450,131.350,91.140,40.210,UNK - Unknown,Unknown,Department of Water Resources,Voluntary,10,19,2010
Glenn_01.01.2003-06.21.2013.csv,Glenn,39.5855,-122.117,W001,2013-09-18 13:29:54,395855N1221170W001,20N02W18R005M,4/4/2011,00:00,,,36.400,0.000,36.400,132.450,131.350,96.050,35.300,UNK - Unknown,Unknown,Department of Water Resources,Voluntary,4,4,2011
Glenn_01.01.2003-06.21.2013.csv,Glenn,39.5855,-122.117,W001,2013-09-18 13:29:54,395855N1221170W001,20N02W18R005M,8/2/2011,00:00,,,38.060,0.000,38.060,132.450,131.350,94.390,36.960,UNK - Unknown,Unknown,Department of Water Resources,Voluntary,8,2,2011
Glenn_01.01.2003-06.21.2013.csv,Glenn,39.5855,-122.117,W002,2013-09-18 13:29:54,395855N1221170W002,20N02W18R006M,10/11/2011,00:00,,,39.060,0.000,39.060,132.983,131.383,93.923,37.460,ES - Electric sounder measurement,0.01 Ft,Department of Water Resources,CASGEM,10,11,2011
Glenn_01.01.2003-06.21.2013.csv,Glenn,39.5855,-122.117,W002,2013-09-18 13:29:54,395855N1221170W002,20N02W18R006M,3/28/2012,00:00,,,31.590,0.000,31.590,132.983,131.383,101.393,29.990,ES - Electric sounder measurement,0.01 Ft,Department of Water Resources,CASGEM,3,28,2012
Glenn_01.01.2003-06.21.2013.csv,Glenn,39.5855,-122.117,W002,2013-09-18 13:29:54,395855N1221170W002,20N02W18R006M,7/31/2012,00:00,,,36.210,0.000,36.210,132.983,131.383,96.773,34.610,ES - Electric sounder measurement,0.01 Ft,Department of Water Resources,CASGEM,7,31,2012
Glenn_01.01.2003-06.21.2013.csv,Glenn,39.5855,-122.117,W002,2013-09-18 13:29:54,395855N1221170W002,20N02W18R006M,10/16/2012,00:00,,,44.480,0.000,44.480,132.983,131.383,88.503,42.880,ES - Electric sounder measurement,0.01 Ft,Department of Water Resources,CASGEM,10,16,2012
Glenn_01.01.2003-06.21.2013.csv,Glenn,39.5855,-122.117,W002,2013-09-18 13:29:54,395855N1221170W002,20N02W18R006M,3/18/2013,00:00,,,34.880,0.000,34.880,132.983,131.383,98.103,33.280,ES - Electric sounder measurement,0.01 Ft,Department of Water Resources,CASGEM,3,18,2013
Glenn_01.01.2003-06.21.2013.csv,Glenn,39.5855,-122.117,W002,2013-09-18 13:29:54,395855N1221170W002,20N02W18R006M,2/18/2003,00:00,,,19.600,0.000,19.600,132.983,131.383,113.383,18.000,UNK - Unknown,Unknown,Department of Water Resources,Voluntary,2,18,2003
Glenn_01.01.2003-06.21.2013.csv,Glenn,39.5855,-122.117,W002,2013-09-18 13:29:54,395855N1221170W002,20N02W18R006M,3/13/2003,00:00,,,18.100,0.000,18.100,132.983,131.383,114.883,16.500,UNK - Unknown,Unknown,Department of Water Resources,Voluntary,3,13,2003
Glenn_01.01.2003-06.21.2013.csv,Glenn,39.5855,-122.117,W002,2013-09-18 13:29:54,395855N1221170W002,20N02W18R006M,4/9/2003,00:00,,,16.300,0.000,16.300,132.983,131.383,116.683,14.700,UNK - Unknown,Unknown,Department of Water Resources,Voluntary,4,9,2003
Glenn_01.01.2003-06.21.2013.csv,Glenn,39.5855,-122.117,W002,2013-09-18 13:29:54,395855N1221170W002,20N02W18R006M,5/28/2003,00:00,,,13.500,0.000,13.500,132.983,131.383,119.483,11.900,UNK - Unknown,Unknown,Department of Water Resources,Voluntary,5,28,2003
Glenn_01.01.2003-06.21.2013.csv,Glenn,39.5855,-122.117,W002,2013-09-18 13:29:54,395855N1221170W002,20N02W18R006M,6/19/2003,00:00,,,13.800,0.000,13.800,132.983,131.383,119.183,12.200,UNK - Unknown,Unknown,Department of Water Resources,Voluntary,6,19,2003
Glenn_01.01.2003-06.21.2013.csv,Glenn,39.5855,-122.117,W002,2013-09-18 13:29:54,395855N1221170W002,20N02W18R006M,7/30/2003,00:00,,,17.200,0.000,17.200,132.983,131.383,115.783,15.600,UNK - Unknown,Unknown,Department of Water Resources,Voluntary,7,30,2003
Glenn_01.01.2003-06.21.2013.csv,Glenn,39.5855,-122.117,W002,2013-09-18 13:29:54,395855N1221170W002,20N02W18R006M,8/26/2003,00:00,,,19.800,0.000,19.800,132.983,131.383,113.183,18.200,UNK - Unknown,Unknown,Department of Water Resources,Voluntary,8,26,2003
Glenn_01.01.2003-06.21.2013.csv,Glenn,39.5855,-122.117,W002,2013-09-18 13:29:54,395855N1221170W002,20N02W18R006M,9/22/2003,00:00,,,22.200,0.000,22.200,132.983,131.383,110.783,20.600,UNK - Unknown,Unknown,Department of Water Resources,Voluntary,9,22,2003
Glenn_01.01.2003-06.21.2013.csv,Glenn,39.5855,-122.117,W002,2013-09-18 13:29:54,395855N1221170W002,20N02W18R006M,10/21/2003,00:00,,,22.900,0.000,22.900,132.983,131.383,110.083,21.300,UNK - Unknown,Unknown,Department of Water Resources,Voluntary,10,21,2003
Glenn_01.01.2003-06.21.2013.csv,Glenn,39.5855,-122.117,W002,2013-09-18 13:29:54,395855N1221170W002,20N02W18R006M,11/21/2003,00:00,,,21.900,0.000,21.900,132.983,131.383,111.083,20.300,UNK - Unknown,Unknown,Department of Water Resources,Voluntary,11,21,2003
Glenn_01.01.2003-06.21.2013.csv,Glenn,39.5855,-122.117,W002,2013-09-18 13:29:54,395855N1221170W002,20N02W18R006M,12/9/2003,00:00,,,21.600,0.000,21.600,132.983,131.383,111.383,20.000,UNK - Unknown,Unknown,Department of Water Resources,Voluntary,12,9,2003
Glenn_01.01.2003-06.21.2013.csv,Glenn,39.5855,-122.117,W002,2013-09-18 13:29:54,395855N1221170W002,20N02W18R006M,4/1/2004,00:00,,,15.200,0.000,15.200,132.983,131.383,117.783,13.600,UNK - Unknown,Unknown,Department of Water Resources,Voluntary,4,1,2004
Glenn_01.01.2003-06.21.2013.csv,Glenn,39.5855,-122.117,W002,2013-09-18 13:29:54,395855N1221170W002,20N02W18R006M,4/29/2004,00:00,,,13.900,0.000,13.900,132.983,131.383,119.083,12.300,UNK - Unknown,Unknown,Department of Water Resources,Voluntary,4,29,2004
Glenn_01.01.2003-06.21.2013.csv,Glenn,39.5855,-122.117,W002,2013-09-18 13:29:54,395855N1221170W002,20N02W18R006M,5/24/2004,00:00,,,13.700,0.000,13.700,132.983,131.383,119.283,12.100,UNK - Unknown,Unknown,Department of Water Resources,Voluntary,5,24,2004
Glenn_01.01.2003-06.21.2013.csv,Glenn,39.5855,-122.117,W002,2013-09-18 13:29:54,395855N1221170W002,20N02W18R006M,2/11/2004,00:00,,,18.400,0.000,18.400,132.983,131.383,114.583,16.800,UNK - Unknown,Unknown,Department of Water Resources,Voluntary,2,11,2004
Glenn_01.01.2003-06.21.2013.csv,Glenn,39.5855,-122.117,W002,2013-09-18 13:29:54,395855N1221170W002,20N02W18R006M,7/28/2004,00:00,,,18.700,0.000,18.700,132.983,131.383,114.283,17.100,UNK - Unknown,Unknown,Department of Water Resources,Voluntary,7,28,2004
Glenn_01.01.2003-06.21.2013.csv,Glenn,39.5855,-122.117,W002,2013-09-18 13:29:54,395855N1221170W002,20N02W18R006M,6/24/2004,00:00,,,15.400,0.000,15.400,132.983,131.383,117.583,13.800,UNK - Unknown,Unknown,Department of Water Resources,Voluntary,6,24,2004
Glenn_01.01.2003-06.21.2013.csv,Glenn,39.5855,-122.117,W002,2013-09-18 13:29:54,395855N1221170W002,20N02W18R006M,8/23/2004,00:00,,,21.600,0.000,21.600,132.983,131.383,111.383,20.000,UNK - Unknown,Unknown,Department of Water Resources,Voluntary,8,23,2004
Glenn_01.01.2003-06.21.2013.csv,Glenn,39.5855,-122.117,W002,2013-09-18 13:29:54,395855N1221170W002,20N02W18R006M,9/21/2004,00:00,,,23.900,0.000,23.900,132.983,131.383,109.083,22.300,UNK - Unknown,Unknown,Department of Water Resources,Voluntary,9,21,2004
Glenn_01.01.2003-06.21.2013.csv,Glenn,39.5855,-122.117,W002,2013-09-18 13:29:54,395855N1221170W002,20N02W18R006M,10/20/2004,00:00,,,24.000,0.000,24.000,132.983,131.383,108.983,22.400,UNK - Unknown,Unknown,Department of Water Resources,Voluntary,10,20,2004
Glenn_01.01.2003-06.21.2013.csv,Glenn,39.5855,-122.117,W002,2013-09-18 13:29:54,395855N1221170W002,20N02W18R006M,11/22/2004,00:00,,,23.000,0.000,23.000,132.983,131.383,109.983,21.400,UNK - Unknown,Unknown,Department of Water Resources,Voluntary,11,22,2004
Glenn_01.01.2003-06.21.2013.csv,Glenn,39.5855,-122.117,W002,2013-09-18 13:29:54,395855N1221170W002,20N02W18R006M,3/30/2005,00:00,,,16.300,0.000,16.300,132.983,131.383,116.683,14.700,UNK - Unknown,Unknown,Department of Water Resources,Voluntary,3,30,2005
Glenn_01.01.2003-06.21.2013.csv,Glenn,39.5855,-122.117,W002,2013-09-18 13:29:54,395855N1221170W002,20N02W18R006M,4/29/2005,00:00,,,14.500,0.000,14.500,132.983,131.383,118.483,12.900,UNK - Unknown,Unknown,Department of Water Resources,Voluntary,4,29,2005
Glenn_01.01.2003-06.21.2013.csv,Glenn,39.5855,-122.117,W002,2013-09-18 13:29:54,395855N1221170W002,20N02W18R006M,5/25/2005,00:00,,,13.100,0.000,13.100,132.983,131.383,119.883,11.500,UNK - Unknown,Unknown,Department of Water Resources,Voluntary,5,25,2005
Glenn_01.01.2003-06.21.2013.csv,Glenn,39.5855,-122.117,W002,2013-09-18 13:29:54,395855N1221170W002,20N02W18R006M,6/22/2005,00:00,,,13.200,0.000,13.200,132.983,131.383,119.783,11.600,UNK - Unknown,Unknown,Department of Water Resources,Voluntary,6,22,2005
Glenn_01.01.2003-06.21.2013.csv,Glenn,39.5855,-122.117,W002,2013-09-18 13:29:54,395855N1221170W002,20N02W18R006M,7/27/2005,00:00,,,15.200,0.000,15.200,132.983,131.383,117.783,13.600,UNK - Unknown,Unknown,Department of Water Resources,Voluntary,7,27,2005
Glenn_01.01.2003-06.21.2013.csv,Glenn,39.5855,-122.117,W002,2013-09-18 13:29:54,395855N1221170W002,20N02W18R006M,8/24/2005,00:00,,,17.700,0.000,17.700,132.983,131.383,115.283,16.100,UNK - Unknown,Unknown,Department of Water Resources,Voluntary,8,24,2005
Glenn_01.01.2003-06.21.2013.csv,Glenn,39.5855,-122.117,W002,2013-09-18 13:29:54,395855N1221170W002,20N02W18R006M,9/28/2005,00:00,,,20.600,0.000,20.600,132.983,131.383,112.383,19.000,UNK - Unknown,Unknown,Department of Water Resources,Voluntary,9,28,2005
Glenn_01.01.2003-06.21.2013.csv,Glenn,39.5855,-122.117,W002,2013-09-18 13:29:54,395855N1221170W002,20N02W18R006M,10/19/2005,00:00,,,21.000,0.000,21.000,132.983,131.383,111.983,19.400,UNK - Unknown,Unknown,Department of Water Resources,Voluntary,10,19,2005
Glenn_01.01.2003-06.21.2013.csv,Glenn,39.5855,-122.117,W002,2013-09-18 13:29:54,395855N1221170W002,20N02W18R006M,3/27/2006,00:00,,,14.600,0.000,14.600,132.983,131.383,118.383,13.000,UNK - Unknown,Unknown,Department of Water Resources,Voluntary,3,27,2006
Glenn_01.01.2003-06.21.2013.csv,Glenn,39.5855,-122.117,W002,2013-09-18 13:29:54,395855N1221170W002,20N02W18R006M,5/17/2006,00:00,,,12.000,0.000,12.000,132.983,131.383,120.983,10.400,UNK - Unknown,Unknown,Department of Water Resources,Voluntary,5,17,2006
Glenn_01.01.2003-06.21.2013.csv,Glenn,39.5855,-122.117,W002,2013-09-18 13:29:54,395855N1221170W002,20N02W18R006M,8/2/2006,00:00,,,13.100,0.000,13.100,132.983,131.383,119.883,11.500,UNK - Unknown,Unknown,Department of Water Resources,Voluntary,8,2,2006
Glenn_01.01.2003-06.21.2013.csv,Glenn,39.5855,-122.117,W002,2013-09-18 13:29:54,395855N1221170W002,20N02W18R006M,10/12/2006,00:00,,,18.600,0.000,18.600,132.983,131.383,114.383,17.000,UNK - Unknown,Unknown,Department of Water Resources,Voluntary,10,12,2006
Glenn_01.01.2003-06.21.2013.csv,Glenn,39.5855,-122.117,W002,2013-09-18 13:29:54,395855N1221170W002,20N02W18R006M,3/22/2007,00:00,,,14.650,0.000,14.650,132.983,131.383,118.333,13.050,UNK - Unknown,Unknown,Department of Water Resources,Voluntary,3,22,2007
Glenn_01.01.2003-06.21.2013.csv,Glenn,39.5855,-122.117,W002,2013-09-18 13:29:54,395855N1221170W002,20N02W18R006M,8/8/2007,00:00,,,22.290,0.000,22.290,132.983,131.383,110.693,20.690,UNK - Unknown,Unknown,Department of Water Resources,Voluntary,8,8,2007
Glenn_01.01.2003-06.21.2013.csv,Glenn,39.5855,-122.117,W002,2013-09-18 13:29:54,395855N1221170W002,20N02W18R006M,10/16/2007,00:00,,,27.680,0.000,27.680,132.983,131.383,105.303,26.080,UNK - Unknown,Unknown,Department of Water Resources,Voluntary,10,16,2007
Glenn_01.01.2003-06.21.2013.csv,Glenn,39.5855,-122.117,W002,2013-09-18 13:29:54,395855N1221170W002,20N02W18R006M,1/17/2008,00:00,,,24.570,0.000,24.570,132.983,131.383,108.413,22.970,UNK - Unknown,Unknown,Department of Water Resources,Voluntary,1,17,2008
Glenn_01.01.2003-06.21.2013.csv,Glenn,39.5855,-122.117,W002,2013-09-18 13:29:54,395855N1221170W002,20N02W18R006M,3/13/2008,00:00,,,21.900,0.000,21.900,132.983,131.383,111.083,20.300,UNK - Unknown,Unknown,Department of Water Resources,Voluntary,3,13,2008
Glenn_01.01.2003-06.21.2013.csv,Glenn,39.5855,-122.117,W002,2013-09-18 13:29:54,395855N1221170W002,20N02W18R006M,7/3/2008,00:00,,,24.780,0.000,24.780,132.983,131.383,108.203,23.180,UNK - Unknown,Unknown,Department of Water Resources,Voluntary,7,3,2008
Glenn_01.01.2003-06.21.2013.csv,Glenn,39.5855,-122.117,W002,2013-09-18 13:29:54,395855N1221170W002,20N02W18R006M,7/16/2008,00:00,,,26.480,0.000,26.480,132.983,131.383,106.503,24.880,UNK - Unknown,Unknown,Department of Water Resources,Voluntary,7,16,2008
Glenn_01.01.2003-06.21.2013.csv,Glenn,39.5855,-122.117,W002,2013-09-18 13:29:54,395855N1221170W002,20N02W18R006M,7/22/2008,00:00,,,27.300,0.000,27.300,132.983,131.383,105.683,25.700,UNK - Unknown,Unknown,Department of Water Resources,Voluntary,7,22,2008
Glenn_01.01.2003-06.21.2013.csv,Glenn,39.5855,-122.117,W002,2013-09-18 13:29:54,395855N1221170W002,20N02W18R006M,8/5/2008,00:00,,,29.470,0.000,29.470,132.983,131.383,103.513,27.870,UNK - Unknown,Unknown,Department of Water Resources,Voluntary,8,5,2008
Glenn_01.01.2003-06.21.2013.csv,Glenn,39.5855,-122.117,W002,2013-09-18 13:29:54,395855N1221170W002,20N02W18R006M,10/20/2008,00:00,,,36.900,0.000,36.900,132.983,131.383,96.083,35.300,UNK - Unknown,Unknown,Department of Water Resources,Voluntary,10,20,2008
Glenn_01.01.2003-06.21.2013.csv,Glenn,39.5855,-122.117,W002,2013-09-18 13:29:54,395855N1221170W002,20N02W18R006M,1/14/2009,00:00,,,33.600,0.000,33.600,132.983,131.383,99.383,32.000,UNK - Unknown,Unknown,Department of Water Resources,Voluntary,1,14,2009
Glenn_01.01.2003-06.21.2013.csv,Glenn,39.5855,-122.117,W002,2013-09-18 13:29:54,395855N1221170W002,20N02W18R006M,3/25/2009,00:00,,,28.550,0.000,28.550,132.983,131.383,104.433,26.950,UNK - Unknown,Unknown,Department of Water Resources,Voluntary,3,25,2009
Glenn_01.01.2003-06.21.2013.csv,Glenn,39.5855,-122.117,W002,2013-09-18 13:29:54,395855N1221170W002,20N02W18R006M,5/13/2009,00:00,,,26.170,0.000,26.170,132.983,131.383,106.813,24.570,UNK - Unknown,Unknown,Department of Water Resources,Voluntary,5,13,2009
Glenn_01.01.2003-06.21.2013.csv,Glenn,39.5855,-122.117,W002,2013-09-18 13:29:54,395855N1221170W002,20N02W18R006M,6/25/2009,00:00,,,29.430,0.000,29.430,132.983,131.383,103.553,27.830,UNK - Unknown,Unknown,Department of Water Resources,Voluntary,6,25,2009
Glenn_01.01.2003-06.21.2013.csv,Glenn,39.5855,-122.117,W002,2013-09-18 13:29:54,395855N1221170W002,20N02W18R006M,8/6/2009,00:00,,,36.450,0.000,36.450,132.983,131.383,96.533,34.850,UNK - Unknown,Unknown,Department of Water Resources,Voluntary,8,6,2009
Glenn_01.01.2003-06.21.2013.csv,Glenn,39.5855,-122.117,W002,2013-09-18 13:29:54,395855N1221170W002,20N02W18R006M,9/15/2009,00:00,,,43.030,0.000,43.030,132.983,131.383,89.953,41.430,UNK - Unknown,Unknown,Department of Water Resources,Voluntary,9,15,2009
Glenn_01.01.2003-06.21.2013.csv,Glenn,39.5855,-122.117,W002,2013-09-18 13:29:54,395855N1221170W002,20N02W18R006M,10/22/2009,00:00,,,44.630,0.000,44.630,132.983,131.383,88.353,43.030,UNK - Unknown,Unknown,Department of Water Resources,Voluntary,10,22,2009
Glenn_01.01.2003-06.21.2013.csv,Glenn,39.5855,-122.117,W002,2013-09-18 13:29:54,395855N1221170W002,20N02W18R006M,3/26/2010,00:00,,,33.330,0.000,33.330,132.983,131.383,99.653,31.730,UNK - Unknown,Unknown,Department of Water Resources,Voluntary,3,26,2010
Glenn_01.01.2003-06.21.2013.csv,Glenn,39.5855,-122.117,W002,2013-09-18 13:29:54,395855N1221170W002,20N02W18R006M,8/3/2010,00:00,,,34.230,0.000,34.230,132.983,131.383,98.753,32.630,UNK - Unknown,Unknown,Department of Water Resources,Voluntary,8,3,2010
Glenn_01.01.2003-06.21.2013.csv,Glenn,39.5855,-122.117,W002,2013-09-18 13:29:54,395855N1221170W002,20N02W18R006M,10/19/2010,00:00,,,40.700,0.000,40.700,132.983,131.383,92.283,39.100,UNK - Unknown,Unknown,Department of Water Resources,Voluntary,10,19,2010
Glenn_01.01.2003-06.21.2013.csv,Glenn,39.5855,-122.117,W002,2013-09-18 13:29:54,395855N1221170W002,20N02W18R006M,4/4/2011,00:00,,,30.310,0.000,30.310,132.983,131.383,102.673,28.710,UNK - Unknown,Unknown,Department of Water Resources,Voluntary,4,4,2011
Glenn_01.01.2003-06.21.2013.csv,Glenn,39.5855,-122.117,W002,2013-09-18 13:29:54,395855N1221170W002,20N02W18R006M,8/2/2011,00:00,,,32.770,0.000,32.770,132.983,131.383,100.213,31.170,UNK - Unknown,Unknown,Department of Water Resources,Voluntary,8,2,2011
Glenn_01.01.2003-06.21.2013.csv,Glenn,39.5855,-122.117,W003,2013-09-18 13:29:54,395855N1221170W003,20N02W18R007M,10/11/2011,00:00,,,37.210,0.000,37.210,133.434,131.434,96.224,35.210,ES - Electric sounder measurement,0.01 Ft,Department of Water Resources,CASGEM,10,11,2011
Glenn_01.01.2003-06.21.2013.csv,Glenn,39.5855,-122.117,W003,2013-09-18 13:29:54,395855N1221170W003,20N02W18R007M,3/28/2012,00:00,,,22.210,0.000,22.210,133.434,131.434,111.224,20.210,ES - Electric sounder measurement,0.01 Ft,Department of Water Resources,CASGEM,3,28,2012
Glenn_01.01.2003-06.21.2013.csv,Glenn,39.5855,-122.117,W003,2013-09-18 13:29:54,395855N1221170W003,20N02W18R007M,7/31/2012,00:00,,,40.480,0.000,40.480,133.434,131.434,92.954,38.480,ES - Electric sounder measurement,0.01 Ft,Department of Water Resources,CASGEM,7,31,2012
Glenn_01.01.2003-06.21.2013.csv,Glenn,39.5855,-122.117,W003,2013-09-18 13:29:54,395855N1221170W003,20N02W18R007M,10/16/2012,00:00,,,43.610,0.000,43.610,133.434,131.434,89.824,41.610,ES - Electric sounder measurement,0.01 Ft,Department of Water Resources,CASGEM,10,16,2012
Glenn_01.01.2003-06.21.2013.csv,Glenn,39.5855,-122.117,W003,2013-09-18 13:29:54,395855N1221170W003,20N02W18R007M,3/18/2013,00:00,,,24.780,0.000,24.780,133.434,131.434,108.654,22.780,ES - Electric sounder measurement,0.01 Ft,Department of Water Resources,CASGEM,3,18,2013
Glenn_01.01.2003-06.21.2013.csv,Glenn,39.5855,-122.117,W003,2013-09-18 13:29:54,395855N1221170W003,20N02W18R007M,2/18/2003,00:00,,,13.300,0.000,13.300,133.434,131.434,120.134,11.300,UNK - Unknown,Unknown,Department of Water Resources,Voluntary,2,18,2003
Glenn_01.01.2003-06.21.2013.csv,Glenn,39.5855,-122.117,W003,2013-09-18 13:29:54,395855N1221170W003,20N02W18R007M,3/13/2003,00:00,,,11.600,0.000,11.600,133.434,131.434,121.834,9.600,UNK - Unknown,Unknown,Department of Water Resources,Voluntary,3,13,2003
Glenn_01.01.2003-06.21.2013.csv,Glenn,39.5855,-122.117,W003,2013-09-18 13:29:54,395855N1221170W003,20N02W18R007M,4/9/2003,00:00,,,9.800,0.000,9.800,133.434,131.434,123.634,7.800,UNK - Unknown,Unknown,Department of Water Resources,Voluntary,4,9,2003
Glenn_01.01.2003-06.21.2013.csv,Glenn,39.5855,-122.117,W003,2013-09-18 13:29:54,395855N1221170W003,20N02W18R007M,5/28/2003,00:00,,,8.500,0.000,8.500,133.434,131.434,124.934,6.500,UNK - Unknown,Unknown,Department of Water Resources,Voluntary,5,28,2003
Glenn_01.01.2003-06.21.2013.csv,Glenn,39.5855,-122.117,W003,2013-09-18 13:29:54,395855N1221170W003,20N02W18R007M,6/19/2003,00:00,,,12.200,0.000,12.200,133.434,131.434,121.234,10.200,UNK - Unknown,Unknown,Department of Water Resources,Voluntary,6,19,2003
Glenn_01.01.2003-06.21.2013.csv,Glenn,39.5855,-122.117,W003,2013-09-18 13:29:54,395855N1221170W003,20N02W18R007M,7/30/2003,00:00,,,18.900,0.000,18.900,133.434,131.434,114.534,16.900,UNK - Unknown,Unknown,Department of Water Resources,Voluntary,7,30,2003
Glenn_01.01.2003-06.21.2013.csv,Glenn,39.5855,-122.117,W003,2013-09-18 13:29:54,395855N1221170W003,20N02W18R007M,8/26/2003,00:00,,,22.300,0.000,22.300,133.434,131.434,111.134,20.300,UNK - Unknown,Unknown,Department of Water Resources,Voluntary,8,26,2003
Glenn_01.01.2003-06.21.2013.csv,Glenn,39.5855,-122.117,W003,2013-09-18 13:29:54,395855N1221170W003,20N02W18R007M,9/22/2003,00:00,,,23.300,0.000,23.300,133.434,131.434,110.134,21.300,UNK - Unknown,Unknown,Department of Water Resources,Voluntary,9,22,2003
Glenn_01.01.2003-06.21.2013.csv,Glenn,39.5855,-122.117,W003,2013-09-18 13:29:54,395855N1221170W003,20N02W18R007M,10/21/2003,00:00,,,20.800,0.000,20.800,133.434,131.434,112.634,18.800,UNK - Unknown,Unknown,Department of Water Resources,Voluntary,10,21,2003
Glenn_01.01.2003-06.21.2013.csv,Glenn,39.5855,-122.117,W003,2013-09-18 13:29:54,395855N1221170W003,20N02W18R007M,11/21/2003,00:00,,,17.600,0.000,17.600,133.434,131.434,115.834,15.600,UNK - Unknown,Unknown,Department of Water Resources,Voluntary,11,21,2003
Glenn_01.01.2003-06.21.2013.csv,Glenn,39.5855,-122.117,W003,2013-09-18 13:29:54,395855N1221170W003,20N02W18R007M,12/9/2003,00:00,,,17.100,0.000,17.100,133.434,131.434,116.334,15.100,UNK - Unknown,Unknown,Department of Water Resources,Voluntary,12,9,2003
Glenn_01.01.2003-06.21.2013.csv,Glenn,39.5855,-122.117,W003,2013-09-18 13:29:54,395855N1221170W003,20N02W18R007M,4/1/2004,00:00,,,8.700,0.000,8.700,133.434,131.434,124.734,6.700,UNK - Unknown,Unknown,Department of Water Resources,Voluntary,4,1,2004
Glenn_01.01.2003-06.21.2013.csv,Glenn,39.5855,-122.117,W003,2013-09-18 13:29:54,395855N1221170W003,20N02W18R007M,4/29/2004,00:00,,,8.500,0.000,8.500,133.434,131.434,124.934,6.500,UNK - Unknown,Unknown,Department of Water Resources,Voluntary,4,29,2004
Glenn_01.01.2003-06.21.2013.csv,Glenn,39.5855,-122.117,W003,2013-09-18 13:29:54,395855N1221170W003,20N02W18R007M,5/24/2004,00:00,,,11.500,0.000,11.500,133.434,131.434,121.934,9.500,UNK - Unknown,Unknown,Department of Water Resources,Voluntary,5,24,2004
Glenn_01.01.2003-06.21.2013.csv,Glenn,39.5855,-122.117,W003,2013-09-18 13:29:54,395855N1221170W003,20N02W18R007M,2/11/2004,00:00,,,12.500,0.000,12.500,133.434,131.434,120.934,10.500,UNK - Unknown,Unknown,Department of Water Resources,Voluntary,2,11,2004
Glenn_01.01.2003-06.21.2013.csv,Glenn,39.5855,-122.117,W003,2013-09-18 13:29:54,395855N1221170W003,20N02W18R007M,7/28/2004,00:00,,,20.200,0.000,20.200,133.434,131.434,113.234,18.200,UNK - Unknown,Unknown,Department of Water Resources,Voluntary,7,28,2004
Glenn_01.01.2003-06.21.2013.csv,Glenn,39.5855,-122.117,W003,2013-09-18 13:29:54,395855N1221170W003,20N02W18R007M,6/24/2004,00:00,,,14.900,0.000,14.900,133.434,131.434,118.534,12.900,UNK - Unknown,Unknown,Department of Water Resources,Voluntary,6,24,2004
Glenn_01.01.2003-06.21.2013.csv,Glenn,39.5855,-122.117,W003,2013-09-18 13:29:54,395855N1221170W003,20N02W18R007M,8/23/2004,00:00,,,23.600,0.000,23.600,133.434,131.434,109.834,21.600,UNK - Unknown,Unknown,Department of Water Resources,Voluntary,8,23,2004
Glenn_01.01.2003-06.21.2013.csv,Glenn,39.5855,-122.117,W003,2013-09-18 13:29:54,395855N1221170W003,20N02W18R007M,9/21/2004,00:00,,,23.900,0.000,23.900,133.434,131.434,109.534,21.900,UNK - Unknown,Unknown,Department of Water Resources,Voluntary,9,21,2004
Glenn_01.01.2003-06.21.2013.csv,Glenn,39.5855,-122.117,W003,2013-09-18 13:29:54,395855N1221170W003,20N02W18R007M,10/20/2004,00:00,,,21.700,0.000,21.700,133.434,131.434,111.734,19.700,UNK - Unknown,Unknown,Department of Water Resources,Voluntary,10,20,2004
Glenn_01.01.2003-06.21.2013.csv,Glenn,39.5855,-122.117,W003,2013-09-18 13:29:54,395855N1221170W003,20N02W18R007M,11/22/2004,00:00,,,18.600,0.000,18.600,133.434,131.434,114.834,16.600,UNK - Unknown,Unknown,Department of Water Resources,Voluntary,11,22,2004
Glenn_01.01.2003-06.21.2013.csv,Glenn,39.5855,-122.117,W003,2013-09-18 13:29:54,395855N1221170W003,20N02W18R007M,3/30/2005,00:00,,,9.300,0.000,9.300,133.434,131.434,124.134,7.300,UNK - Unknown,Unknown,Department of Water Resources,Voluntary,3,30,2005
Glenn_01.01.2003-06.21.2013.csv,Glenn,39.5855,-122.117,W003,2013-09-18 13:29:54,395855N1221170W003,20N02W18R007M,4/29/2005,00:00,,,7.800,0.000,7.800,133.434,131.434,125.634,5.800,UNK - Unknown,Unknown,Department of Water Resources,Voluntary,4,29,2005
Glenn_01.01.2003-06.21.2013.csv,Glenn,39.5855,-122.117,W003,2013-09-18 13:29:54,395855N1221170W003,20N02W18R007M,5/25/2005,00:00,,,7.800,0.000,7.800,133.434,131.434,125.634,5.800,UNK - Unknown,Unknown,Department of Water Resources,Voluntary,5,25,2005
Glenn_01.01.2003-06.21.2013.csv,Glenn,39.5855,-122.117,W003,2013-09-18 13:29:54,395855N1221170W003,20N02W18R007M,6/22/2005,00:00,,,10.500,0.000,10.500,133.434,131.434,122.934,8.500,UNK - Unknown,Unknown,Department of Water Resources,Voluntary,6,22,2005
Glenn_01.01.2003-06.21.2013.csv,Glenn,39.5855,-122.117,W003,2013-09-18 13:29:54,395855N1221170W003,20N02W18R007M,7/27/2005,00:00,,,15.400,0.000,15.400,133.434,131.434,118.034,13.400,UNK - Unknown,Unknown,Department of Water Resources,Voluntary,7,27,2005
Glenn_01.01.2003-06.21.2013.csv,Glenn,39.5855,-122.117,W003,2013-09-18 13:29:54,395855N1221170W003,20N02W18R007M,8/24/2005,00:00,,,19.200,0.000,19.200,133.434,131.434,114.234,17.200,UNK - Unknown,Unknown,Department of Water Resources,Voluntary,8,24,2005
Glenn_01.01.2003-06.21.2013.csv,Glenn,39.5855,-122.117,W003,2013-09-18 13:29:54,395855N1221170W003,20N02W18R007M,9/28/2005,00:00,,,20.000,0.000,20.000,133.434,131.434,113.434,18.000,UNK - Unknown,Unknown,Department of Water Resources,Voluntary,9,28,2005
Glenn_01.01.2003-06.21.2013.csv,Glenn,39.5855,-122.117,W003,2013-09-18 13:29:54,395855N1221170W003,20N02W18R007M,10/19/2005,00:00,,,18.600,0.000,18.600,133.434,131.434,114.834,16.600,UNK - Unknown,Unknown,Department of Water Resources,Voluntary,10,19,2005
Glenn_01.01.2003-06.21.2013.csv,Glenn,39.5855,-122.117,W003,2013-09-18 13:29:54,395855N1221170W003,20N02W18R007M,3/27/2006,00:00,,,8.000,0.000,8.000,133.434,131.434,125.434,6.000,UNK - Unknown,Unknown,Department of Water Resources,Voluntary,3,27,2006
Glenn_01.01.2003-06.21.2013.csv,Glenn,39.5855,-122.117,W003,2013-09-18 13:29:54,395855N1221170W003,20N02W18R007M,5/17/2006,00:00,,,5.500,0.000,5.500,133.434,131.434,127.934,3.500,UNK - Unknown,Unknown,Department of Water Resources,Voluntary,5,17,2006
Glenn_01.01.2003-06.21.2013.csv,Glenn,39.5855,-122.117,W003,2013-09-18 13:29:54,395855N1221170W003,20N02W18R007M,8/2/2006,00:00,,,14.000,0.000,14.000,133.434,131.434,119.434,12.000,UNK - Unknown,Unknown,Department of Water Resources,Voluntary,8,2,2006
Glenn_01.01.2003-06.21.2013.csv,Glenn,39.5855,-122.117,W003,2013-09-18 13:29:54,395855N1221170W003,20N02W18R007M,10/12/2006,00:00,,,17.600,0.000,17.600,133.434,131.434,115.834,15.600,UNK - Unknown,Unknown,Department of Water Resources,Voluntary,10,12,2006
Glenn_01.01.2003-06.21.2013.csv,Glenn,39.5855,-122.117,W003,2013-09-18 13:29:54,395855N1221170W003,20N02W18R007M,3/22/2007,00:00,,,8.970,0.000,8.970,133.434,131.434,124.464,6.970,UNK - Unknown,Unknown,Department of Water Resources,Voluntary,3,22,2007
Glenn_01.01.2003-06.21.2013.csv,Glenn,39.5855,-122.117,W003,2013-09-18 13:29:54,395855N1221170W003,20N02W18R007M,8/8/2007,00:00,,,26.560,0.000,26.560,133.434,131.434,106.874,24.560,UNK - Unknown,Unknown,Department of Water Resources,Voluntary,8,8,2007
Glenn_01.01.2003-06.21.2013.csv,Glenn,39.5855,-122.117,W003,2013-09-18 13:29:54,395855N1221170W003,20N02W18R007M,10/16/2007,00:00,,,27.500,0.000,27.500,133.434,131.434,105.934,25.500,UNK - Unknown,Unknown,Department of Water Resources,Voluntary,10,16,2007
Glenn_01.01.2003-06.21.2013.csv,Glenn,39.5855,-122.117,W003,2013-09-18 13:29:54,395855N1221170W003,20N02W18R007M,1/18/2008,00:00,,,18.190,0.000,18.190,133.434,131.434,115.244,16.190,UNK - Unknown,Unknown,Department of Water Resources,Voluntary,1,18,2008
Glenn_01.01.2003-06.21.2013.csv,Glenn,39.5855,-122.117,W003,2013-09-18 13:29:54,395855N1221170W003,20N02W18R007M,3/13/2008,00:00,,,14.150,0.000,14.150,133.434,131.434,119.284,12.150,UNK - Unknown,Unknown,Department of Water Resources,Voluntary,3,13,2008
Glenn_01.01.2003-06.21.2013.csv,Glenn,39.5855,-122.117,W003,2013-09-18 13:29:54,395855N1221170W003,20N02W18R007M,7/3/2008,00:00,,,26.700,0.000,26.700,133.434,131.434,106.734,24.700,UNK - Unknown,Unknown,Department of Water Resources,Voluntary,7,3,2008
Glenn_01.01.2003-06.21.2013.csv,Glenn,39.5855,-122.117,W003,2013-09-18 13:29:54,395855N1221170W003,20N02W18R007M,7/16/2008,00:00,,,29.940,0.000,29.940,133.434,131.434,103.494,27.940,UNK - Unknown,Unknown,Department of Water Resources,Voluntary,7,16,2008
Glenn_01.01.2003-06.21.2013.csv,Glenn,39.5855,-122.117,W003,2013-09-18 13:29:54,395855N1221170W003,20N02W18R007M,7/22/2008,00:00,,,31.320,0.000,31.320,133.434,131.434,102.114,29.320,UNK - Unknown,Unknown,Department of Water Resources,Voluntary,7,22,2008
Glenn_01.01.2003-06.21.2013.csv,Glenn,39.5855,-122.117,W003,2013-09-18 13:29:54,395855N1221170W003,20N02W18R007M,8/5/2008,00:00,,,33.970,0.000,33.970,133.434,131.434,99.464,31.970,UNK - Unknown,Unknown,Department of Water Resources,Voluntary,8,5,2008
Glenn_01.01.2003-06.21.2013.csv,Glenn,39.5855,-122.117,W003,2013-09-18 13:29:54,395855N1221170W003,20N02W18R007M,10/20/2008,00:00,,,35.960,0.000,35.960,133.434,131.434,97.474,33.960,UNK - Unknown,Unknown,Department of Water Resources,Voluntary,10,20,2008
Glenn_01.01.2003-06.21.2013.csv,Glenn,39.5855,-122.117,W003,2013-09-18 13:29:54,395855N1221170W003,20N02W18R007M,1/14/2009,00:00,,,26.890,0.000,26.890,133.434,131.434,106.544,24.890,UNK - Unknown,Unknown,Department of Water Resources,Voluntary,1,14,2009
Glenn_01.01.2003-06.21.2013.csv,Glenn,39.5855,-122.117,W003,2013-09-18 13:29:54,395855N1221170W003,20N02W18R007M,3/25/2009,00:00,,,20.640,0.000,20.640,133.434,131.434,112.794,18.640,UNK - Unknown,Unknown,Department of Water Resources,Voluntary,3,25,2009
Glenn_01.01.2003-06.21.2013.csv,Glenn,39.5855,-122.117,W003,2013-09-18 13:29:54,395855N1221170W003,20N02W18R007M,5/13/2009,00:00,,,21.580,0.000,21.580,133.434,131.434,111.854,19.580,UNK - Unknown,Unknown,Department of Water Resources,Voluntary,5,13,2009
Glenn_01.01.2003-06.21.2013.csv,Glenn,39.5855,-122.117,W003,2013-09-18 13:29:54,395855N1221170W003,20N02W18R007M,6/25/2009,00:00,,,31.970,0.000,31.970,133.434,131.434,101.464,29.970,UNK - Unknown,Unknown,Department of Water Resources,Voluntary,6,25,2009
Glenn_01.01.2003-06.21.2013.csv,Glenn,39.5855,-122.117,W003,2013-09-18 13:29:54,395855N1221170W003,20N02W18R007M,8/6/2009,00:00,,,42.820,0.000,42.820,133.434,131.434,90.614,40.820,UNK - Unknown,Unknown,Department of Water Resources,Voluntary,8,6,2009
Glenn_01.01.2003-06.21.2013.csv,Glenn,39.5855,-122.117,W003,2013-09-18 13:29:54,395855N1221170W003,20N02W18R007M,9/15/2009,00:00,,,48.660,0.000,48.660,133.434,131.434,84.774,46.660,UNK - Unknown,Unknown,Department of Water Resources,Voluntary,9,15,2009
Glenn_01.01.2003-06.21.2013.csv,Glenn,39.5855,-122.117,W003,2013-09-18 13:29:54,395855N1221170W003,20N02W18R007M,10/22/2009,00:00,,,43.010,0.000,43.010,133.434,131.434,90.424,41.010,UNK - Unknown,Unknown,Department of Water Resources,Voluntary,10,22,2009
Glenn_01.01.2003-06.21.2013.csv,Glenn,39.5855,-122.117,W003,2013-09-18 13:29:54,395855N1221170W003,20N02W18R007M,3/26/2010,00:00,,,23.500,0.000,23.500,133.434,131.434,109.934,21.500,UNK - Unknown,Unknown,Department of Water Resources,Voluntary,3,26,2010
Glenn_01.01.2003-06.21.2013.csv,Glenn,39.5855,-122.117,W003,2013-09-18 13:29:54,395855N1221170W003,20N02W18R007M,8/3/2010,00:00,,,37.600,0.000,37.600,133.434,131.434,95.834,35.600,UNK - Unknown,Unknown,Department of Water Resources,Voluntary,8,3,2010
Glenn_01.01.2003-06.21.2013.csv,Glenn,39.5855,-122.117,W003,2013-09-18 13:29:54,395855N1221170W003,20N02W18R007M,10/19/2010,00:00,,,38.360,0.000,38.360,133.434,131.434,95.074,36.360,UNK - Unknown,Unknown,Department of Water Resources,Voluntary,10,19,2010
Glenn_01.01.2003-06.21.2013.csv,Glenn,39.5855,-122.117,W003,2013-09-18 13:29:54,395855N1221170W003,20N02W18R007M,4/4/2011,00:00,,,21.100,0.000,21.100,133.434,131.434,112.334,19.100,UNK - Unknown,Unknown,Department of Water Resources,Voluntary,4,4,2011
Glenn_01.01.2003-06.21.2013.csv,Glenn,39.5855,-122.117,W003,2013-09-18 13:29:54,395855N1221170W003,20N02W18R007M,8/2/2011,00:00,,,34.450,0.000,34.450,133.434,131.434,98.984,32.450,UNK - Unknown,Unknown,Department of Water Resources,Voluntary,8,2,2011
Glenn_01.01.2003-06.21.2013.csv,Glenn,39.5855,-122.117,W004,2013-09-18 13:29:54,395855N1221170W004,20N02W18R008M,10/11/2011,00:00,,,11.310,0.000,11.310,133.965,131.365,122.655,8.710,ES - Electric sounder measurement,0.01 Ft,Department of Water Resources,CASGEM,10,11,2011
Glenn_01.01.2003-06.21.2013.csv,Glenn,39.5855,-122.117,W004,2013-09-18 13:29:54,395855N1221170W004,20N02W18R008M,3/28/2012,00:00,,,11.360,0.000,11.360,133.965,131.365,122.605,8.760,ES - Electric sounder measurement,0.01 Ft,Department of Water Resources,CASGEM,3,28,2012
Glenn_01.01.2003-06.21.2013.csv,Glenn,39.5855,-122.117,W004,2013-09-18 13:29:54,395855N1221170W004,20N02W18R008M,7/31/2012,00:00,,,11.970,0.000,11.970,133.965,131.365,121.995,9.370,ES - Electric sounder measurement,0.01 Ft,Department of Water Resources,CASGEM,7,31,2012
Glenn_01.01.2003-06.21.2013.csv,Glenn,39.5855,-122.117,W004,2013-09-18 13:29:54,395855N1221170W004,20N02W18R008M,10/16/2012,00:00,,,12.860,0.000,12.860,133.965,131.365,121.105,10.260,ES - Electric sounder measurement,0.01 Ft,Department of Water Resources,CASGEM,10,16,2012
Glenn_01.01.2003-06.21.2013.csv,Glenn,39.5855,-122.117,W004,2013-09-18 13:29:54,395855N1221170W004,20N02W18R008M,3/18/2013,00:00,,,11.860,0.000,11.860,133.965,131.365,122.105,9.260,ES - Electric sounder measurement,0.01 Ft,Department of Water Resources,CASGEM,3,18,2013
Glenn_01.01.2003-06.21.2013.csv,Glenn,39.5855,-122.117,W004,2013-09-18 13:29:54,395855N1221170W004,20N02W18R008M,2/18/2003,00:00,,,6.800,0.000,6.800,133.965,131.365,127.165,4.200,UNK - Unknown,Unknown,Department of Water Resources,Voluntary,2,18,2003
Glenn_01.01.2003-06.21.2013.csv,Glenn,39.5855,-122.117,W004,2013-09-18 13:29:54,395855N1221170W004,20N02W18R008M,3/13/2003,00:00,,,8.700,0.000,8.700,133.965,131.365,125.265,6.100,UNK - Unknown,Unknown,Department of Water Resources,Voluntary,3,13,2003
Glenn_01.01.2003-06.21.2013.csv,Glenn,39.5855,-122.117,W004,2013-09-18 13:29:54,395855N1221170W004,20N02W18R008M,4/9/2003,00:00,,,8.800,0.000,8.800,133.965,131.365,125.165,6.200,UNK - Unknown,Unknown,Department of Water Resources,Voluntary,4,9,2003
Glenn_01.01.2003-06.21.2013.csv,Glenn,39.5855,-122.117,W004,2013-09-18 13:29:54,395855N1221170W004,20N02W18R008M,5/28/2003,00:00,,,8.100,0.000,8.100,133.965,131.365,125.865,5.500,UNK - Unknown,Unknown,Department of Water Resources,Voluntary,5,28,2003
Glenn_01.01.2003-06.21.2013.csv,Glenn,39.5855,-122.117,W004,2013-09-18 13:29:54,395855N1221170W004,20N02W18R008M,6/19/2003,00:00,,,7.800,0.000,7.800,133.965,131.365,126.165,5.200,UNK - Unknown,Unknown,Department of Water Resources,Voluntary,6,19,2003
Glenn_01.01.2003-06.21.2013.csv,Glenn,39.5855,-122.117,W004,2013-09-18 13:29:54,395855N1221170W004,20N02W18R008M,7/30/2003,00:00,,,9.100,0.000,9.100,133.965,131.365,124.865,6.500,UNK - Unknown,Unknown,Department of Water Resources,Voluntary,7,30,2003
Glenn_01.01.2003-06.21.2013.csv,Glenn,39.5855,-122.117,W004,2013-09-18 13:29:54,395855N1221170W004,20N02W18R008M,8/26/2003,00:00,,,8.200,0.000,8.200,133.965,131.365,125.765,5.600,UNK - Unknown,Unknown,Department of Water Resources,Voluntary,8,26,2003
Glenn_01.01.2003-06.21.2013.csv,Glenn,39.5855,-122.117,W004,2013-09-18 13:29:54,395855N1221170W004,20N02W18R008M,9/22/2003,00:00,,,9.100,0.000,9.100,133.965,131.365,124.865,6.500,UNK - Unknown,Unknown,Department of Water Resources,Voluntary,9,22,2003
Glenn_01.01.2003-06.21.2013.csv,Glenn,39.5855,-122.117,W004,2013-09-18 13:29:54,395855N1221170W004,20N02W18R008M,10/21/2003,00:00,,,9.800,0.000,9.800,133.965,131.365,124.165,7.200,UNK - Unknown,Unknown,Department of Water Resources,Voluntary,10,21,2003
Glenn_01.01.2003-06.21.2013.csv,Glenn,39.5855,-122.117,W004,2013-09-18 13:29:54,395855N1221170W004,20N02W18R008M,11/21/2003,00:00,,,9.800,0.000,9.800,133.965,131.365,124.165,7.200,UNK - Unknown,Unknown,Department of Water Resources,Voluntary,11,21,2003
Glenn_01.01.2003-06.21.2013.csv,Glenn,39.5855,-122.117,W004,2013-09-18 13:29:54,395855N1221170W004,20N02W18R008M,12/9/2003,00:00,,,8.200,0.000,8.200,133.965,131.365,125.765,5.600,UNK - Unknown,Unknown,Department of Water Resources,Voluntary,12,9,2003
Glenn_01.01.2003-06.21.2013.csv,Glenn,39.5855,-122.117,W004,2013-09-18 13:29:54,395855N1221170W004,20N02W18R008M,4/1/2004,00:00,,,7.500,0.000,7.500,133.965,131.365,126.465,4.900,UNK - Unknown,Unknown,Department of Water Resources,Voluntary,4,1,2004
Glenn_01.01.2003-06.21.2013.csv,Glenn,39.5855,-122.117,W004,2013-09-18 13:29:54,395855N1221170W004,20N02W18R008M,4/29/2004,00:00,,,7.800,0.000,7.800,133.965,131.365,126.165,5.200,UNK - Unknown,Unknown,Department of Water Resources,Voluntary,4,29,2004
Glenn_01.01.2003-06.21.2013.csv,Glenn,39.5855,-122.117,W004,2013-09-18 13:29:54,395855N1221170W004,20N02W18R008M,5/24/2004,00:00,,,8.400,0.000,8.400,133.965,131.365,125.565,5.800,UNK - Unknown,Unknown,Department of Water Resources,Voluntary,5,24,2004
Glenn_01.01.2003-06.21.2013.csv,Glenn,39.5855,-122.117,W004,2013-09-18 13:29:54,395855N1221170W004,20N02W18R008M,2/11/2004,00:00,,,6.900,0.000,6.900,133.965,131.365,127.065,4.300,UNK - Unknown,Unknown,Department of Water Resources,Voluntary,2,11,2004
Glenn_01.01.2003-06.21.2013.csv,Glenn,39.5855,-122.117,W004,2013-09-18 13:29:54,395855N1221170W004,20N02W18R008M,7/28/2004,00:00,,,9.100,0.000,9.100,133.965,131.365,124.865,6.500,UNK - Unknown,Unknown,Department of Water Resources,Voluntary,7,28,2004
Glenn_01.01.2003-06.21.2013.csv,Glenn,39.5855,-122.117,W004,2013-09-18 13:29:54,395855N1221170W004,20N02W18R008M,6/24/2004,00:00,,,8.600,0.000,8.600,133.965,131.365,125.365,6.000,UNK - Unknown,Unknown,Department of Water Resources,Voluntary,6,24,2004
Glenn_01.01.2003-06.21.2013.csv,Glenn,39.5855,-122.117,W004,2013-09-18 13:29:54,395855N1221170W004,20N02W18R008M,8/23/2004,00:00,,,9.100,0.000,9.100,133.965,131.365,124.865,6.500,UNK - Unknown,Unknown,Department of Water Resources,Voluntary,8,23,2004
Glenn_01.01.2003-06.21.2013.csv,Glenn,39.5855,-122.117,W004,2013-09-18 13:29:54,395855N1221170W004,20N02W18R008M,9/21/2004,00:00,,,9.800,0.000,9.800,133.965,131.365,124.165,7.200,UNK - Unknown,Unknown,Department of Water Resources,Voluntary,9,21,2004
Glenn_01.01.2003-06.21.2013.csv,Glenn,39.5855,-122.117,W004,2013-09-18 13:29:54,395855N1221170W004,20N02W18R008M,10/20/2004,00:00,,,9.700,0.000,9.700,133.965,131.365,124.265,7.100,UNK - Unknown,Unknown,Department of Water Resources,Voluntary,10,20,2004
Glenn_01.01.2003-06.21.2013.csv,Glenn,39.5855,-122.117,W004,2013-09-18 13:29:54,395855N1221170W004,20N02W18R008M,11/22/2004,00:00,,,7.500,0.000,7.500,133.965,131.365,126.465,4.900,UNK - Unknown,Unknown,Department of Water Resources,Voluntary,11,22,2004
Glenn_01.01.2003-06.21.2013.csv,Glenn,39.5855,-122.117,W004,2013-09-18 13:29:54,395855N1221170W004,20N02W18R008M,3/30/2005,00:00,,,7.700,0.000,7.700,133.965,131.365,126.265,5.100,UNK - Unknown,Unknown,Department of Water Resources,Voluntary,3,30,2005
Glenn_01.01.2003-06.21.2013.csv,Glenn,39.5855,-122.117,W004,2013-09-18 13:29:54,395855N1221170W004,20N02W18R008M,4/29/2005,00:00,,,7.300,0.000,7.300,133.965,131.365,126.665,4.700,UNK - Unknown,Unknown,Department of Water Resources,Voluntary,4,29,2005
Glenn_01.01.2003-06.21.2013.csv,Glenn,39.5855,-122.117,W004,2013-09-18 13:29:54,395855N1221170W004,20N02W18R008M,5/25/2005,00:00,,,6.300,0.000,6.300,133.965,131.365,127.665,3.700,UNK - Unknown,Unknown,Department of Water Resources,Voluntary,5,25,2005
Glenn_01.01.2003-06.21.2013.csv,Glenn,39.5855,-122.117,W004,2013-09-18 13:29:54,395855N1221170W004,20N02W18R008M,6/22/2005,00:00,,,7.500,0.000,7.500,133.965,131.365,126.465,4.900,UNK - Unknown,Unknown,Department of Water Resources,Voluntary,6,22,2005
Glenn_01.01.2003-06.21.2013.csv,Glenn,39.5855,-122.117,W004,2013-09-18 13:29:54,395855N1221170W004,20N02W18R008M,7/27/2005,00:00,,,8.400,0.000,8.400,133.965,131.365,125.565,5.800,UNK - Unknown,Unknown,Department of Water Resources,Voluntary,7,27,2005
Glenn_01.01.2003-06.21.2013.csv,Glenn,39.5855,-122.117,W004,2013-09-18 13:29:54,395855N1221170W004,20N02W18R008M,8/24/2005,00:00,,,8.500,0.000,8.500,133.965,131.365,125.465,5.900,UNK - Unknown,Unknown,Department of Water Resources,Voluntary,8,24,2005
Glenn_01.01.2003-06.21.2013.csv,Glenn,39.5855,-122.117,W004,2013-09-18 13:29:54,395855N1221170W004,20N02W18R008M,9/28/2005,00:00,,,9.600,0.000,9.600,133.965,131.365,124.365,7.000,UNK - Unknown,Unknown,Department of Water Resources,Voluntary,9,28,2005
Glenn_01.01.2003-06.21.2013.csv,Glenn,39.5855,-122.117,W004,2013-09-18 13:29:54,395855N1221170W004,20N02W18R008M,10/19/2005,00:00,,,9.900,0.000,9.900,133.965,131.365,124.065,7.300,UNK - Unknown,Unknown,Department of Water Resources,Voluntary,10,19,2005
Glenn_01.01.2003-06.21.2013.csv,Glenn,39.5855,-122.117,W004,2013-09-18 13:29:54,395855N1221170W004,20N02W18R008M,3/27/2006,00:00,,,6.900,0.000,6.900,133.965,131.365,127.065,4.300,UNK - Unknown,Unknown,Department of Water Resources,Voluntary,3,27,2006
Glenn_01.01.2003-06.21.2013.csv,Glenn,39.5855,-122.117,W004,2013-09-18 13:29:54,395855N1221170W004,20N02W18R008M,5/17/2006,00:00,,,7.600,0.000,7.600,133.965,131.365,126.365,5.000,UNK - Unknown,Unknown,Department of Water Resources,Voluntary,5,17,2006
Glenn_01.01.2003-06.21.2013.csv,Glenn,39.5855,-122.117,W004,2013-09-18 13:29:54,395855N1221170W004,20N02W18R008M,8/2/2006,00:00,,,8.400,0.000,8.400,133.965,131.365,125.565,5.800,UNK - Unknown,Unknown,Department of Water Resources,Voluntary,8,2,2006
Glenn_01.01.2003-06.21.2013.csv,Glenn,39.5855,-122.117,W004,2013-09-18 13:29:54,395855N1221170W004,20N02W18R008M,10/12/2006,00:00,,,9.700,0.000,9.700,133.965,131.365,124.265,7.100,UNK - Unknown,Unknown,Department of Water Resources,Voluntary,10,12,2006
Glenn_01.01.2003-06.21.2013.csv,Glenn,39.5855,-122.117,W004,2013-09-18 13:29:54,395855N1221170W004,20N02W18R008M,3/22/2007,00:00,,,9.850,0.000,9.850,133.965,131.365,124.115,7.250,UNK - Unknown,Unknown,Department of Water Resources,Voluntary,3,22,2007
Glenn_01.01.2003-06.21.2013.csv,Glenn,39.5855,-122.117,W004,2013-09-18 13:29:54,395855N1221170W004,20N02W18R008M,8/8/2007,00:00,,,10.150,0.000,10.150,133.965,131.365,123.815,7.550,UNK - Unknown,Unknown,Department of Water Resources,Voluntary,8,8,2007
Glenn_01.01.2003-06.21.2013.csv,Glenn,39.5855,-122.117,W004,2013-09-18 13:29:54,395855N1221170W004,20N02W18R008M,10/16/2007,00:00,,,11.640,0.000,11.640,133.965,131.365,122.325,9.040,UNK - Unknown,Unknown,Department of Water Resources,Voluntary,10,16,2007
Glenn_01.01.2003-06.21.2013.csv,Glenn,39.5855,-122.117,W004,2013-09-18 13:29:54,395855N1221170W004,20N02W18R008M,1/17/2008,00:00,,,8.640,0.000,8.640,133.965,131.365,125.325,6.040,UNK - Unknown,Unknown,Department of Water Resources,Voluntary,1,17,2008
Glenn_01.01.2003-06.21.2013.csv,Glenn,39.5855,-122.117,W004,2013-09-18 13:29:54,395855N1221170W004,20N02W18R008M,3/13/2008,00:00,,,9.600,0.000,9.600,133.965,131.365,124.365,7.000,UNK - Unknown,Unknown,Department of Water Resources,Voluntary,3,13,2008
Glenn_01.01.2003-06.21.2013.csv,Glenn,39.5855,-122.117,W004,2013-09-18 13:29:54,395855N1221170W004,20N02W18R008M,7/3/2008,00:00,,,10.940,0.000,10.940,133.965,131.365,123.025,8.340,UNK - Unknown,Unknown,Department of Water Resources,Voluntary,7,3,2008
Glenn_01.01.2003-06.21.2013.csv,Glenn,39.5855,-122.117,W004,2013-09-18 13:29:54,395855N1221170W004,20N02W18R008M,7/16/2008,00:00,,,10.380,0.000,10.380,133.965,131.365,123.585,7.780,UNK - Unknown,Unknown,Department of Water Resources,Voluntary,7,16,2008
Glenn_01.01.2003-06.21.2013.csv,Glenn,39.5855,-122.117,W004,2013-09-18 13:29:54,395855N1221170W004,20N02W18R008M,7/22/2008,00:00,,,11.200,0.000,11.200,133.965,131.365,122.765,8.600,UNK - Unknown,Unknown,Department of Water Resources,Voluntary,7,22,2008
Glenn_01.01.2003-06.21.2013.csv,Glenn,39.5855,-122.117,W004,2013-09-18 13:29:54,395855N1221170W004,20N02W18R008M,8/5/2008,00:00,,,11.080,0.000,11.080,133.965,131.365,122.885,8.480,UNK - Unknown,Unknown,Department of Water Resources,Voluntary,8,5,2008
Glenn_01.01.2003-06.21.2013.csv,Glenn,39.5855,-122.117,W004,2013-09-18 13:29:54,395855N1221170W004,20N02W18R008M,10/20/2008,00:00,,,13.070,0.000,13.070,133.965,131.365,120.895,10.470,UNK - Unknown,Unknown,Department of Water Resources,Voluntary,10,20,2008
Glenn_01.01.2003-06.21.2013.csv,Glenn,39.5855,-122.117,W004,2013-09-18 13:29:54,395855N1221170W004,20N02W18R008M,1/14/2009,00:00,,,11.800,0.000,11.800,133.965,131.365,122.165,9.200,UNK - Unknown,Unknown,Department of Water Resources,Voluntary,1,14,2009
Glenn_01.01.2003-06.21.2013.csv,Glenn,39.5855,-122.117,W004,2013-09-18 13:29:54,395855N1221170W004,20N02W18R008M,3/25/2009,00:00,,,11.430,0.000,11.430,133.965,131.365,122.535,8.830,UNK - Unknown,Unknown,Department of Water Resources,Voluntary,3,25,2009
Glenn_01.01.2003-06.21.2013.csv,Glenn,39.5855,-122.117,W004,2013-09-18 13:29:54,395855N1221170W004,20N02W18R008M,5/13/2009,00:00,,,11.020,0.000,11.020,133.965,131.365,122.945,8.420,UNK - Unknown,Unknown,Department of Water Resources,Voluntary,5,13,2009
Glenn_01.01.2003-06.21.2013.csv,Glenn,39.5855,-122.117,W004,2013-09-18 13:29:54,395855N1221170W004,20N02W18R008M,6/25/2009,00:00,,,11.280,0.000,11.280,133.965,131.365,122.685,8.680,UNK - Unknown,Unknown,Department of Water Resources,Voluntary,6,25,2009
Glenn_01.01.2003-06.21.2013.csv,Glenn,39.5855,-122.117,W004,2013-09-18 13:29:54,395855N1221170W004,20N02W18R008M,8/6/2009,00:00,,,11.100,0.000,11.100,133.965,131.365,122.865,8.500,UNK - Unknown,Unknown,Department of Water Resources,Voluntary,8,6,2009
Glenn_01.01.2003-06.21.2013.csv,Glenn,39.5855,-122.117,W004,2013-09-18 13:29:54,395855N1221170W004,20N02W18R008M,9/15/2009,00:00,,,10.960,0.000,10.960,133.965,131.365,123.005,8.360,UNK - Unknown,Unknown,Department of Water Resources,Voluntary,9,15,2009
Glenn_01.01.2003-06.21.2013.csv,Glenn,39.5855,-122.117,W004,2013-09-18 13:29:54,395855N1221170W004,20N02W18R008M,10/22/2009,00:00,,,13.320,0.000,13.320,133.965,131.365,120.645,10.720,UNK - Unknown,Unknown,Department of Water Resources,Voluntary,10,22,2009
Glenn_01.01.2003-06.21.2013.csv,Glenn,39.5855,-122.117,W004,2013-09-18 13:29:54,395855N1221170W004,20N02W18R008M,3/26/2010,00:00,,,11.200,0.000,11.200,133.965,131.365,122.765,8.600,UNK - Unknown,Unknown,Department of Water Resources,Voluntary,3,26,2010
Glenn_01.01.2003-06.21.2013.csv,Glenn,39.5855,-122.117,W004,2013-09-18 13:29:54,395855N1221170W004,20N02W18R008M,8/3/2010,00:00,,,11.330,0.000,11.330,133.965,131.365,122.635,8.730,UNK - Unknown,Unknown,Department of Water Resources,Voluntary,8,3,2010
Glenn_01.01.2003-06.21.2013.csv,Glenn,39.5855,-122.117,W004,2013-09-18 13:29:54,395855N1221170W004,20N02W18R008M,10/19/2010,00:00,,,12.410,0.000,12.410,133.965,131.365,121.555,9.810,UNK - Unknown,Unknown,Department of Water Resources,Voluntary,10,19,2010
Glenn_01.01.2003-06.21.2013.csv,Glenn,39.5855,-122.117,W004,2013-09-18 13:29:54,395855N1221170W004,20N02W18R008M,4/4/2011,00:00,,,10.140,0.000,10.140,133.965,131.365,123.825,7.540,UNK - Unknown,Unknown,Department of Water Resources,Voluntary,4,4,2011
Glenn_01.01.2003-06.21.2013.csv,Glenn,39.5855,-122.117,W004,2013-09-18 13:29:54,395855N1221170W004,20N02W18R008M,8/2/2011,00:00,,,10.790,0.000,10.790,133.965,131.365,123.175,8.190,UNK - Unknown,Unknown,Department of Water Resources,Voluntary,8,2,2011
Glenn_01.01.2003-06.21.2013.csv,Glenn,39.5913,-122.0367,W001,2013-09-18 13:29:54,395913N1220367W001,20N02W13G001M,10/11/2011,00:00,,,3.790,0.000,3.790,115.800,115.400,112.010,3.390,ES - Electric sounder measurement,0.01 Ft,Department of Water Resources,Voluntary,10,11,2011
Glenn_01.01.2003-06.21.2013.csv,Glenn,39.5913,-122.0367,W001,2013-09-18 13:29:54,395913N1220367W001,20N02W13G001M,3/28/2012,00:00,,,2.980,0.000,2.980,115.800,115.400,112.820,2.580,ES - Electric sounder measurement,0.01 Ft,Department of Water Resources,Voluntary,3,28,2012
Glenn_01.01.2003-06.21.2013.csv,Glenn,39.5913,-122.0367,W001,2013-09-18 13:29:54,395913N1220367W001,20N02W13G001M,7/31/2012,00:00,,,1.720,0.000,1.720,115.800,115.400,114.080,1.320,ES - Electric sounder measurement,0.01 Ft,Department of Water Resources,Voluntary,7,31,2012
Glenn_01.01.2003-06.21.2013.csv,Glenn,39.5913,-122.0367,W001,2013-09-18 13:29:54,395913N1220367W001,20N02W13G001M,10/16/2012,00:00,,,5.390,0.000,5.390,115.800,115.400,110.410,4.990,ES - Electric sounder measurement,0.01 Ft,Department of Water Resources,Voluntary,10,16,2012
Glenn_01.01.2003-06.21.2013.csv,Glenn,39.5913,-122.0367,W001,2013-09-18 13:29:54,395913N1220367W001,20N02W13G001M,3/13/2003,00:00,,,4.400,0.000,4.400,115.800,115.400,111.400,4.000,UNK - Unknown,Unknown,Department of Water Resources,Voluntary,3,13,2003
Glenn_01.01.2003-06.21.2013.csv,Glenn,39.5913,-122.0367,W001,2013-09-18 13:29:54,395913N1220367W001,20N02W13G001M,4/8/2003,00:00,,,4.900,0.000,4.900,115.800,115.400,110.900,4.500,UNK - Unknown,Unknown,Department of Water Resources,Voluntary,4,8,2003
Glenn_01.01.2003-06.21.2013.csv,Glenn,39.5913,-122.0367,W001,2013-09-18 13:29:54,395913N1220367W001,20N02W13G001M,5/20/2003,00:00,,,6.000,0.000,6.000,115.800,115.400,109.800,5.600,UNK - Unknown,Unknown,Department of Water Resources,Voluntary,5,20,2003
Glenn_01.01.2003-06.21.2013.csv,Glenn,39.5913,-122.0367,W001,2013-09-18 13:29:54,395913N1220367W001,20N02W13G001M,6/20/2003,00:00,,,2.400,0.000,2.400,115.800,115.400,113.400,2.000,UNK - Unknown,Unknown,Department of Water Resources,Voluntary,6,20,2003
Glenn_01.01.2003-06.21.2013.csv,Glenn,39.5913,-122.0367,W001,2013-09-18 13:29:54,395913N1220367W001,20N02W13G001M,7/30/2003,00:00,,,3.300,0.000,3.300,115.800,115.400,112.500,2.900,UNK - Unknown,Unknown,Department of Water Resources,Voluntary,7,30,2003
Glenn_01.01.2003-06.21.2013.csv,Glenn,39.5913,-122.0367,W001,2013-09-18 13:29:54,395913N1220367W001,20N02W13G001M,8/28/2003,00:00,,,1.500,0.000,1.500,115.800,115.400,114.300,1.100,UNK - Unknown,Unknown,Department of Water Resources,Voluntary,8,28,2003
Glenn_01.01.2003-06.21.2013.csv,Glenn,39.5913,-122.0367,W001,2013-09-18 13:29:54,395913N1220367W001,20N02W13G001M,9/18/2003,00:00,,,2.000,0.000,2.000,115.800,115.400,113.800,1.600,UNK - Unknown,Unknown,Department of Water Resources,Voluntary,9,18,2003
Glenn_01.01.2003-06.21.2013.csv,Glenn,39.5913,-122.0367,W001,2013-09-18 13:29:54,395913N1220367W001,20N02W13G001M,10/15/2003,00:00,,4 - Pumped recently,7.100,0.000,7.100,115.800,115.400,108.700,6.700,UNK - Unknown,Unknown,Department of Water Resources,Voluntary,10,15,2003
Glenn_01.01.2003-06.21.2013.csv,Glenn,39.5913,-122.0367,W001,2013-09-18 13:29:54,395913N1220367W001,20N02W13G001M,11/18/2003,00:00,,,2.200,0.000,2.200,115.800,115.400,113.600,1.800,UNK - Unknown,Unknown,Department of Water Resources,Voluntary,11,18,2003
Glenn_01.01.2003-06.21.2013.csv,Glenn,39.5913,-122.0367,W001,2013-09-18 13:29:54,395913N1220367W001,20N02W13G001M,3/31/2004,00:00,,,4.500,0.000,4.500,115.800,115.400,111.300,4.100,UNK - Unknown,Unknown,Department of Water Resources,Voluntary,3,31,2004
Glenn_01.01.2003-06.21.2013.csv,Glenn,39.5913,-122.0367,W001,2013-09-18 13:29:54,395913N1220367W001,20N02W13G001M,4/27/2004,00:00,,,4.100,0.000,4.100,115.800,115.400,111.700,3.700,UNK - Unknown,Unknown,Department of Water Resources,Voluntary,4,27,2004
Glenn_01.01.2003-06.21.2013.csv,Glenn,39.5913,-122.0367,W001,2013-09-18 13:29:54,395913N1220367W001,20N02W13G001M,5/21/2004,00:00,,,1.700,0.000,1.700,115.800,115.400,114.100,1.300,UNK - Unknown,Unknown,Department of Water Resources,Voluntary,5,21,2004
Glenn_01.01.2003-06.21.2013.csv,Glenn,39.5913,-122.0367,W001,2013-09-18 13:29:54,395913N1220367W001,20N02W13G001M,6/22/2004,00:00,,,1.900,0.000,1.900,115.800,115.400,113.900,1.500,UNK - Unknown,Unknown,Department of Water Resources,Voluntary,6,22,2004
Glenn_01.01.2003-06.21.2013.csv,Glenn,39.5913,-122.0367,W001,2013-09-18 13:29:54,395913N1220367W001,20N02W13G001M,7/28/2004,00:00,,,1.700,0.000,1.700,115.800,115.400,114.100,1.300,UNK - Unknown,Unknown,Department of Water Resources,Voluntary,7,28,2004
Glenn_01.01.2003-06.21.2013.csv,Glenn,39.5913,-122.0367,W001,2013-09-18 13:29:54,395913N1220367W001,20N02W13G001M,8/25/2004,00:00,,,1.400,0.000,1.400,115.800,115.400,114.400,1.000,UNK - Unknown,Unknown,Department of Water Resources,Voluntary,8,25,2004
Glenn_01.01.2003-06.21.2013.csv,Glenn,39.5913,-122.0367,W001,2013-09-18 13:29:54,395913N1220367W001,20N02W13G001M,9/22/2004,00:00,,,3.800,0.000,3.800,115.800,115.400,112.000,3.400,UNK - Unknown,Unknown,Department of Water Resources,Voluntary,9,22,2004
Glenn_01.01.2003-06.21.2013.csv,Glenn,39.5913,-122.0367,W001,2013-09-18 13:29:54,395913N1220367W001,20N02W13G001M,10/20/2004,00:00,,,2.300,0.000,2.300,115.800,115.400,113.500,1.900,UNK - Unknown,Unknown,Department of Water Resources,Voluntary,10,20,2004
Glenn_01.01.2003-06.21.2013.csv,Glenn,39.5913,-122.0367,W001,2013-09-18 13:29:54,395913N1220367W001,20N02W13G001M,11/16/2004,00:00,,,2.300,0.000,2.300,115.800,115.400,113.500,1.900,UNK - Unknown,Unknown,Department of Water Resources,Voluntary,11,16,2004
Glenn_01.01.2003-06.21.2013.csv,Glenn,39.5913,-122.0367,W001,2013-09-18 13:29:54,395913N1220367W001,20N02W13G001M,3/29/2005,00:00,,,4.200,0.000,4.200,115.800,115.400,111.600,3.800,UNK - Unknown,Unknown,Department of Water Resources,Voluntary,3,29,2005
Glenn_01.01.2003-06.21.2013.csv,Glenn,39.5913,-122.0367,W001,2013-09-18 13:29:54,395913N1220367W001,20N02W13G001M,4/29/2005,00:00,,,4.700,0.000,4.700,115.800,115.400,111.100,4.300,UNK - Unknown,Unknown,Department of Water Resources,Voluntary,4,29,2005
Glenn_01.01.2003-06.21.2013.csv,Glenn,39.5913,-122.0367,W001,2013-09-18 13:29:54,395913N1220367W001,20N02W13G001M,5/25/2005,00:00,,,1.700,0.000,1.700,115.800,115.400,114.100,1.300,UNK - Unknown,Unknown,Department of Water Resources,Voluntary,5,25,2005
Glenn_01.01.2003-06.21.2013.csv,Glenn,39.5913,-122.0367,W001,2013-09-18 13:29:54,395913N1220367W001,20N02W13G001M,6/22/2005,00:00,,,1.700,0.000,1.700,115.800,115.400,114.100,1.300,UNK - Unknown,Unknown,Department of Water Resources,Voluntary,6,22,2005
Glenn_01.01.2003-06.21.2013.csv,Glenn,39.5913,-122.0367,W001,2013-09-18 13:29:54,395913N1220367W001,20N02W13G001M,7/27/2005,00:00,,,1.800,0.000,1.800,115.800,115.400,114.000,1.400,UNK - Unknown,Unknown,Department of Water Resources,Voluntary,7,27,2005
Glenn_01.01.2003-06.21.2013.csv,Glenn,39.5913,-122.0367,W001,2013-09-18 13:29:54,395913N1220367W001,20N02W13G001M,8/24/2005,00:00,,,1.800,0.000,1.800,115.800,115.400,114.000,1.400,UNK - Unknown,Unknown,Department of Water Resources,Voluntary,8,24,2005
Glenn_01.01.2003-06.21.2013.csv,Glenn,39.5913,-122.0367,W001,2013-09-18 13:29:54,395913N1220367W001,20N02W13G001M,9/28/2005,00:00,,,4.200,0.000,4.200,115.800,115.400,111.600,3.800,UNK - Unknown,Unknown,Department of Water Resources,Voluntary,9,28,2005
Glenn_01.01.2003-06.21.2013.csv,Glenn,39.5913,-122.0367,W001,2013-09-18 13:29:54,395913N1220367W001,20N02W13G001M,10/19/2005,00:00,,,5.100,0.000,5.100,115.800,115.400,110.700,4.700,UNK - Unknown,Unknown,Department of Water Resources,Voluntary,10,19,2005
Glenn_01.01.2003-06.21.2013.csv,Glenn,39.5913,-122.0367,W001,2013-09-18 13:29:54,395913N1220367W001,20N02W13G001M,3/27/2006,00:00,,,3.000,0.000,3.000,115.800,115.400,112.800,2.600,UNK - Unknown,Unknown,Department of Water Resources,Voluntary,3,27,2006
Glenn_01.01.2003-06.21.2013.csv,Glenn,39.5913,-122.0367,W001,2013-09-18 13:29:54,395913N1220367W001,20N02W13G001M,5/18/2006,00:00,,,3.400,0.000,3.400,115.800,115.400,112.400,3.000,UNK - Unknown,Unknown,Department of Water Resources,Voluntary,5,18,2006
Glenn_01.01.2003-06.21.2013.csv,Glenn,39.5913,-122.0367,W001,2013-09-18 13:29:54,395913N1220367W001,20N02W13G001M,8/2/2006,00:00,1 - Pumping,,NULL,NULL,NULL,115.800,115.400,NULL,NULL,,,Department of Water Resources,Voluntary,8,2,2006
Glenn_01.01.2003-06.21.2013.csv,Glenn,39.5913,-122.0367,W001,2013-09-18 13:29:54,395913N1220367W001,20N02W13G001M,10/12/2006,00:00,,,4.700,0.000,4.700,115.800,115.400,111.100,4.300,UNK - Unknown,Unknown,Department of Water Resources,Voluntary,10,12,2006
Glenn_01.01.2003-06.21.2013.csv,Glenn,39.5913,-122.0367,W001,2013-09-18 13:29:54,395913N1220367W001,20N02W13G001M,3/22/2007,00:00,,,5.200,0.000,5.200,115.800,115.400,110.600,4.800,UNK - Unknown,Unknown,Department of Water Resources,Voluntary,3,22,2007
Glenn_01.01.2003-06.21.2013.csv,Glenn,39.5913,-122.0367,W001,2013-09-18 13:29:54,395913N1220367W001,20N02W13G001M,8/7/2007,00:00,,4 - Pumped recently,1.600,0.000,1.600,115.800,115.400,114.200,1.200,UNK - Unknown,Unknown,Department of Water Resources,Voluntary,8,7,2007
Glenn_01.01.2003-06.21.2013.csv,Glenn,39.5913,-122.0367,W001,2013-09-18 13:29:54,395913N1220367W001,20N02W13G001M,10/17/2007,00:00,,,3.600,0.000,3.600,115.800,115.400,112.200,3.200,UNK - Unknown,Unknown,Department of Water Resources,Voluntary,10,17,2007
Glenn_01.01.2003-06.21.2013.csv,Glenn,39.5913,-122.0367,W001,2013-09-18 13:29:54,395913N1220367W001,20N02W13G001M,3/12/2008,00:00,,4 - Pumped recently,4.900,0.000,4.900,115.800,115.400,110.900,4.500,UNK - Unknown,Unknown,Department of Water Resources,Voluntary,3,12,2008
Glenn_01.01.2003-06.21.2013.csv,Glenn,39.5913,-122.0367,W001,2013-09-18 13:29:54,395913N1220367W001,20N02W13G001M,8/6/2008,00:00,,,2.000,0.000,2.000,115.800,115.400,113.800,1.600,UNK - Unknown,Unknown,Department of Water Resources,Voluntary,8,6,2008
Glenn_01.01.2003-06.21.2013.csv,Glenn,39.5913,-122.0367,W001,2013-09-18 13:29:54,395913N1220367W001,20N02W13G001M,10/20/2008,00:00,,,3.600,0.000,3.600,115.800,115.400,112.200,3.200,UNK - Unknown,Unknown,Department of Water Resources,Voluntary,10,20,2008
Glenn_01.01.2003-06.21.2013.csv,Glenn,39.5913,-122.0367,W001,2013-09-18 13:29:54,395913N1220367W001,20N02W13G001M,1/14/2009,00:00,,,5.650,0.000,5.650,115.800,115.400,110.150,5.250,UNK - Unknown,Unknown,Department of Water Resources,Voluntary,1,14,2009
Glenn_01.01.2003-06.21.2013.csv,Glenn,39.5913,-122.0367,W001,2013-09-18 13:29:54,395913N1220367W001,20N02W13G001M,3/25/2009,00:00,,,4.900,0.000,4.900,115.800,115.400,110.900,4.500,UNK - Unknown,Unknown,Department of Water Resources,Voluntary,3,25,2009
Glenn_01.01.2003-06.21.2013.csv,Glenn,39.5913,-122.0367,W001,2013-09-18 13:29:54,395913N1220367W001,20N02W13G001M,5/13/2009,00:00,,,2.000,0.000,2.000,115.800,115.400,113.800,1.600,UNK - Unknown,Unknown,Department of Water Resources,Voluntary,5,13,2009
Glenn_01.01.2003-06.21.2013.csv,Glenn,39.5913,-122.0367,W001,2013-09-18 13:29:54,395913N1220367W001,20N02W13G001M,6/25/2009,00:00,,,1.810,0.000,1.810,115.800,115.400,113.990,1.410,UNK - Unknown,Unknown,Department of Water Resources,Voluntary,6,25,2009
Glenn_01.01.2003-06.21.2013.csv,Glenn,39.5913,-122.0367,W001,2013-09-18 13:29:54,395913N1220367W001,20N02W13G001M,8/5/2009,00:00,,,1.700,0.000,1.700,115.800,115.400,114.100,1.300,UNK - Unknown,Unknown,Department of Water Resources,Voluntary,8,5,2009
Glenn_01.01.2003-06.21.2013.csv,Glenn,39.5913,-122.0367,W001,2013-09-18 13:29:54,395913N1220367W001,20N02W13G001M,9/15/2009,00:00,,,2.130,0.000,2.130,115.800,115.400,113.670,1.730,UNK - Unknown,Unknown,Department of Water Resources,Voluntary,9,15,2009
Glenn_01.01.2003-06.21.2013.csv,Glenn,39.5913,-122.0367,W001,2013-09-18 13:29:54,395913N1220367W001,20N02W13G001M,10/22/2009,00:00,,,3.330,0.000,3.330,115.800,115.400,112.470,2.930,UNK - Unknown,Unknown,Department of Water Resources,Voluntary,10,22,2009
Glenn_01.01.2003-06.21.2013.csv,Glenn,39.5913,-122.0367,W001,2013-09-18 13:29:54,395913N1220367W001,20N02W13G001M,3/25/2010,00:00,,,4.580,0.000,4.580,115.800,115.400,111.220,4.180,UNK - Unknown,Unknown,Department of Water Resources,Voluntary,3,25,2010
Glenn_01.01.2003-06.21.2013.csv,Glenn,39.5913,-122.0367,W001,2013-09-18 13:29:54,395913N1220367W001,20N02W13G001M,8/3/2010,00:00,,,1.690,0.000,1.690,115.800,115.400,114.110,1.290,UNK - Unknown,Unknown,Department of Water Resources,Voluntary,8,3,2010
Glenn_01.01.2003-06.21.2013.csv,Glenn,39.5913,-122.0367,W001,2013-09-18 13:29:54,395913N1220367W001,20N02W13G001M,10/19/2010,00:00,,,5.270,0.000,5.270,115.800,115.400,110.530,4.870,UNK - Unknown,Unknown,Department of Water Resources,Voluntary,10,19,2010
Glenn_01.01.2003-06.21.2013.csv,Glenn,39.5913,-122.0367,W001,2013-09-18 13:29:54,395913N1220367W001,20N02W13G001M,4/4/2011,00:00,,,3.460,0.000,3.460,115.800,115.400,112.340,3.060,UNK - Unknown,Unknown,Department of Water Resources,Voluntary,4,4,2011
Glenn_01.01.2003-06.21.2013.csv,Glenn,39.5913,-122.0367,W001,2013-09-18 13:29:54,395913N1220367W001,20N02W13G001M,8/2/2011,00:00,,,1.410,0.000,1.410,115.800,115.400,114.390,1.010,UNK - Unknown,Unknown,Department of Water Resources,Voluntary,8,2,2011
Glenn_01.01.2003-06.21.2013.csv,Glenn,39.5913,-122.0367,W001,2013-09-18 13:29:54,395913N1220367W001,20N02W13G001M,10/11/2011,00:00,,,3.790,0.000,3.790,115.800,115.400,112.010,3.390,UNK - Unknown,Unknown,Department of Water Resources,Voluntary,10,11,2011
Glenn_01.01.2003-06.21.2013.csv,Glenn,39.5913,-122.0367,W001,2013-09-18 13:29:54,395913N1220367W001,20N02W13G001M,3/18/2013,00:00,,,5.740,0.000,5.740,115.800,115.400,110.060,5.340,ES - Electric sounder measurement,0.01 Ft,Department of Water Resources,Voluntary,3,18,2013
Glenn_01.01.2003-06.21.2013.csv,Glenn,39.6034,-122.2377,W001,2013-09-18 13:29:54,396034N1222377W001,20N03W07K003M,3/28/2012,09:30,,,40.300,0.000,40.300,168.460,168.460,128.160,40.300,ES - Electric sounder measurement,0.01 Ft,"County of Glenn, Department of Agriculture",Voluntary,3,28,2012
Glenn_01.01.2003-06.21.2013.csv,Glenn,39.6034,-122.2377,W001,2013-09-18 13:29:54,396034N1222377W001,20N03W07K003M,10/15/2012,00:00,1 - Pumping,,NULL,NULL,NULL,168.460,168.460,NULL,NULL,,,"County of Glenn, Department of Agriculture",Voluntary,10,15,2012
Glenn_01.01.2003-06.21.2013.csv,Glenn,39.6034,-122.2377,W001,2013-09-18 13:29:54,396034N1222377W001,20N03W07K003M,3/20/2013,00:00,,,44.400,0.000,44.400,168.460,168.460,124.060,44.400,ES - Electric sounder measurement,0.01 Ft,"County of Glenn, Department of Agriculture",Voluntary,3,20,2013
Glenn_01.01.2003-06.21.2013.csv,Glenn,39.6034,-122.2377,W001,2013-09-18 13:29:54,396034N1222377W001,20N03W07K003M,4/7/2003,00:00,,,20.600,0.000,20.600,168.460,168.460,147.860,20.600,UNK - Unknown,Unknown,Bureau of Reclamation,Voluntary,4,7,2003
Glenn_01.01.2003-06.21.2013.csv,Glenn,39.6034,-122.2377,W001,2013-09-18 13:29:54,396034N1222377W001,20N03W07K003M,10/14/2003,00:00,,,29.700,0.000,29.700,168.460,168.460,138.760,29.700,UNK - Unknown,Unknown,Bureau of Reclamation,Voluntary,10,14,2003
Glenn_01.01.2003-06.21.2013.csv,Glenn,39.6034,-122.2377,W001,2013-09-18 13:29:54,396034N1222377W001,20N03W07K003M,4/1/2004,00:00,,,20.500,0.000,20.500,168.460,168.460,147.960,20.500,UNK - Unknown,Unknown,Bureau of Reclamation,Voluntary,4,1,2004
Glenn_01.01.2003-06.21.2013.csv,Glenn,39.6034,-122.2377,W001,2013-09-18 13:29:54,396034N1222377W001,20N03W07K003M,11/5/2004,00:00,,,27.700,0.000,27.700,168.460,168.460,140.760,27.700,UNK - Unknown,Unknown,Bureau of Reclamation,Voluntary,11,5,2004
Glenn_01.01.2003-06.21.2013.csv,Glenn,39.6034,-122.2377,W001,2013-09-18 13:29:54,396034N1222377W001,20N03W07K003M,4/14/2005,00:00,,,18.100,0.000,18.100,168.460,168.460,150.360,18.100,UNK - Unknown,Unknown,Bureau of Reclamation,Voluntary,4,14,2005
Glenn_01.01.2003-06.21.2013.csv,Glenn,39.6034,-122.2377,W001,2013-09-18 13:29:54,396034N1222377W001,20N03W07K003M,10/18/2005,00:00,,,24.900,0.000,24.900,168.460,168.460,143.560,24.900,UNK - Unknown,Unknown,Bureau of Reclamation,Voluntary,10,18,2005
Glenn_01.01.2003-06.21.2013.csv,Glenn,39.6034,-122.2377,W001,2013-09-18 13:29:54,396034N1222377W001,20N03W07K003M,3/30/2006,00:00,,,16.900,0.000,16.900,168.460,168.460,151.560,16.900,UNK - Unknown,Unknown,Bureau of Reclamation,Voluntary,3,30,2006
Glenn_01.01.2003-06.21.2013.csv,Glenn,39.6034,-122.2377,W001,2013-09-18 13:29:54,396034N1222377W001,20N03W07K003M,3/28/2007,00:00,,,27.400,0.000,27.400,168.460,168.460,141.060,27.400,UNK - Unknown,Unknown,Bureau of Reclamation,Voluntary,3,28,2007
Glenn_01.01.2003-06.21.2013.csv,Glenn,39.6034,-122.2377,W001,2013-09-18 13:29:54,396034N1222377W001,20N03W07K003M,10/17/2006,00:00,,,25.600,0.000,25.600,168.460,168.460,142.860,25.600,UNK - Unknown,Unknown,Bureau of Reclamation,Voluntary,10,17,2006
Glenn_01.01.2003-06.21.2013.csv,Glenn,39.6034,-122.2377,W001,2013-09-18 13:29:54,396034N1222377W001,20N03W07K003M,10/23/2007,00:00,1 - Pumping,,NULL,NULL,NULL,168.460,168.460,NULL,NULL,,,Bureau of Reclamation,Voluntary,PUMPING10,23,2007
Glenn_01.01.2003-06.21.2013.csv,Glenn,39.6034,-122.2377,W001,2013-09-18 13:29:54,396034N1222377W001,20N03W07K003M,3/14/2008,00:00,,,22.300,0.000,22.300,168.460,168.460,146.160,22.300,UNK - Unknown,Unknown,Bureau of Reclamation,Voluntary,3,14,2008
Glenn_01.01.2003-06.21.2013.csv,Glenn,39.6034,-122.2377,W001,2013-09-18 13:29:54,396034N1222377W001,20N03W07K003M,9/30/2008,00:00,1 - Pumping,,NULL,NULL,NULL,168.460,168.460,NULL,NULL,,,Bureau of Reclamation,Voluntary,PUMPING9,30,2008
Glenn_01.01.2003-06.21.2013.csv,Glenn,39.6034,-122.2377,W001,2013-09-18 13:29:54,396034N1222377W001,20N03W07K003M,3/24/2009,00:00,,,33.800,0.000,33.800,168.460,168.460,134.660,33.800,UNK - Unknown,Unknown,County of Glenn,Voluntary,3,24,2009
Glenn_01.01.2003-06.21.2013.csv,Glenn,39.6034,-122.2377,W001,2013-09-18 13:29:54,396034N1222377W001,20N03W07K003M,3/23/2009,00:00,,,33.700,0.000,33.700,168.460,168.460,134.760,33.700,UNK - Unknown,Unknown,Bureau of Reclamation,Voluntary,3,23,2009
Glenn_01.01.2003-06.21.2013.csv,Glenn,39.6034,-122.2377,W001,2013-09-18 13:29:54,396034N1222377W001,20N03W07K003M,10/20/2009,00:00,,,56.800,0.000,56.800,168.460,168.460,111.660,56.800,UNK - Unknown,Unknown,Bureau of Reclamation,Voluntary,10,20,2009
Glenn_01.01.2003-06.21.2013.csv,Glenn,39.6034,-122.2377,W001,2013-09-18 13:29:54,396034N1222377W001,20N03W07K003M,4/8/2010,00:00,,,37.200,0.000,37.200,168.460,168.460,131.260,37.200,UNK - Unknown,Unknown,Bureau of Reclamation,Voluntary,4,8,2010
Glenn_01.01.2003-06.21.2013.csv,Glenn,39.6034,-122.2377,W001,2013-09-18 13:29:54,396034N1222377W001,20N03W07K003M,10/18/2010,00:00,,,33.200,0.000,33.200,168.460,168.460,135.260,33.200,UNK - Unknown,Unknown,Bureau of Reclamation,Voluntary,10,18,2010
Glenn_01.01.2003-06.21.2013.csv,Glenn,39.6034,-122.2377,W001,2013-09-18 13:29:54,396034N1222377W001,20N03W07K003M,4/7/2011,00:00,,,36.350,0.000,36.350,168.460,168.460,132.110,36.350,UNK - Unknown,Unknown,County of Glenn,Voluntary,4,7,2011
Glenn_01.01.2003-06.21.2013.csv,Glenn,39.6034,-122.2377,W001,2013-09-18 13:29:54,396034N1222377W001,20N03W07K003M,4/4/2011,00:00,,,34.500,0.000,34.500,168.460,168.460,133.960,34.500,UNK - Unknown,Unknown,Bureau of Reclamation,Voluntary,4,4,2011
Glenn_01.01.2003-06.21.2013.csv,Glenn,39.6034,-122.2377,W001,2013-09-18 13:29:54,396034N1222377W001,20N03W07K003M,10/12/2011,00:00,,,51.810,0.000,51.810,168.460,168.460,116.650,51.810,UNK - Unknown,Unknown,County of Glenn,Voluntary,10,12,2011
Glenn_01.01.2003-06.21.2013.csv,Glenn,39.6034,-122.2377,W001,2013-09-18 13:29:54,396034N1222377W001,20N03W07K003M,10/11/2011,00:00,9 - Temporarily inaccessible,,NULL,NULL,NULL,168.460,168.460,NULL,NULL,,,Bureau of Reclamation,Voluntary,WASPS ALL AROUND WELL10,11,2011
Glenn_01.01.2003-06.21.2013.csv,Glenn,39.6034,-122.2377,W001,2013-09-18 13:29:54,396034N1222377W001,20N03W07K003M,3/28/2012,00:00,0 - Measurement Discontinued,,NULL,NULL,NULL,168.460,168.460,NULL,NULL,,,Bureau of Reclamation,Voluntary,GLENN COUNTY NOW MEASURING3,28,2012
Glenn_01.01.2003-06.21.2013.csv,Glenn,39.604,-122.195,W001,2013-09-18 13:29:54,396040N1221950W001,20N03W09J001M,10/11/2011,00:00,,,31.720,0.000,31.720,156.440,156.440,124.720,31.720,ES - Electric sounder measurement,0.01 Ft,Department of Water Resources,Voluntary,10,11,2011
Glenn_01.01.2003-06.21.2013.csv,Glenn,39.604,-122.195,W001,2013-09-18 13:29:54,396040N1221950W001,20N03W09J001M,3/27/2012,00:00,,,26.700,0.000,26.700,156.440,156.440,129.740,26.700,ES - Electric sounder measurement,0.01 Ft,Department of Water Resources,Voluntary,3,27,2012
Glenn_01.01.2003-06.21.2013.csv,Glenn,39.604,-122.195,W001,2013-09-18 13:29:54,396040N1221950W001,20N03W09J001M,7/31/2012,00:00,,,44.880,0.000,44.880,156.440,156.440,111.560,44.880,ES - Electric sounder measurement,0.01 Ft,Department of Water Resources,Voluntary,7,31,2012
Glenn_01.01.2003-06.21.2013.csv,Glenn,39.604,-122.195,W001,2013-09-18 13:29:54,396040N1221950W001,20N03W09J001M,10/16/2012,00:00,6 - Well has been destroyed,,NULL,NULL,NULL,156.440,156.440,NULL,NULL,,,Department of Water Resources,Voluntary,Well gone; new orchard.10,16,2012
Glenn_01.01.2003-06.21.2013.csv,Glenn,39.604,-122.195,W001,2013-09-18 13:29:54,396040N1221950W001,20N03W09J001M,3/13/2003,00:00,,,16.700,0.000,16.700,156.440,156.440,139.740,16.700,UNK - Unknown,Unknown,Department of Water Resources,Voluntary,3,13,2003
Glenn_01.01.2003-06.21.2013.csv,Glenn,39.604,-122.195,W001,2013-09-18 13:29:54,396040N1221950W001,20N03W09J001M,4/8/2003,00:00,,,24.900,0.000,24.900,156.440,156.440,131.540,24.900,UNK - Unknown,Unknown,Department of Water Resources,Voluntary,4,8,2003
Glenn_01.01.2003-06.21.2013.csv,Glenn,39.604,-122.195,W001,2013-09-18 13:29:54,396040N1221950W001,20N03W09J001M,5/20/2003,00:00,,,16.200,0.000,16.200,156.440,156.440,140.240,16.200,UNK - Unknown,Unknown,Department of Water Resources,Voluntary,5,20,2003
Glenn_01.01.2003-06.21.2013.csv,Glenn,39.604,-122.195,W001,2013-09-18 13:29:54,396040N1221950W001,20N03W09J001M,6/20/2003,00:00,,2 - Nearby pump operating,35.100,0.000,35.100,156.440,156.440,121.340,35.100,UNK - Unknown,Unknown,Department of Water Resources,Voluntary,6,20,2003
Glenn_01.01.2003-06.21.2013.csv,Glenn,39.604,-122.195,W001,2013-09-18 13:29:54,396040N1221950W001,20N03W09J001M,7/29/2003,00:00,,,36.200,0.000,36.200,156.440,156.440,120.240,36.200,UNK - Unknown,Unknown,Department of Water Resources,Voluntary,7,29,2003
Glenn_01.01.2003-06.21.2013.csv,Glenn,39.604,-122.195,W001,2013-09-18 13:29:54,396040N1221950W001,20N03W09J001M,8/28/2003,00:00,,,28.900,0.000,28.900,156.440,156.440,127.540,28.900,UNK - Unknown,Unknown,Department of Water Resources,Voluntary,8,28,2003
Glenn_01.01.2003-06.21.2013.csv,Glenn,39.604,-122.195,W001,2013-09-18 13:29:54,396040N1221950W001,20N03W09J001M,9/18/2003,00:00,,,27.200,0.000,27.200,156.440,156.440,129.240,27.200,UNK - Unknown,Unknown,Department of Water Resources,Voluntary,9,18,2003
Glenn_01.01.2003-06.21.2013.csv,Glenn,39.604,-122.195,W001,2013-09-18 13:29:54,396040N1221950W001,20N03W09J001M,10/15/2003,00:00,,,22.200,0.000,22.200,156.440,156.440,134.240,22.200,UNK - Unknown,Unknown,Department of Water Resources,Voluntary,10,15,2003
Glenn_01.01.2003-06.21.2013.csv,Glenn,39.604,-122.195,W001,2013-09-18 13:29:54,396040N1221950W001,20N03W09J001M,11/18/2003,00:00,,,21.000,0.000,21.000,156.440,156.440,135.440,21.000,UNK - Unknown,Unknown,Department of Water Resources,Voluntary,11,18,2003
Glenn_01.01.2003-06.21.2013.csv,Glenn,39.604,-122.195,W001,2013-09-18 13:29:54,396040N1221950W001,20N03W09J001M,3/31/2004,00:00,,,17.300,0.000,17.300,156.440,156.440,139.140,17.300,UNK - Unknown,Unknown,Department of Water Resources,Voluntary,3,31,2004
Glenn_01.01.2003-06.21.2013.csv,Glenn,39.604,-122.195,W001,2013-09-18 13:29:54,396040N1221950W001,20N03W09J001M,4/27/2004,00:00,,,21.100,0.000,21.100,156.440,156.440,135.340,21.100,UNK - Unknown,Unknown,Department of Water Resources,Voluntary,4,27,2004
Glenn_01.01.2003-06.21.2013.csv,Glenn,39.604,-122.195,W001,2013-09-18 13:29:54,396040N1221950W001,20N03W09J001M,5/21/2004,00:00,,,24.700,0.000,24.700,156.440,156.440,131.740,24.700,UNK - Unknown,Unknown,Department of Water Resources,Voluntary,5,21,2004
Glenn_01.01.2003-06.21.2013.csv,Glenn,39.604,-122.195,W001,2013-09-18 13:29:54,396040N1221950W001,20N03W09J001M,6/22/2004,00:00,,,29.800,0.000,29.800,156.440,156.440,126.640,29.800,UNK - Unknown,Unknown,Department of Water Resources,Voluntary,6,22,2004
Glenn_01.01.2003-06.21.2013.csv,Glenn,39.604,-122.195,W001,2013-09-18 13:29:54,396040N1221950W001,20N03W09J001M,7/28/2004,00:00,,,29.100,0.000,29.100,156.440,156.440,127.340,29.100,UNK - Unknown,Unknown,Department of Water Resources,Voluntary,7,28,2004
Glenn_01.01.2003-06.21.2013.csv,Glenn,39.604,-122.195,W001,2013-09-18 13:29:54,396040N1221950W001,20N03W09J001M,8/25/2004,00:00,,,31.400,0.000,31.400,156.440,156.440,125.040,31.400,UNK - Unknown,Unknown,Department of Water Resources,Voluntary,8,25,2004
Glenn_01.01.2003-06.21.2013.csv,Glenn,39.604,-122.195,W001,2013-09-18 13:29:54,396040N1221950W001,20N03W09J001M,9/22/2004,00:00,,,23.800,0.000,23.800,156.440,156.440,132.640,23.800,UNK - Unknown,Unknown,Department of Water Resources,Voluntary,9,22,2004
Glenn_01.01.2003-06.21.2013.csv,Glenn,39.604,-122.195,W001,2013-09-18 13:29:54,396040N1221950W001,20N03W09J001M,10/20/2004,00:00,,,22.000,0.000,22.000,156.440,156.440,134.440,22.000,UNK - Unknown,Unknown,Department of Water Resources,Voluntary,10,20,2004
Glenn_01.01.2003-06.21.2013.csv,Glenn,39.604,-122.195,W001,2013-09-18 13:29:54,396040N1221950W001,20N03W09J001M,11/16/2004,00:00,,,20.600,0.000,20.600,156.440,156.440,135.840,20.600,UNK - Unknown,Unknown,Department of Water Resources,Voluntary,11,16,2004
Glenn_01.01.2003-06.21.2013.csv,Glenn,39.604,-122.195,W001,2013-09-18 13:29:54,396040N1221950W001,20N03W09J001M,3/29/2005,00:00,,,12.600,0.000,12.600,156.440,156.440,143.840,12.600,UNK - Unknown,Unknown,Department of Water Resources,Voluntary,3,29,2005
Glenn_01.01.2003-06.21.2013.csv,Glenn,39.604,-122.195,W001,2013-09-18 13:29:54,396040N1221950W001,20N03W09J001M,4/28/2005,00:00,,,15.000,0.000,15.000,156.440,156.440,141.440,15.000,UNK - Unknown,Unknown,Department of Water Resources,Voluntary,4,28,2005
Glenn_01.01.2003-06.21.2013.csv,Glenn,39.604,-122.195,W001,2013-09-18 13:29:54,396040N1221950W001,20N03W09J001M,5/24/2005,00:00,,,21.100,0.000,21.100,156.440,156.440,135.340,21.100,UNK - Unknown,Unknown,Department of Water Resources,Voluntary,5,24,2005
Glenn_01.01.2003-06.21.2013.csv,Glenn,39.604,-122.195,W001,2013-09-18 13:29:54,396040N1221950W001,20N03W09J001M,6/22/2005,00:00,,,19.700,0.000,19.700,156.440,156.440,136.740,19.700,UNK - Unknown,Unknown,Department of Water Resources,Voluntary,6,22,2005
Glenn_01.01.2003-06.21.2013.csv,Glenn,39.604,-122.195,W001,2013-09-18 13:29:54,396040N1221950W001,20N03W09J001M,7/26/2005,00:00,,,22.500,0.000,22.500,156.440,156.440,133.940,22.500,UNK - Unknown,Unknown,Department of Water Resources,Voluntary,7,26,2005
Glenn_01.01.2003-06.21.2013.csv,Glenn,39.604,-122.195,W001,2013-09-18 13:29:54,396040N1221950W001,20N03W09J001M,8/24/2005,00:00,,,23.400,0.000,23.400,156.440,156.440,133.040,23.400,UNK - Unknown,Unknown,Department of Water Resources,Voluntary,8,24,2005
Glenn_01.01.2003-06.21.2013.csv,Glenn,39.604,-122.195,W001,2013-09-18 13:29:54,396040N1221950W001,20N03W09J001M,9/27/2005,00:00,,,21.800,0.000,21.800,156.440,156.440,134.640,21.800,UNK - Unknown,Unknown,Department of Water Resources,Voluntary,9,27,2005
Glenn_01.01.2003-06.21.2013.csv,Glenn,39.604,-122.195,W001,2013-09-18 13:29:54,396040N1221950W001,20N03W09J001M,10/19/2005,00:00,,,20.700,0.000,20.700,156.440,156.440,135.740,20.700,UNK - Unknown,Unknown,Department of Water Resources,Voluntary,10,19,2005
Glenn_01.01.2003-06.21.2013.csv,Glenn,39.604,-122.195,W001,2013-09-18 13:29:54,396040N1221950W001,20N03W09J001M,3/27/2006,00:00,,,11.800,0.000,11.800,156.440,156.440,144.640,11.800,UNK - Unknown,Unknown,Department of Water Resources,Voluntary,3,27,2006
Glenn_01.01.2003-06.21.2013.csv,Glenn,39.604,-122.195,W001,2013-09-18 13:29:54,396040N1221950W001,20N03W09J001M,5/17/2006,00:00,,,15.200,0.000,15.200,156.440,156.440,141.240,15.200,UNK - Unknown,Unknown,Department of Water Resources,Voluntary,5,17,2006
Glenn_01.01.2003-06.21.2013.csv,Glenn,39.604,-122.195,W001,2013-09-18 13:29:54,396040N1221950W001,20N03W09J001M,8/2/2006,00:00,,,22.400,0.000,22.400,156.440,156.440,134.040,22.400,UNK - Unknown,Unknown,Department of Water Resources,Voluntary,8,2,2006
Glenn_01.01.2003-06.21.2013.csv,Glenn,39.604,-122.195,W001,2013-09-18 13:29:54,396040N1221950W001,20N03W09J001M,10/12/2006,00:00,,,22.600,0.000,22.600,156.440,156.440,133.840,22.600,UNK - Unknown,Unknown,Department of Water Resources,Voluntary,10,12,2006
Glenn_01.01.2003-06.21.2013.csv,Glenn,39.604,-122.195,W001,2013-09-18 13:29:54,396040N1221950W001,20N03W09J001M,3/22/2007,00:00,,,17.690,0.000,17.690,156.440,156.440,138.750,17.690,UNK - Unknown,Unknown,Department of Water Resources,Voluntary,3,22,2007
Glenn_01.01.2003-06.21.2013.csv,Glenn,39.604,-122.195,W001,2013-09-18 13:29:54,396040N1221950W001,20N03W09J001M,8/6/2007,00:00,,,37.170,0.000,37.170,156.440,156.440,119.270,37.170,UNK - Unknown,Unknown,Department of Water Resources,Voluntary,8,6,2007
Glenn_01.01.2003-06.21.2013.csv,Glenn,39.604,-122.195,W001,2013-09-18 13:29:54,396040N1221950W001,20N03W09J001M,10/16/2007,00:00,,,26.600,0.000,26.600,156.440,156.440,129.840,26.600,UNK - Unknown,Unknown,Department of Water Resources,Voluntary,10,16,2007
Glenn_01.01.2003-06.21.2013.csv,Glenn,39.604,-122.195,W001,2013-09-18 13:29:54,396040N1221950W001,20N03W09J001M,3/10/2008,00:00,,,17.900,0.000,17.900,156.440,156.440,138.540,17.900,UNK - Unknown,Unknown,Department of Water Resources,Voluntary,3,10,2008
Glenn_01.01.2003-06.21.2013.csv,Glenn,39.604,-122.195,W001,2013-09-18 13:29:54,396040N1221950W001,20N03W09J001M,8/5/2008,00:00,,,51.700,0.000,51.700,156.440,156.440,104.740,51.700,UNK - Unknown,Unknown,Department of Water Resources,Voluntary,8,5,2008
Glenn_01.01.2003-06.21.2013.csv,Glenn,39.604,-122.195,W001,2013-09-18 13:29:54,396040N1221950W001,20N03W09J001M,10/20/2008,00:00,,,36.260,0.000,36.260,156.440,156.440,120.180,36.260,UNK - Unknown,Unknown,Department of Water Resources,Voluntary,10,20,2008
Glenn_01.01.2003-06.21.2013.csv,Glenn,39.604,-122.195,W001,2013-09-18 13:29:54,396040N1221950W001,20N03W09J001M,1/14/2009,00:00,,,28.600,0.000,28.600,156.440,156.440,127.840,28.600,UNK - Unknown,Unknown,Department of Water Resources,Voluntary,1,14,2009
Glenn_01.01.2003-06.21.2013.csv,Glenn,39.604,-122.195,W001,2013-09-18 13:29:54,396040N1221950W001,20N03W09J001M,3/25/2009,00:00,,,26.640,0.000,26.640,156.440,156.440,129.800,26.640,UNK - Unknown,Unknown,Department of Water Resources,Voluntary,3,25,2009
Glenn_01.01.2003-06.21.2013.csv,Glenn,39.604,-122.195,W001,2013-09-18 13:29:54,396040N1221950W001,20N03W09J001M,5/13/2009,00:00,,,37.280,0.000,37.280,156.440,156.440,119.160,37.280,UNK - Unknown,Unknown,Department of Water Resources,Voluntary,5,13,2009
Glenn_01.01.2003-06.21.2013.csv,Glenn,39.604,-122.195,W001,2013-09-18 13:29:54,396040N1221950W001,20N03W09J001M,6/25/2009,00:00,,,49.520,0.000,49.520,156.440,156.440,106.920,49.520,UNK - Unknown,Unknown,Department of Water Resources,Voluntary,6,25,2009
Glenn_01.01.2003-06.21.2013.csv,Glenn,39.604,-122.195,W001,2013-09-18 13:29:54,396040N1221950W001,20N03W09J001M,8/6/2009,00:00,,,55.400,0.000,55.400,156.440,156.440,101.040,55.400,UNK - Unknown,Unknown,Department of Water Resources,Voluntary,8,6,2009
Glenn_01.01.2003-06.21.2013.csv,Glenn,39.604,-122.195,W001,2013-09-18 13:29:54,396040N1221950W001,20N03W09J001M,9/14/2009,00:00,,,51.500,0.000,51.500,156.440,156.440,104.940,51.500,UNK - Unknown,Unknown,Department of Water Resources,Voluntary,9,14,2009
Glenn_01.01.2003-06.21.2013.csv,Glenn,39.604,-122.195,W001,2013-09-18 13:29:54,396040N1221950W001,20N03W09J001M,10/21/2009,00:00,,,38.270,0.000,38.270,156.440,156.440,118.170,38.270,UNK - Unknown,Unknown,Department of Water Resources,Voluntary,10,21,2009
Glenn_01.01.2003-06.21.2013.csv,Glenn,39.604,-122.195,W001,2013-09-18 13:29:54,396040N1221950W001,20N03W09J001M,3/25/2010,00:00,,,26.130,0.000,26.130,156.440,156.440,130.310,26.130,UNK - Unknown,Unknown,Department of Water Resources,Voluntary,3,25,2010
Glenn_01.01.2003-06.21.2013.csv,Glenn,39.604,-122.195,W001,2013-09-18 13:29:54,396040N1221950W001,20N03W09J001M,8/3/2010,00:00,,,47.750,0.000,47.750,156.440,156.440,108.690,47.750,UNK - Unknown,Unknown,Department of Water Resources,Voluntary,8,3,2010
Glenn_01.01.2003-06.21.2013.csv,Glenn,39.604,-122.195,W001,2013-09-18 13:29:54,396040N1221950W001,20N03W09J001M,10/18/2010,00:00,,,36.780,0.000,36.780,156.440,156.440,119.660,36.780,UNK - Unknown,Unknown,Department of Water Resources,Voluntary,10,18,2010
Glenn_01.01.2003-06.21.2013.csv,Glenn,39.604,-122.195,W001,2013-09-18 13:29:54,396040N1221950W001,20N03W09J001M,4/4/2011,00:00,,,23.430,0.000,23.430,156.440,156.440,133.010,23.430,UNK - Unknown,Unknown,Department of Water Resources,Voluntary,4,4,2011
Glenn_01.01.2003-06.21.2013.csv,Glenn,39.604,-122.195,W001,2013-09-18 13:29:54,396040N1221950W001,20N03W09J001M,8/2/2011,00:00,,,39.630,0.000,39.630,156.440,156.440,116.810,39.630,UNK - Unknown,Unknown,Department of Water Resources,Voluntary,8,2,2011
Glenn_01.01.2003-06.21.2013.csv,Glenn,39.604,-122.195,W001,2013-09-18 13:29:54,396040N1221950W001,20N03W09J001M,10/11/2011,00:00,,,31.720,0.000,31.720,156.440,156.440,124.720,31.720,UNK - Unknown,Unknown,Department of Water Resources,Voluntary,10,11,2011
Glenn_01.01.2003-06.21.2013.csv,Glenn,39.604,-122.195,W001,2013-09-18 13:29:54,396040N1221950W001,20N03W09J001M,3/18/2013,00:00,6 - Well has been destroyed,,NULL,NULL,NULL,156.440,156.440,NULL,NULL,,,Department of Water Resources,Voluntary,Well gone; new orchard.3,18,2013
Glenn_01.01.2003-06.21.2013.csv,Glenn,39.6049,-122.2495,W001,2013-09-18 13:29:54,396049N1222495W001,20N03W07E001M,10/11/2011,00:00,,,114.210,0.000,114.210,180.832,179.172,66.622,112.550,ES - Electric sounder measurement,0.01 Ft,Department of Water Resources,CASGEM,10,11,2011
Glenn_01.01.2003-06.21.2013.csv,Glenn,39.6049,-122.2495,W001,2013-09-18 13:29:54,396049N1222495W001,20N03W07E001M,3/27/2012,00:00,,,102.230,0.000,102.230,180.832,179.172,78.602,100.570,ES - Electric sounder measurement,0.01 Ft,Department of Water Resources,CASGEM,3,27,2012
Glenn_01.01.2003-06.21.2013.csv,Glenn,39.6049,-122.2495,W001,2013-09-18 13:29:54,396049N1222495W001,20N03W07E001M,7/31/2012,00:00,,,117.950,0.000,117.950,180.832,179.172,62.882,116.290,ES - Electric sounder measurement,0.01 Ft,Department of Water Resources,CASGEM,7,31,2012
Glenn_01.01.2003-06.21.2013.csv,Glenn,39.6049,-122.2495,W001,2013-09-18 13:29:54,396049N1222495W001,20N03W07E001M,10/16/2012,00:00,,,119.630,0.000,119.630,180.832,179.172,61.202,117.970,ES - Electric sounder measurement,0.01 Ft,Department of Water Resources,CASGEM,10,16,2012
Glenn_01.01.2003-06.21.2013.csv,Glenn,39.6049,-122.2495,W001,2013-09-18 13:29:54,396049N1222495W001,20N03W07E001M,3/18/2013,00:00,,,102.260,0.000,102.260,180.832,179.172,78.572,100.600,ES - Electric sounder measurement,0.01 Ft,Department of Water Resources,CASGEM,3,18,2013
Glenn_01.01.2003-06.21.2013.csv,Glenn,39.6049,-122.2495,W001,2013-09-18 13:29:54,396049N1222495W001,20N03W07E001M,6/20/2007,00:00,,,85.900,0.000,85.900,180.832,179.172,94.932,84.240,UNK - Unknown,Unknown,Department of Water Resources,Voluntary,NEW WELL6,20,2007
Glenn_01.01.2003-06.21.2013.csv,Glenn,39.6049,-122.2495,W001,2013-09-18 13:29:54,396049N1222495W001,20N03W07E001M,7/5/2007,00:00,,,89.500,0.000,89.500,180.832,179.172,91.332,87.840,UNK - Unknown,Unknown,Department of Water Resources,Voluntary,7,5,2007
Glenn_01.01.2003-06.21.2013.csv,Glenn,39.6049,-122.2495,W001,2013-09-18 13:29:54,396049N1222495W001,20N03W07E001M,8/6/2007,00:00,,,94.550,0.000,94.550,180.832,179.172,86.282,92.890,UNK - Unknown,Unknown,Department of Water Resources,Voluntary,8,6,2007
Glenn_01.01.2003-06.21.2013.csv,Glenn,39.6049,-122.2495,W001,2013-09-18 13:29:54,396049N1222495W001,20N03W07E001M,10/15/2007,00:00,,,93.250,0.000,93.250,180.832,179.172,87.582,91.590,UNK - Unknown,Unknown,Department of Water Resources,Voluntary,10,15,2007
Glenn_01.01.2003-06.21.2013.csv,Glenn,39.6049,-122.2495,W001,2013-09-18 13:29:54,396049N1222495W001,20N03W07E001M,1/16/2008,00:00,,,86.580,0.000,86.580,180.832,179.172,94.252,84.920,UNK - Unknown,Unknown,Department of Water Resources,Voluntary,1,16,2008
Glenn_01.01.2003-06.21.2013.csv,Glenn,39.6049,-122.2495,W001,2013-09-18 13:29:54,396049N1222495W001,20N03W07E001M,3/13/2008,00:00,,,81.830,0.000,81.830,180.832,179.172,99.002,80.170,UNK - Unknown,Unknown,Department of Water Resources,Voluntary,3,13,2008
Glenn_01.01.2003-06.21.2013.csv,Glenn,39.6049,-122.2495,W001,2013-09-18 13:29:54,396049N1222495W001,20N03W07E001M,11/1/2007,00:00,,,92.450,0.000,92.450,180.832,179.172,88.382,90.790,UNK - Unknown,Unknown,Department of Water Resources,Voluntary,11,1,2007
Glenn_01.01.2003-06.21.2013.csv,Glenn,39.6049,-122.2495,W001,2013-09-18 13:29:54,396049N1222495W001,20N03W07E001M,5/20/2008,00:00,,,85.000,0.000,85.000,180.832,179.172,95.832,83.340,UNK - Unknown,Unknown,County of Glenn,Voluntary,5,20,2008
Glenn_01.01.2003-06.21.2013.csv,Glenn,39.6049,-122.2495,W001,2013-09-18 13:29:54,396049N1222495W001,20N03W07E001M,6/20/2008,00:00,,,92.100,0.000,92.100,180.832,179.172,88.732,90.440,UNK - Unknown,Unknown,County of Glenn,Voluntary,6,20,2008
Glenn_01.01.2003-06.21.2013.csv,Glenn,39.6049,-122.2495,W001,2013-09-18 13:29:54,396049N1222495W001,20N03W07E001M,7/3/2008,00:00,,,95.770,0.000,95.770,180.832,179.172,85.062,94.110,UNK - Unknown,Unknown,Department of Water Resources,Voluntary,7,3,2008
Glenn_01.01.2003-06.21.2013.csv,Glenn,39.6049,-122.2495,W001,2013-09-18 13:29:54,396049N1222495W001,20N03W07E001M,7/8/2008,00:00,,,96.100,0.000,96.100,180.832,179.172,84.732,94.440,UNK - Unknown,Unknown,Department of Water Resources,Voluntary,7,8,2008
Glenn_01.01.2003-06.21.2013.csv,Glenn,39.6049,-122.2495,W001,2013-09-18 13:29:54,396049N1222495W001,20N03W07E001M,7/7/2008,00:00,,,95.590,0.000,95.590,180.832,179.172,85.242,93.930,UNK - Unknown,Unknown,Department of Water Resources,Voluntary,7,7,2008
Glenn_01.01.2003-06.21.2013.csv,Glenn,39.6049,-122.2495,W001,2013-09-18 13:29:54,396049N1222495W001,20N03W07E001M,7/22/2008,00:00,,,99.250,0.000,99.250,180.832,179.172,81.582,97.590,UNK - Unknown,Unknown,Department of Water Resources,Voluntary,7,22,2008
Glenn_01.01.2003-06.21.2013.csv,Glenn,39.6049,-122.2495,W001,2013-09-18 13:29:54,396049N1222495W001,20N03W07E001M,8/5/2008,00:00,,,101.960,0.000,101.960,180.832,179.172,78.872,100.300,UNK - Unknown,Unknown,Department of Water Resources,Voluntary,8,5,2008
Glenn_01.01.2003-06.21.2013.csv,Glenn,39.6049,-122.2495,W001,2013-09-18 13:29:54,396049N1222495W001,20N03W07E001M,10/20/2008,00:00,,,104.850,0.000,104.850,180.832,179.172,75.982,103.190,UNK - Unknown,Unknown,Department of Water Resources,Voluntary,10,20,2008
Glenn_01.01.2003-06.21.2013.csv,Glenn,39.6049,-122.2495,W001,2013-09-18 13:29:54,396049N1222495W001,20N03W07E001M,1/14/2009,00:00,,,96.600,0.000,96.600,180.832,179.172,84.232,94.940,UNK - Unknown,Unknown,Department of Water Resources,Voluntary,1,14,2009
Glenn_01.01.2003-06.21.2013.csv,Glenn,39.6049,-122.2495,W001,2013-09-18 13:29:54,396049N1222495W001,20N03W07E001M,3/25/2009,00:00,,,91.060,0.000,91.060,180.832,179.172,89.772,89.400,UNK - Unknown,Unknown,Department of Water Resources,Voluntary,3,25,2009
Glenn_01.01.2003-06.21.2013.csv,Glenn,39.6049,-122.2495,W001,2013-09-18 13:29:54,396049N1222495W001,20N03W07E001M,5/13/2009,00:00,,,94.400,0.000,94.400,180.832,179.172,86.432,92.740,UNK - Unknown,Unknown,Department of Water Resources,Voluntary,5,13,2009
Glenn_01.01.2003-06.21.2013.csv,Glenn,39.6049,-122.2495,W001,2013-09-18 13:29:54,396049N1222495W001,20N03W07E001M,6/24/2009,00:00,,,101.520,0.000,101.520,180.832,179.172,79.312,99.860,UNK - Unknown,Unknown,Department of Water Resources,Voluntary,6,24,2009
Glenn_01.01.2003-06.21.2013.csv,Glenn,39.6049,-122.2495,W001,2013-09-18 13:29:54,396049N1222495W001,20N03W07E001M,8/6/2009,00:00,,,109.780,0.000,109.780,180.832,179.172,71.052,108.120,UNK - Unknown,Unknown,Department of Water Resources,Voluntary,8,6,2009
Glenn_01.01.2003-06.21.2013.csv,Glenn,39.6049,-122.2495,W001,2013-09-18 13:29:54,396049N1222495W001,20N03W07E001M,9/15/2009,00:00,,,115.560,0.000,115.560,180.832,179.172,65.272,113.900,UNK - Unknown,Unknown,Department of Water Resources,Voluntary,9,15,2009
Glenn_01.01.2003-06.21.2013.csv,Glenn,39.6049,-122.2495,W001,2013-09-18 13:29:54,396049N1222495W001,20N03W07E001M,10/22/2009,00:00,,,111.920,0.000,111.920,180.832,179.172,68.912,110.260,UNK - Unknown,Unknown,Department of Water Resources,Voluntary,10,22,2009
Glenn_01.01.2003-06.21.2013.csv,Glenn,39.6049,-122.2495,W001,2013-09-18 13:29:54,396049N1222495W001,20N03W07E001M,3/23/2010,00:00,,,97.880,0.000,97.880,180.832,179.172,82.952,96.220,UNK - Unknown,Unknown,Department of Water Resources,Voluntary,3,23,2010
Glenn_01.01.2003-06.21.2013.csv,Glenn,39.6049,-122.2495,W001,2013-09-18 13:29:54,396049N1222495W001,20N03W07E001M,8/3/2010,00:00,,,109.440,0.000,109.440,180.832,179.172,71.392,107.780,UNK - Unknown,Unknown,Department of Water Resources,Voluntary,8,3,2010
Glenn_01.01.2003-06.21.2013.csv,Glenn,39.6049,-122.2495,W001,2013-09-18 13:29:54,396049N1222495W001,20N03W07E001M,10/18/2010,00:00,,,110.380,0.000,110.380,180.832,179.172,70.452,108.720,UNK - Unknown,Unknown,Department of Water Resources,Voluntary,10,18,2010
Glenn_01.01.2003-06.21.2013.csv,Glenn,39.6049,-122.2495,W001,2013-09-18 13:29:54,396049N1222495W001,20N03W07E001M,4/4/2011,00:00,,,97.050,0.000,97.050,180.832,179.172,83.782,95.390,UNK - Unknown,Unknown,Department of Water Resources,Voluntary,4,4,2011
Glenn_01.01.2003-06.21.2013.csv,Glenn,39.6049,-122.2495,W001,2013-09-18 13:29:54,396049N1222495W001,20N03W07E001M,8/2/2011,00:00,,,110.330,0.000,110.330,180.832,179.172,70.502,108.670,UNK - Unknown,Unknown,Department of Water Resources,Voluntary,8,2,2011
Glenn_01.01.2003-06.21.2013.csv,Glenn,39.6049,-122.2495,W002,2013-09-18 13:29:54,396049N1222495W002,20N03W07E002M,10/11/2011,00:00,,2 - Nearby pump operating,113.880,0.000,113.880,181.061,179.171,67.181,111.990,ES - Electric sounder measurement,0.01 Ft,Department of Water Resources,CASGEM,EDITED TO A QM  - FROM HYDSTRA DATA10,11,2011
Glenn_01.01.2003-06.21.2013.csv,Glenn,39.6049,-122.2495,W002,2013-09-18 13:29:54,396049N1222495W002,20N03W07E002M,3/27/2012,00:00,,,74.280,0.000,74.280,181.061,179.171,106.781,72.390,ES - Electric sounder measurement,0.01 Ft,Department of Water Resources,CASGEM,3,27,2012
Glenn_01.01.2003-06.21.2013.csv,Glenn,39.6049,-122.2495,W002,2013-09-18 13:29:54,396049N1222495W002,20N03W07E002M,7/31/2012,00:00,,,146.350,0.000,146.350,181.061,179.171,34.711,144.460,ES - Electric sounder measurement,0.01 Ft,Department of Water Resources,CASGEM,7,31,2012
Glenn_01.01.2003-06.21.2013.csv,Glenn,39.6049,-122.2495,W002,2013-09-18 13:29:54,396049N1222495W002,20N03W07E002M,10/16/2012,00:00,,,116.660,0.000,116.660,181.061,179.171,64.401,114.770,ES - Electric sounder measurement,0.01 Ft,Department of Water Resources,CASGEM,10,16,2012
Glenn_01.01.2003-06.21.2013.csv,Glenn,39.6049,-122.2495,W002,2013-09-18 13:29:54,396049N1222495W002,20N03W07E002M,3/18/2013,00:00,,,82.240,0.000,82.240,181.061,179.171,98.821,80.350,ES - Electric sounder measurement,0.01 Ft,Department of Water Resources,CASGEM,3,18,2013
Glenn_01.01.2003-06.21.2013.csv,Glenn,39.6049,-122.2495,W002,2013-09-18 13:29:54,396049N1222495W002,20N03W07E002M,6/20/2007,00:00,,,81.350,0.000,81.350,181.061,179.171,99.711,79.460,UNK - Unknown,Unknown,Department of Water Resources,Voluntary,6,20,2007
Glenn_01.01.2003-06.21.2013.csv,Glenn,39.6049,-122.2495,W002,2013-09-18 13:29:54,396049N1222495W002,20N03W07E002M,7/5/2007,00:00,,,79.600,0.000,79.600,181.061,179.171,101.461,77.710,UNK - Unknown,Unknown,Department of Water Resources,Voluntary,7,5,2007
Glenn_01.01.2003-06.21.2013.csv,Glenn,39.6049,-122.2495,W002,2013-09-18 13:29:54,396049N1222495W002,20N03W07E002M,8/6/2007,00:00,,,80.140,0.000,80.140,181.061,179.171,100.921,78.250,UNK - Unknown,Unknown,Department of Water Resources,Voluntary,8,6,2007
Glenn_01.01.2003-06.21.2013.csv,Glenn,39.6049,-122.2495,W002,2013-09-18 13:29:54,396049N1222495W002,20N03W07E002M,10/15/2007,00:00,,,66.690,0.000,66.690,181.061,179.171,114.371,64.800,UNK - Unknown,Unknown,Department of Water Resources,Voluntary,10,15,2007
Glenn_01.01.2003-06.21.2013.csv,Glenn,39.6049,-122.2495,W002,2013-09-18 13:29:54,396049N1222495W002,20N03W07E002M,1/16/2008,00:00,,,57.030,0.000,57.030,181.061,179.171,124.031,55.140,UNK - Unknown,Unknown,Department of Water Resources,Voluntary,1,16,2008
Glenn_01.01.2003-06.21.2013.csv,Glenn,39.6049,-122.2495,W002,2013-09-18 13:29:54,396049N1222495W002,20N03W07E002M,3/13/2008,00:00,,,51.770,0.000,51.770,181.061,179.171,129.291,49.880,UNK - Unknown,Unknown,Department of Water Resources,Voluntary,3,13,2008
Glenn_01.01.2003-06.21.2013.csv,Glenn,39.6049,-122.2495,W002,2013-09-18 13:29:54,396049N1222495W002,20N03W07E002M,11/1/2007,00:00,,,67.240,0.000,67.240,181.061,179.171,113.821,65.350,UNK - Unknown,Unknown,Department of Water Resources,Voluntary,DEWTERED FROM WELL SWABBING?11,1,2007
Glenn_01.01.2003-06.21.2013.csv,Glenn,39.6049,-122.2495,W002,2013-09-18 13:29:54,396049N1222495W002,20N03W07E002M,5/20/2008,00:00,,,105.600,0.000,105.600,181.061,179.171,75.461,103.710,UNK - Unknown,Unknown,County of Glenn,Voluntary,5,20,2008
Glenn_01.01.2003-06.21.2013.csv,Glenn,39.6049,-122.2495,W002,2013-09-18 13:29:54,396049N1222495W002,20N03W07E002M,6/20/2008,00:00,,,121.000,0.000,121.000,181.061,179.171,60.061,119.110,UNK - Unknown,Unknown,County of Glenn,Voluntary,6,20,2008
Glenn_01.01.2003-06.21.2013.csv,Glenn,39.6049,-122.2495,W002,2013-09-18 13:29:54,396049N1222495W002,20N03W07E002M,7/3/2008,00:00,,,126.710,0.000,126.710,181.061,179.171,54.351,124.820,UNK - Unknown,Unknown,Department of Water Resources,Voluntary,7,3,2008
Glenn_01.01.2003-06.21.2013.csv,Glenn,39.6049,-122.2495,W002,2013-09-18 13:29:54,396049N1222495W002,20N03W07E002M,7/8/2008,00:00,,,128.350,0.000,128.350,181.061,179.171,52.711,126.460,UNK - Unknown,Unknown,Department of Water Resources,Voluntary,7,8,2008
Glenn_01.01.2003-06.21.2013.csv,Glenn,39.6049,-122.2495,W002,2013-09-18 13:29:54,396049N1222495W002,20N03W07E002M,7/7/2008,00:00,,,125.770,0.000,125.770,181.061,179.171,55.291,123.880,UNK - Unknown,Unknown,Department of Water Resources,Voluntary,7,7,2008
Glenn_01.01.2003-06.21.2013.csv,Glenn,39.6049,-122.2495,W002,2013-09-18 13:29:54,396049N1222495W002,20N03W07E002M,7/22/2008,00:00,,,132.860,0.000,132.860,181.061,179.171,48.201,130.970,UNK - Unknown,Unknown,Department of Water Resources,Voluntary,7,22,2008
Glenn_01.01.2003-06.21.2013.csv,Glenn,39.6049,-122.2495,W002,2013-09-18 13:29:54,396049N1222495W002,20N03W07E002M,8/5/2008,00:00,,,130.430,0.000,130.430,181.061,179.171,50.631,128.540,UNK - Unknown,Unknown,Department of Water Resources,Voluntary,8,5,2008
Glenn_01.01.2003-06.21.2013.csv,Glenn,39.6049,-122.2495,W002,2013-09-18 13:29:54,396049N1222495W002,20N03W07E002M,10/20/2008,00:00,,,86.930,0.000,86.930,181.061,179.171,94.131,85.040,UNK - Unknown,Unknown,Department of Water Resources,Voluntary,10,20,2008
Glenn_01.01.2003-06.21.2013.csv,Glenn,39.6049,-122.2495,W002,2013-09-18 13:29:54,396049N1222495W002,20N03W07E002M,1/14/2009,00:00,,,73.570,0.000,73.570,181.061,179.171,107.491,71.680,UNK - Unknown,Unknown,Department of Water Resources,Voluntary,1,14,2009
Glenn_01.01.2003-06.21.2013.csv,Glenn,39.6049,-122.2495,W002,2013-09-18 13:29:54,396049N1222495W002,20N03W07E002M,3/25/2009,00:00,,,63.900,0.000,63.900,181.061,179.171,117.161,62.010,UNK - Unknown,Unknown,Department of Water Resources,Voluntary,3,25,2009
Glenn_01.01.2003-06.21.2013.csv,Glenn,39.6049,-122.2495,W002,2013-09-18 13:29:54,396049N1222495W002,20N03W07E002M,5/13/2009,00:00,,,94.300,0.000,94.300,181.061,179.171,86.761,92.410,UNK - Unknown,Unknown,Department of Water Resources,Voluntary,5,13,2009
Glenn_01.01.2003-06.21.2013.csv,Glenn,39.6049,-122.2495,W002,2013-09-18 13:29:54,396049N1222495W002,20N03W07E002M,6/24/2009,00:00,,,138.890,0.000,138.890,181.061,179.171,42.171,137.000,UNK - Unknown,Unknown,Department of Water Resources,Voluntary,6,24,2009
Glenn_01.01.2003-06.21.2013.csv,Glenn,39.6049,-122.2495,W002,2013-09-18 13:29:54,396049N1222495W002,20N03W07E002M,8/6/2009,00:00,,,135.220,0.000,135.220,181.061,179.171,45.841,133.330,UNK - Unknown,Unknown,Department of Water Resources,Voluntary,8,6,2009
Glenn_01.01.2003-06.21.2013.csv,Glenn,39.6049,-122.2495,W002,2013-09-18 13:29:54,396049N1222495W002,20N03W07E002M,9/15/2009,00:00,,,115.520,0.000,115.520,181.061,179.171,65.541,113.630,UNK - Unknown,Unknown,Department of Water Resources,Voluntary,9,15,2009
Glenn_01.01.2003-06.21.2013.csv,Glenn,39.6049,-122.2495,W002,2013-09-18 13:29:54,396049N1222495W002,20N03W07E002M,10/22/2009,00:00,,,107.230,0.000,107.230,181.061,179.171,73.831,105.340,UNK - Unknown,Unknown,Department of Water Resources,Voluntary,10,22,2009
Glenn_01.01.2003-06.21.2013.csv,Glenn,39.6049,-122.2495,W002,2013-09-18 13:29:54,396049N1222495W002,20N03W07E002M,3/23/2010,00:00,,,72.860,0.000,72.860,181.061,179.171,108.201,70.970,UNK - Unknown,Unknown,Department of Water Resources,Voluntary,3,23,2010
Glenn_01.01.2003-06.21.2013.csv,Glenn,39.6049,-122.2495,W002,2013-09-18 13:29:54,396049N1222495W002,20N03W07E002M,8/3/2010,00:00,,,140.150,0.000,140.150,181.061,179.171,40.911,138.260,UNK - Unknown,Unknown,Department of Water Resources,Voluntary,8,3,2010
Glenn_01.01.2003-06.21.2013.csv,Glenn,39.6049,-122.2495,W002,2013-09-18 13:29:54,396049N1222495W002,20N03W07E002M,10/18/2010,00:00,,2 - Nearby pump operating,124.880,0.000,124.880,181.061,179.171,56.181,122.990,UNK - Unknown,Unknown,Department of Water Resources,Voluntary,EDITED TO A QM  - FROM HYDSTRA DATA10,18,2010
Glenn_01.01.2003-06.21.2013.csv,Glenn,39.6049,-122.2495,W002,2013-09-18 13:29:54,396049N1222495W002,20N03W07E002M,4/4/2011,00:00,,,72.700,0.000,72.700,181.061,179.171,108.361,70.810,UNK - Unknown,Unknown,Department of Water Resources,Voluntary,4,4,2011
Glenn_01.01.2003-06.21.2013.csv,Glenn,39.6049,-122.2495,W002,2013-09-18 13:29:54,396049N1222495W002,20N03W07E002M,8/2/2011,00:00,,,135.290,0.000,135.290,181.061,179.171,45.771,133.400,UNK - Unknown,Unknown,Department of Water Resources,Voluntary,8,2,2011
Glenn_01.01.2003-06.21.2013.csv,Glenn,39.6049,-122.2495,W003,2013-09-18 13:29:54,396049N1222495W003,20N03W07E003M,10/11/2011,00:00,,2 - Nearby pump operating,97.290,0.000,97.290,181.476,179.176,84.186,94.990,ES - Electric sounder measurement,0.01 Ft,Department of Water Resources,CASGEM,EDITED TO A QM  - FROM HYDSTRA DATA10,11,2011
Glenn_01.01.2003-06.21.2013.csv,Glenn,39.6049,-122.2495,W003,2013-09-18 13:29:54,396049N1222495W003,20N03W07E003M,3/27/2012,00:00,,,61.780,0.000,61.780,181.476,179.176,119.696,59.480,ES - Electric sounder measurement,0.01 Ft,Department of Water Resources,CASGEM,3,27,2012
Glenn_01.01.2003-06.21.2013.csv,Glenn,39.6049,-122.2495,W003,2013-09-18 13:29:54,396049N1222495W003,20N03W07E003M,7/31/2012,00:00,,,140.080,0.000,140.080,181.476,179.176,41.396,137.780,ES - Electric sounder measurement,0.01 Ft,Department of Water Resources,CASGEM,7,31,2012
Glenn_01.01.2003-06.21.2013.csv,Glenn,39.6049,-122.2495,W003,2013-09-18 13:29:54,396049N1222495W003,20N03W07E003M,10/16/2012,00:00,,,115.420,0.000,115.420,181.476,179.176,66.056,113.120,ES - Electric sounder measurement,0.01 Ft,Department of Water Resources,CASGEM,10,16,2012
Glenn_01.01.2003-06.21.2013.csv,Glenn,39.6049,-122.2495,W003,2013-09-18 13:29:54,396049N1222495W003,20N03W07E003M,3/18/2013,00:00,,,72.230,0.000,72.230,181.476,179.176,109.246,69.930,ES - Electric sounder measurement,0.01 Ft,Department of Water Resources,CASGEM,3,18,2013
Glenn_01.01.2003-06.21.2013.csv,Glenn,39.6049,-122.2495,W003,2013-09-18 13:29:54,396049N1222495W003,20N03W07E003M,6/20/2007,00:00,,,79.770,0.000,79.770,181.476,179.176,101.706,77.470,UNK - Unknown,Unknown,Department of Water Resources,Voluntary,6,20,2007
Glenn_01.01.2003-06.21.2013.csv,Glenn,39.6049,-122.2495,W003,2013-09-18 13:29:54,396049N1222495W003,20N03W07E003M,7/5/2007,00:00,,,85.000,0.000,85.000,181.476,179.176,96.476,82.700,UNK - Unknown,Unknown,Department of Water Resources,Voluntary,7,5,2007
Glenn_01.01.2003-06.21.2013.csv,Glenn,39.6049,-122.2495,W003,2013-09-18 13:29:54,396049N1222495W003,20N03W07E003M,8/6/2007,00:00,,,81.110,0.000,81.110,181.476,179.176,100.366,78.810,UNK - Unknown,Unknown,Department of Water Resources,Voluntary,8,6,2007
Glenn_01.01.2003-06.21.2013.csv,Glenn,39.6049,-122.2495,W003,2013-09-18 13:29:54,396049N1222495W003,20N03W07E003M,10/15/2007,00:00,,,58.650,0.000,58.650,181.476,179.176,122.826,56.350,UNK - Unknown,Unknown,Department of Water Resources,Voluntary,10,15,2007
Glenn_01.01.2003-06.21.2013.csv,Glenn,39.6049,-122.2495,W003,2013-09-18 13:29:54,396049N1222495W003,20N03W07E003M,1/16/2008,00:00,,,48.700,0.000,48.700,181.476,179.176,132.776,46.400,UNK - Unknown,Unknown,Department of Water Resources,Voluntary,1,16,2008
Glenn_01.01.2003-06.21.2013.csv,Glenn,39.6049,-122.2495,W003,2013-09-18 13:29:54,396049N1222495W003,20N03W07E003M,3/13/2008,00:00,,,43.770,0.000,43.770,181.476,179.176,137.706,41.470,UNK - Unknown,Unknown,Department of Water Resources,Voluntary,3,13,2008
Glenn_01.01.2003-06.21.2013.csv,Glenn,39.6049,-122.2495,W003,2013-09-18 13:29:54,396049N1222495W003,20N03W07E003M,11/1/2007,00:00,,,55.990,0.000,55.990,181.476,179.176,125.486,53.690,UNK - Unknown,Unknown,Department of Water Resources,Voluntary,11,1,2007
Glenn_01.01.2003-06.21.2013.csv,Glenn,39.6049,-122.2495,W003,2013-09-18 13:29:54,396049N1222495W003,20N03W07E003M,5/20/2008,00:00,,,96.600,0.000,96.600,181.476,179.176,84.876,94.300,UNK - Unknown,Unknown,County of Glenn,Voluntary,5,20,2008
Glenn_01.01.2003-06.21.2013.csv,Glenn,39.6049,-122.2495,W003,2013-09-18 13:29:54,396049N1222495W003,20N03W07E003M,6/20/2008,00:00,,,116.600,0.000,116.600,181.476,179.176,64.876,114.300,UNK - Unknown,Unknown,County of Glenn,Voluntary,6,20,2008
Glenn_01.01.2003-06.21.2013.csv,Glenn,39.6049,-122.2495,W003,2013-09-18 13:29:54,396049N1222495W003,20N03W07E003M,7/3/2008,00:00,,,122.330,0.000,122.330,181.476,179.176,59.146,120.030,UNK - Unknown,Unknown,Department of Water Resources,Voluntary,7,3,2008
Glenn_01.01.2003-06.21.2013.csv,Glenn,39.6049,-122.2495,W003,2013-09-18 13:29:54,396049N1222495W003,20N03W07E003M,7/8/2008,00:00,,,125.450,0.000,125.450,181.476,179.176,56.026,123.150,UNK - Unknown,Unknown,Department of Water Resources,Voluntary,7,8,2008
Glenn_01.01.2003-06.21.2013.csv,Glenn,39.6049,-122.2495,W003,2013-09-18 13:29:54,396049N1222495W003,20N03W07E003M,7/7/2008,00:00,,,126.310,0.000,126.310,181.476,179.176,55.166,124.010,UNK - Unknown,Unknown,Department of Water Resources,Voluntary,7,7,2008
Glenn_01.01.2003-06.21.2013.csv,Glenn,39.6049,-122.2495,W003,2013-09-18 13:29:54,396049N1222495W003,20N03W07E003M,7/22/2008,00:00,,,128.160,0.000,128.160,181.476,179.176,53.316,125.860,UNK - Unknown,Unknown,Department of Water Resources,Voluntary,7,22,2008
Glenn_01.01.2003-06.21.2013.csv,Glenn,39.6049,-122.2495,W003,2013-09-18 13:29:54,396049N1222495W003,20N03W07E003M,8/5/2008,00:00,,,123.650,0.000,123.650,181.476,179.176,57.826,121.350,UNK - Unknown,Unknown,Department of Water Resources,Voluntary,8,5,2008
Glenn_01.01.2003-06.21.2013.csv,Glenn,39.6049,-122.2495,W003,2013-09-18 13:29:54,396049N1222495W003,20N03W07E003M,10/20/2008,00:00,,,76.270,0.000,76.270,181.476,179.176,105.206,73.970,UNK - Unknown,Unknown,Department of Water Resources,Voluntary,10,20,2008
Glenn_01.01.2003-06.21.2013.csv,Glenn,39.6049,-122.2495,W003,2013-09-18 13:29:54,396049N1222495W003,20N03W07E003M,1/14/2009,00:00,,,63.750,0.000,63.750,181.476,179.176,117.726,61.450,UNK - Unknown,Unknown,Department of Water Resources,Voluntary,1,14,2009
Glenn_01.01.2003-06.21.2013.csv,Glenn,39.6049,-122.2495,W003,2013-09-18 13:29:54,396049N1222495W003,20N03W07E003M,3/25/2009,00:00,,,54.840,0.000,54.840,181.476,179.176,126.636,52.540,UNK - Unknown,Unknown,Department of Water Resources,Voluntary,3,25,2009
Glenn_01.01.2003-06.21.2013.csv,Glenn,39.6049,-122.2495,W003,2013-09-18 13:29:54,396049N1222495W003,20N03W07E003M,5/13/2009,00:00,,,96.380,0.000,96.380,181.476,179.176,85.096,94.080,UNK - Unknown,Unknown,Department of Water Resources,Voluntary,5,13,2009
Glenn_01.01.2003-06.21.2013.csv,Glenn,39.6049,-122.2495,W003,2013-09-18 13:29:54,396049N1222495W003,20N03W07E003M,6/24/2009,00:00,,,139.760,0.000,139.760,181.476,179.176,41.716,137.460,UNK - Unknown,Unknown,Department of Water Resources,Voluntary,6,24,2009
Glenn_01.01.2003-06.21.2013.csv,Glenn,39.6049,-122.2495,W003,2013-09-18 13:29:54,396049N1222495W003,20N03W07E003M,8/6/2009,00:00,,,138.810,0.000,138.810,181.476,179.176,42.666,136.510,UNK - Unknown,Unknown,Department of Water Resources,Voluntary,8,6,2009
Glenn_01.01.2003-06.21.2013.csv,Glenn,39.6049,-122.2495,W003,2013-09-18 13:29:54,396049N1222495W003,20N03W07E003M,9/15/2009,00:00,,,116.740,0.000,116.740,181.476,179.176,64.736,114.440,UNK - Unknown,Unknown,Department of Water Resources,Voluntary,9,15,2009
Glenn_01.01.2003-06.21.2013.csv,Glenn,39.6049,-122.2495,W003,2013-09-18 13:29:54,396049N1222495W003,20N03W07E003M,10/22/2009,00:00,,,101.950,0.000,101.950,181.476,179.176,79.526,99.650,UNK - Unknown,Unknown,Department of Water Resources,Voluntary,10,22,2009
Glenn_01.01.2003-06.21.2013.csv,Glenn,39.6049,-122.2495,W003,2013-09-18 13:29:54,396049N1222495W003,20N03W07E003M,3/23/2010,00:00,,,62.180,0.000,62.180,181.476,179.176,119.296,59.880,UNK - Unknown,Unknown,Department of Water Resources,Voluntary,3,23,2010
Glenn_01.01.2003-06.21.2013.csv,Glenn,39.6049,-122.2495,W003,2013-09-18 13:29:54,396049N1222495W003,20N03W07E003M,8/3/2010,00:00,,,133.050,0.000,133.050,181.476,179.176,48.426,130.750,UNK - Unknown,Unknown,Department of Water Resources,Voluntary,8,3,2010
Glenn_01.01.2003-06.21.2013.csv,Glenn,39.6049,-122.2495,W003,2013-09-18 13:29:54,396049N1222495W003,20N03W07E003M,10/18/2010,00:00,,2 - Nearby pump operating,108.620,0.000,108.620,181.476,179.176,72.856,106.320,UNK - Unknown,Unknown,Department of Water Resources,Voluntary,EDITED TO A QM  - FROM HYDSTRA DATA10,18,2010
Glenn_01.01.2003-06.21.2013.csv,Glenn,39.6049,-122.2495,W003,2013-09-18 13:29:54,396049N1222495W003,20N03W07E003M,4/4/2011,00:00,,,59.780,0.000,59.780,181.476,179.176,121.696,57.480,UNK - Unknown,Unknown,Department of Water Resources,Voluntary,4,4,2011
Glenn_01.01.2003-06.21.2013.csv,Glenn,39.6049,-122.2495,W003,2013-09-18 13:29:54,396049N1222495W003,20N03W07E003M,8/2/2011,00:00,,,121.030,0.000,121.030,181.476,179.176,60.446,118.730,UNK - Unknown,Unknown,Department of Water Resources,Voluntary,8,2,2011
Glenn_01.01.2003-06.21.2013.csv,Glenn,39.6049,-122.2495,W004,2013-09-18 13:29:54,396049N1222495W004,20N03W07E004M,10/11/2011,00:00,,,59.810,0.000,59.810,181.750,179.170,121.940,57.230,ES - Electric sounder measurement,0.01 Ft,Department of Water Resources,CASGEM,10,11,2011
Glenn_01.01.2003-06.21.2013.csv,Glenn,39.6049,-122.2495,W004,2013-09-18 13:29:54,396049N1222495W004,20N03W07E004M,3/27/2012,00:00,,,47.910,0.000,47.910,181.750,179.170,133.840,45.330,ES - Electric sounder measurement,0.01 Ft,Department of Water Resources,CASGEM,3,27,2012
Glenn_01.01.2003-06.21.2013.csv,Glenn,39.6049,-122.2495,W004,2013-09-18 13:29:54,396049N1222495W004,20N03W07E004M,7/31/2012,00:00,,,71.310,0.000,71.310,181.750,179.170,110.440,68.730,ES - Electric sounder measurement,0.01 Ft,Department of Water Resources,CASGEM,7,31,2012
Glenn_01.01.2003-06.21.2013.csv,Glenn,39.6049,-122.2495,W004,2013-09-18 13:29:54,396049N1222495W004,20N03W07E004M,10/16/2012,00:00,,,66.430,0.000,66.430,181.750,179.170,115.320,63.850,ES - Electric sounder measurement,0.01 Ft,Department of Water Resources,CASGEM,10,16,2012
Glenn_01.01.2003-06.21.2013.csv,Glenn,39.6049,-122.2495,W004,2013-09-18 13:29:54,396049N1222495W004,20N03W07E004M,3/18/2013,00:00,,,53.400,0.000,53.400,181.750,179.170,128.350,50.820,ES - Electric sounder measurement,0.01 Ft,Department of Water Resources,CASGEM,3,18,2013
Glenn_01.01.2003-06.21.2013.csv,Glenn,39.6049,-122.2495,W004,2013-09-18 13:29:54,396049N1222495W004,20N03W07E004M,6/20/2007,00:00,,,43.360,0.000,43.360,181.750,179.170,138.390,40.780,UNK - Unknown,Unknown,Department of Water Resources,Voluntary,6,20,2007
Glenn_01.01.2003-06.21.2013.csv,Glenn,39.6049,-122.2495,W004,2013-09-18 13:29:54,396049N1222495W004,20N03W07E004M,7/5/2007,00:00,,,44.300,0.000,44.300,181.750,179.170,137.450,41.720,UNK - Unknown,Unknown,Department of Water Resources,Voluntary,7,5,2007
Glenn_01.01.2003-06.21.2013.csv,Glenn,39.6049,-122.2495,W004,2013-09-18 13:29:54,396049N1222495W004,20N03W07E004M,8/6/2007,00:00,,,44.400,0.000,44.400,181.750,179.170,137.350,41.820,UNK - Unknown,Unknown,Department of Water Resources,Voluntary,8,6,2007
Glenn_01.01.2003-06.21.2013.csv,Glenn,39.6049,-122.2495,W004,2013-09-18 13:29:54,396049N1222495W004,20N03W07E004M,10/15/2007,00:00,,,37.780,0.000,37.780,181.750,179.170,143.970,35.200,UNK - Unknown,Unknown,Department of Water Resources,Voluntary,10,15,2007
Glenn_01.01.2003-06.21.2013.csv,Glenn,39.6049,-122.2495,W004,2013-09-18 13:29:54,396049N1222495W004,20N03W07E004M,1/16/2008,00:00,,,33.720,0.000,33.720,181.750,179.170,148.030,31.140,UNK - Unknown,Unknown,Department of Water Resources,Voluntary,1,16,2008
Glenn_01.01.2003-06.21.2013.csv,Glenn,39.6049,-122.2495,W004,2013-09-18 13:29:54,396049N1222495W004,20N03W07E004M,3/13/2008,00:00,,,24.970,0.000,24.970,181.750,179.170,156.780,22.390,UNK - Unknown,Unknown,Department of Water Resources,Voluntary,3,13,2008
Glenn_01.01.2003-06.21.2013.csv,Glenn,39.6049,-122.2495,W004,2013-09-18 13:29:54,396049N1222495W004,20N03W07E004M,5/20/2008,00:00,,,50.300,0.000,50.300,181.750,179.170,131.450,47.720,UNK - Unknown,Unknown,County of Glenn,Voluntary,5,20,2008
Glenn_01.01.2003-06.21.2013.csv,Glenn,39.6049,-122.2495,W004,2013-09-18 13:29:54,396049N1222495W004,20N03W07E004M,6/20/2008,00:00,,,57.200,0.000,57.200,181.750,179.170,124.550,54.620,UNK - Unknown,Unknown,County of Glenn,Voluntary,6,20,2008
Glenn_01.01.2003-06.21.2013.csv,Glenn,39.6049,-122.2495,W004,2013-09-18 13:29:54,396049N1222495W004,20N03W07E004M,7/3/2008,00:00,,,58.950,0.000,58.950,181.750,179.170,122.800,56.370,UNK - Unknown,Unknown,Department of Water Resources,Voluntary,7,3,2008
Glenn_01.01.2003-06.21.2013.csv,Glenn,39.6049,-122.2495,W004,2013-09-18 13:29:54,396049N1222495W004,20N03W07E004M,7/8/2008,00:00,,,61.010,0.000,61.010,181.750,179.170,120.740,58.430,UNK - Unknown,Unknown,Department of Water Resources,Voluntary,7,8,2008
Glenn_01.01.2003-06.21.2013.csv,Glenn,39.6049,-122.2495,W004,2013-09-18 13:29:54,396049N1222495W004,20N03W07E004M,7/7/2008,00:00,,,61.010,0.000,61.010,181.750,179.170,120.740,58.430,UNK - Unknown,Unknown,Department of Water Resources,Voluntary,7,7,2008
Glenn_01.01.2003-06.21.2013.csv,Glenn,39.6049,-122.2495,W004,2013-09-18 13:29:54,396049N1222495W004,20N03W07E004M,7/22/2008,00:00,,,63.290,0.000,63.290,181.750,179.170,118.460,60.710,UNK - Unknown,Unknown,Department of Water Resources,Voluntary,7,22,2008
Glenn_01.01.2003-06.21.2013.csv,Glenn,39.6049,-122.2495,W004,2013-09-18 13:29:54,396049N1222495W004,20N03W07E004M,8/5/2008,00:00,,,60.080,0.000,60.080,181.750,179.170,121.670,57.500,UNK - Unknown,Unknown,Department of Water Resources,Voluntary,8,5,2008
Glenn_01.01.2003-06.21.2013.csv,Glenn,39.6049,-122.2495,W004,2013-09-18 13:29:54,396049N1222495W004,20N03W07E004M,10/20/2008,00:00,,,49.570,0.000,49.570,181.750,179.170,132.180,46.990,UNK - Unknown,Unknown,Department of Water Resources,Voluntary,10,20,2008
Glenn_01.01.2003-06.21.2013.csv,Glenn,39.6049,-122.2495,W004,2013-09-18 13:29:54,396049N1222495W004,20N03W07E004M,1/14/2009,00:00,,,44.850,0.000,44.850,181.750,179.170,136.900,42.270,UNK - Unknown,Unknown,Department of Water Resources,Voluntary,1,14,2009
Glenn_01.01.2003-06.21.2013.csv,Glenn,39.6049,-122.2495,W004,2013-09-18 13:29:54,396049N1222495W004,20N03W07E004M,3/25/2009,00:00,,,39.820,0.000,39.820,181.750,179.170,141.930,37.240,UNK - Unknown,Unknown,Department of Water Resources,Voluntary,3,25,2009
Glenn_01.01.2003-06.21.2013.csv,Glenn,39.6049,-122.2495,W004,2013-09-18 13:29:54,396049N1222495W004,20N03W07E004M,5/13/2009,00:00,,,53.110,0.000,53.110,181.750,179.170,128.640,50.530,UNK - Unknown,Unknown,Department of Water Resources,Voluntary,5,13,2009
Glenn_01.01.2003-06.21.2013.csv,Glenn,39.6049,-122.2495,W004,2013-09-18 13:29:54,396049N1222495W004,20N03W07E004M,6/24/2009,00:00,,,69.910,0.000,69.910,181.750,179.170,111.840,67.330,UNK - Unknown,Unknown,Department of Water Resources,Voluntary,6,24,2009
Glenn_01.01.2003-06.21.2013.csv,Glenn,39.6049,-122.2495,W004,2013-09-18 13:29:54,396049N1222495W004,20N03W07E004M,8/6/2009,00:00,,,71.950,0.000,71.950,181.750,179.170,109.800,69.370,UNK - Unknown,Unknown,Department of Water Resources,Voluntary,8,6,2009
Glenn_01.01.2003-06.21.2013.csv,Glenn,39.6049,-122.2495,W004,2013-09-18 13:29:54,396049N1222495W004,20N03W07E004M,9/15/2009,00:00,,,69.930,0.000,69.930,181.750,179.170,111.820,67.350,UNK - Unknown,Unknown,Department of Water Resources,Voluntary,9,15,2009
Glenn_01.01.2003-06.21.2013.csv,Glenn,39.6049,-122.2495,W004,2013-09-18 13:29:54,396049N1222495W004,20N03W07E004M,10/22/2009,00:00,,,61.710,0.000,61.710,181.750,179.170,120.040,59.130,UNK - Unknown,Unknown,Department of Water Resources,Voluntary,10,22,2009
Glenn_01.01.2003-06.21.2013.csv,Glenn,39.6049,-122.2495,W004,2013-09-18 13:29:54,396049N1222495W004,20N03W07E004M,3/23/2010,00:00,,,44.460,0.000,44.460,181.750,179.170,137.290,41.880,UNK - Unknown,Unknown,Department of Water Resources,Voluntary,3,23,2010
Glenn_01.01.2003-06.21.2013.csv,Glenn,39.6049,-122.2495,W004,2013-09-18 13:29:54,396049N1222495W004,20N03W07E004M,8/3/2010,00:00,,,69.890,0.000,69.890,181.750,179.170,111.860,67.310,UNK - Unknown,Unknown,Department of Water Resources,Voluntary,8,3,2010
Glenn_01.01.2003-06.21.2013.csv,Glenn,39.6049,-122.2495,W004,2013-09-18 13:29:54,396049N1222495W004,20N03W07E004M,10/18/2010,00:00,,,62.810,0.000,62.810,181.750,179.170,118.940,60.230,UNK - Unknown,Unknown,Department of Water Resources,Voluntary,10,18,2010
Glenn_01.01.2003-06.21.2013.csv,Glenn,39.6049,-122.2495,W004,2013-09-18 13:29:54,396049N1222495W004,20N03W07E004M,4/4/2011,00:00,,,44.730,0.000,44.730,181.750,179.170,137.020,42.150,UNK - Unknown,Unknown,Department of Water Resources,Voluntary,4,4,2011
Glenn_01.01.2003-06.21.2013.csv,Glenn,39.6049,-122.2495,W004,2013-09-18 13:29:54,396049N1222495W004,20N03W07E004M,8/2/2011,00:00,,,66.090,0.000,66.090,181.750,179.170,115.660,63.510,UNK - Unknown,Unknown,Department of Water Resources,Voluntary,8,2,2011
Glenn_01.01.2003-06.21.2013.csv,Glenn,39.606,-122.2621,W001,2013-09-18 13:29:54,396060N1222621W001,20N04W12F002M,10/11/2011,00:00,,,54.880,0.000,54.880,189.970,189.470,135.090,54.380,ES - Electric sounder measurement,0.01 Ft,Department of Water Resources,Voluntary,10,11,2011
Glenn_01.01.2003-06.21.2013.csv,Glenn,39.606,-122.2621,W001,2013-09-18 13:29:54,396060N1222621W001,20N04W12F002M,3/27/2012,00:00,,,52.130,0.000,52.130,189.970,189.470,137.840,51.630,ES - Electric sounder measurement,0.01 Ft,Department of Water Resources,Voluntary,3,27,2012
Glenn_01.01.2003-06.21.2013.csv,Glenn,39.606,-122.2621,W001,2013-09-18 13:29:54,396060N1222621W001,20N04W12F002M,7/31/2012,00:00,,,59.420,0.000,59.420,189.970,189.470,130.550,58.920,ES - Electric sounder measurement,0.01 Ft,Department of Water Resources,Voluntary,7,31,2012
Glenn_01.01.2003-06.21.2013.csv,Glenn,39.606,-122.2621,W001,2013-09-18 13:29:54,396060N1222621W001,20N04W12F002M,10/16/2012,00:00,,,61.770,0.000,61.770,189.970,189.470,128.200,61.270,ES - Electric sounder measurement,0.01 Ft,Department of Water Resources,Voluntary,10,16,2012
Glenn_01.01.2003-06.21.2013.csv,Glenn,39.606,-122.2621,W001,2013-09-18 13:29:54,396060N1222621W001,20N04W12F002M,3/13/2003,00:00,,,18.600,0.000,18.600,189.970,189.470,171.370,18.100,UNK - Unknown,Unknown,Department of Water Resources,Voluntary,3,13,2003
Glenn_01.01.2003-06.21.2013.csv,Glenn,39.606,-122.2621,W001,2013-09-18 13:29:54,396060N1222621W001,20N04W12F002M,4/8/2003,00:00,,,18.900,0.000,18.900,189.970,189.470,171.070,18.400,UNK - Unknown,Unknown,Department of Water Resources,Voluntary,4,8,2003
Glenn_01.01.2003-06.21.2013.csv,Glenn,39.606,-122.2621,W001,2013-09-18 13:29:54,396060N1222621W001,20N04W12F002M,5/20/2003,00:00,,,22.800,0.000,22.800,189.970,189.470,167.170,22.300,UNK - Unknown,Unknown,Department of Water Resources,Voluntary,5,20,2003
Glenn_01.01.2003-06.21.2013.csv,Glenn,39.606,-122.2621,W001,2013-09-18 13:29:54,396060N1222621W001,20N04W12F002M,6/20/2003,00:00,,,20.900,0.000,20.900,189.970,189.470,169.070,20.400,UNK - Unknown,Unknown,Department of Water Resources,Voluntary,6,20,2003
Glenn_01.01.2003-06.21.2013.csv,Glenn,39.606,-122.2621,W001,2013-09-18 13:29:54,396060N1222621W001,20N04W12F002M,7/30/2003,00:00,,,18.500,0.000,18.500,189.970,189.470,171.470,18.000,UNK - Unknown,Unknown,Department of Water Resources,Voluntary,7,30,2003
Glenn_01.01.2003-06.21.2013.csv,Glenn,39.606,-122.2621,W001,2013-09-18 13:29:54,396060N1222621W001,20N04W12F002M,8/28/2003,00:00,,,17.400,0.000,17.400,189.970,189.470,172.570,16.900,UNK - Unknown,Unknown,Department of Water Resources,Voluntary,8,28,2003
Glenn_01.01.2003-06.21.2013.csv,Glenn,39.606,-122.2621,W001,2013-09-18 13:29:54,396060N1222621W001,20N04W12F002M,9/18/2003,00:00,,,16.300,0.000,16.300,189.970,189.470,173.670,15.800,UNK - Unknown,Unknown,Department of Water Resources,Voluntary,9,18,2003
Glenn_01.01.2003-06.21.2013.csv,Glenn,39.606,-122.2621,W001,2013-09-18 13:29:54,396060N1222621W001,20N04W12F002M,10/15/2003,00:00,,,18.900,0.000,18.900,189.970,189.470,171.070,18.400,UNK - Unknown,Unknown,Department of Water Resources,Voluntary,10,15,2003
Glenn_01.01.2003-06.21.2013.csv,Glenn,39.606,-122.2621,W001,2013-09-18 13:29:54,396060N1222621W001,20N04W12F002M,11/18/2003,00:00,,,23.500,0.000,23.500,189.970,189.470,166.470,23.000,UNK - Unknown,Unknown,Department of Water Resources,Voluntary,11,18,2003
Glenn_01.01.2003-06.21.2013.csv,Glenn,39.606,-122.2621,W001,2013-09-18 13:29:54,396060N1222621W001,20N04W12F002M,3/31/2004,00:00,,4 - Pumped recently,16.800,0.000,16.800,189.970,189.470,173.170,16.300,UNK - Unknown,Unknown,Department of Water Resources,Voluntary,3,31,2004
Glenn_01.01.2003-06.21.2013.csv,Glenn,39.606,-122.2621,W001,2013-09-18 13:29:54,396060N1222621W001,20N04W12F002M,4/27/2004,00:00,,,20.400,0.000,20.400,189.970,189.470,169.570,19.900,UNK - Unknown,Unknown,Department of Water Resources,Voluntary,4,27,2004
Glenn_01.01.2003-06.21.2013.csv,Glenn,39.606,-122.2621,W001,2013-09-18 13:29:54,396060N1222621W001,20N04W12F002M,5/21/2004,00:00,,,21.100,0.000,21.100,189.970,189.470,168.870,20.600,UNK - Unknown,Unknown,Department of Water Resources,Voluntary,5,21,2004
Glenn_01.01.2003-06.21.2013.csv,Glenn,39.606,-122.2621,W001,2013-09-18 13:29:54,396060N1222621W001,20N04W12F002M,6/22/2004,00:00,,,18.800,0.000,18.800,189.970,189.470,171.170,18.300,UNK - Unknown,Unknown,Department of Water Resources,Voluntary,6,22,2004
Glenn_01.01.2003-06.21.2013.csv,Glenn,39.606,-122.2621,W001,2013-09-18 13:29:54,396060N1222621W001,20N04W12F002M,7/28/2004,00:00,,,17.200,0.000,17.200,189.970,189.470,172.770,16.700,UNK - Unknown,Unknown,Department of Water Resources,Voluntary,7,28,2004
Glenn_01.01.2003-06.21.2013.csv,Glenn,39.606,-122.2621,W001,2013-09-18 13:29:54,396060N1222621W001,20N04W12F002M,8/25/2004,00:00,,,15.800,0.000,15.800,189.970,189.470,174.170,15.300,UNK - Unknown,Unknown,Department of Water Resources,Voluntary,8,25,2004
Glenn_01.01.2003-06.21.2013.csv,Glenn,39.606,-122.2621,W001,2013-09-18 13:29:54,396060N1222621W001,20N04W12F002M,9/22/2004,00:00,,,16.000,0.000,16.000,189.970,189.470,173.970,15.500,UNK - Unknown,Unknown,Department of Water Resources,Voluntary,9,22,2004
Glenn_01.01.2003-06.21.2013.csv,Glenn,39.606,-122.2621,W001,2013-09-18 13:29:54,396060N1222621W001,20N04W12F002M,10/20/2004,00:00,,,20.000,0.000,20.000,189.970,189.470,169.970,19.500,UNK - Unknown,Unknown,Department of Water Resources,Voluntary,10,20,2004
Glenn_01.01.2003-06.21.2013.csv,Glenn,39.606,-122.2621,W001,2013-09-18 13:29:54,396060N1222621W001,20N04W12F002M,11/16/2004,00:00,,,23.100,0.000,23.100,189.970,189.470,166.870,22.600,UNK - Unknown,Unknown,Department of Water Resources,Voluntary,11,16,2004
Glenn_01.01.2003-06.21.2013.csv,Glenn,39.606,-122.2621,W001,2013-09-18 13:29:54,396060N1222621W001,20N04W12F002M,3/29/2005,00:00,,,16.600,0.000,16.600,189.970,189.470,173.370,16.100,UNK - Unknown,Unknown,Department of Water Resources,Voluntary,3,29,2005
Glenn_01.01.2003-06.21.2013.csv,Glenn,39.606,-122.2621,W001,2013-09-18 13:29:54,396060N1222621W001,20N04W12F002M,4/28/2005,00:00,,,17.700,0.000,17.700,189.970,189.470,172.270,17.200,UNK - Unknown,Unknown,Department of Water Resources,Voluntary,4,28,2005
Glenn_01.01.2003-06.21.2013.csv,Glenn,39.606,-122.2621,W001,2013-09-18 13:29:54,396060N1222621W001,20N04W12F002M,5/26/2005,00:00,1 - Pumping,,NULL,NULL,NULL,189.970,189.470,NULL,NULL,,,Department of Water Resources,Voluntary,5,26,2005
Glenn_01.01.2003-06.21.2013.csv,Glenn,39.606,-122.2621,W001,2013-09-18 13:29:54,396060N1222621W001,20N04W12F002M,6/24/2005,00:00,,,18.600,0.000,18.600,189.970,189.470,171.370,18.100,UNK - Unknown,Unknown,Department of Water Resources,Voluntary,6,24,2005
Glenn_01.01.2003-06.21.2013.csv,Glenn,39.606,-122.2621,W001,2013-09-18 13:29:54,396060N1222621W001,20N04W12F002M,7/27/2005,00:00,,,17.000,0.000,17.000,189.970,189.470,172.970,16.500,UNK - Unknown,Unknown,Department of Water Resources,Voluntary,7,27,2005
Glenn_01.01.2003-06.21.2013.csv,Glenn,39.606,-122.2621,W001,2013-09-18 13:29:54,396060N1222621W001,20N04W12F002M,8/24/2005,00:00,,,16.000,0.000,16.000,189.970,189.470,173.970,15.500,UNK - Unknown,Unknown,Department of Water Resources,Voluntary,8,24,2005
Glenn_01.01.2003-06.21.2013.csv,Glenn,39.606,-122.2621,W001,2013-09-18 13:29:54,396060N1222621W001,20N04W12F002M,9/30/2005,00:00,,,16.000,0.000,16.000,189.970,189.470,173.970,15.500,UNK - Unknown,Unknown,Department of Water Resources,Voluntary,9,30,2005
Glenn_01.01.2003-06.21.2013.csv,Glenn,39.606,-122.2621,W001,2013-09-18 13:29:54,396060N1222621W001,20N04W12F002M,10/19/2005,00:00,,,17.800,0.000,17.800,189.970,189.470,172.170,17.300,UNK - Unknown,Unknown,Department of Water Resources,Voluntary,10,19,2005
Glenn_01.01.2003-06.21.2013.csv,Glenn,39.606,-122.2621,W001,2013-09-18 13:29:54,396060N1222621W001,20N04W12F002M,3/27/2006,00:00,,,15.500,0.000,15.500,189.970,189.470,174.470,15.000,UNK - Unknown,Unknown,Department of Water Resources,Voluntary,3,27,2006
Glenn_01.01.2003-06.21.2013.csv,Glenn,39.606,-122.2621,W001,2013-09-18 13:29:54,396060N1222621W001,20N04W12F002M,5/18/2006,00:00,,,15.700,0.000,15.700,189.970,189.470,174.270,15.200,UNK - Unknown,Unknown,Department of Water Resources,Voluntary,5,18,2006
Glenn_01.01.2003-06.21.2013.csv,Glenn,39.606,-122.2621,W001,2013-09-18 13:29:54,396060N1222621W001,20N04W12F002M,8/2/2006,00:00,,,20.700,0.000,20.700,189.970,189.470,169.270,20.200,UNK - Unknown,Unknown,Department of Water Resources,Voluntary,8,2,2006
Glenn_01.01.2003-06.21.2013.csv,Glenn,39.606,-122.2621,W001,2013-09-18 13:29:54,396060N1222621W001,20N04W12F002M,10/12/2006,00:00,,,18.000,0.000,18.000,189.970,189.470,171.970,17.500,UNK - Unknown,Unknown,Department of Water Resources,Voluntary,10,12,2006
Glenn_01.01.2003-06.21.2013.csv,Glenn,39.606,-122.2621,W001,2013-09-18 13:29:54,396060N1222621W001,20N04W12F002M,3/21/2007,00:00,,,24.000,0.000,24.000,189.970,189.470,165.970,23.500,UNK - Unknown,Unknown,Department of Water Resources,Voluntary,3,21,2007
Glenn_01.01.2003-06.21.2013.csv,Glenn,39.606,-122.2621,W001,2013-09-18 13:29:54,396060N1222621W001,20N04W12F002M,8/6/2007,00:00,,,32.300,0.000,32.300,189.970,189.470,157.670,31.800,UNK - Unknown,Unknown,Department of Water Resources,Voluntary,8,6,2007
Glenn_01.01.2003-06.21.2013.csv,Glenn,39.606,-122.2621,W001,2013-09-18 13:29:54,396060N1222621W001,20N04W12F002M,10/15/2007,00:00,,,33.300,0.000,33.300,189.970,189.470,156.670,32.800,UNK - Unknown,Unknown,Department of Water Resources,Voluntary,10,15,2007
Glenn_01.01.2003-06.21.2013.csv,Glenn,39.606,-122.2621,W001,2013-09-18 13:29:54,396060N1222621W001,20N04W12F002M,3/10/2008,00:00,,,23.700,0.000,23.700,189.970,189.470,166.270,23.200,UNK - Unknown,Unknown,Department of Water Resources,Voluntary,3,10,2008
Glenn_01.01.2003-06.21.2013.csv,Glenn,39.606,-122.2621,W001,2013-09-18 13:29:54,396060N1222621W001,20N04W12F002M,8/5/2008,00:00,,,40.340,0.000,40.340,189.970,189.470,149.630,39.840,UNK - Unknown,Unknown,Department of Water Resources,Voluntary,8,5,2008
Glenn_01.01.2003-06.21.2013.csv,Glenn,39.606,-122.2621,W001,2013-09-18 13:29:54,396060N1222621W001,20N04W12F002M,10/20/2008,00:00,,,43.000,0.000,43.000,189.970,189.470,146.970,42.500,UNK - Unknown,Unknown,Department of Water Resources,Voluntary,10,20,2008
Glenn_01.01.2003-06.21.2013.csv,Glenn,39.606,-122.2621,W001,2013-09-18 13:29:54,396060N1222621W001,20N04W12F002M,1/14/2009,00:00,,,43.800,0.000,43.800,189.970,189.470,146.170,43.300,UNK - Unknown,Unknown,Department of Water Resources,Voluntary,1,14,2009
Glenn_01.01.2003-06.21.2013.csv,Glenn,39.606,-122.2621,W001,2013-09-18 13:29:54,396060N1222621W001,20N04W12F002M,3/25/2009,00:00,,,41.750,0.000,41.750,189.970,189.470,148.220,41.250,UNK - Unknown,Unknown,Department of Water Resources,Voluntary,3,25,2009
Glenn_01.01.2003-06.21.2013.csv,Glenn,39.606,-122.2621,W001,2013-09-18 13:29:54,396060N1222621W001,20N04W12F002M,5/13/2009,00:00,,,45.300,0.000,45.300,189.970,189.470,144.670,44.800,UNK - Unknown,Unknown,Department of Water Resources,Voluntary,5,13,2009
Glenn_01.01.2003-06.21.2013.csv,Glenn,39.606,-122.2621,W001,2013-09-18 13:29:54,396060N1222621W001,20N04W12F002M,6/24/2009,00:00,,,49.430,0.000,49.430,189.970,189.470,140.540,48.930,UNK - Unknown,Unknown,Department of Water Resources,Voluntary,6,24,2009
Glenn_01.01.2003-06.21.2013.csv,Glenn,39.606,-122.2621,W001,2013-09-18 13:29:54,396060N1222621W001,20N04W12F002M,8/6/2009,00:00,,,52.650,0.000,52.650,189.970,189.470,137.320,52.150,UNK - Unknown,Unknown,Department of Water Resources,Voluntary,8,6,2009
Glenn_01.01.2003-06.21.2013.csv,Glenn,39.606,-122.2621,W001,2013-09-18 13:29:54,396060N1222621W001,20N04W12F002M,9/15/2009,00:00,,,54.490,0.000,54.490,189.970,189.470,135.480,53.990,UNK - Unknown,Unknown,Department of Water Resources,Voluntary,9,15,2009
Glenn_01.01.2003-06.21.2013.csv,Glenn,39.606,-122.2621,W001,2013-09-18 13:29:54,396060N1222621W001,20N04W12F002M,10/22/2009,00:00,,,55.130,0.000,55.130,189.970,189.470,134.840,54.630,UNK - Unknown,Unknown,Department of Water Resources,Voluntary,10,22,2009
Glenn_01.01.2003-06.21.2013.csv,Glenn,39.606,-122.2621,W001,2013-09-18 13:29:54,396060N1222621W001,20N04W12F002M,3/23/2010,00:00,,,48.570,0.000,48.570,189.970,189.470,141.400,48.070,UNK - Unknown,Unknown,Department of Water Resources,Voluntary,3,23,2010
Glenn_01.01.2003-06.21.2013.csv,Glenn,39.606,-122.2621,W001,2013-09-18 13:29:54,396060N1222621W001,20N04W12F002M,8/3/2010,00:00,,,54.680,0.000,54.680,189.970,189.470,135.290,54.180,UNK - Unknown,Unknown,Department of Water Resources,Voluntary,8,3,2010
Glenn_01.01.2003-06.21.2013.csv,Glenn,39.606,-122.2621,W001,2013-09-18 13:29:54,396060N1222621W001,20N04W12F002M,10/20/2010,00:00,,,56.300,0.000,56.300,189.970,189.470,133.670,55.800,UNK - Unknown,Unknown,Department of Water Resources,Voluntary,10,20,2010
Glenn_01.01.2003-06.21.2013.csv,Glenn,39.606,-122.2621,W001,2013-09-18 13:29:54,396060N1222621W001,20N04W12F002M,4/4/2011,00:00,,,49.860,0.000,49.860,189.970,189.470,140.110,49.360,UNK - Unknown,Unknown,Department of Water Resources,Voluntary,4,4,2011
Glenn_01.01.2003-06.21.2013.csv,Glenn,39.606,-122.2621,W001,2013-09-18 13:29:54,396060N1222621W001,20N04W12F002M,8/2/2011,00:00,,,54.400,0.000,54.400,189.970,189.470,135.570,53.900,UNK - Unknown,Unknown,Department of Water Resources,Voluntary,8,2,2011
Glenn_01.01.2003-06.21.2013.csv,Glenn,39.606,-122.2621,W001,2013-09-18 13:29:54,396060N1222621W001,20N04W12F002M,10/11/2011,00:00,,,54.880,0.000,54.880,189.970,189.470,135.090,54.380,UNK - Unknown,Unknown,Department of Water Resources,Voluntary,10,11,2011
Glenn_01.01.2003-06.21.2013.csv,Glenn,39.606,-122.2621,W001,2013-09-18 13:29:54,396060N1222621W001,20N04W12F002M,3/18/2013,00:00,,,57.280,0.000,57.280,189.970,189.470,132.690,56.780,ES - Electric sounder measurement,0.01 Ft,Department of Water Resources,Voluntary,3,18,2013
Glenn_01.01.2003-06.21.2013.csv,Glenn,39.6084,-122.0135,W001,2013-09-18 13:29:54,396084N1220135W001,20N01W07B001M,10/11/2011,00:00,,,7.850,0.000,7.850,118.190,117.390,110.340,7.050,ES - Electric sounder measurement,0.01 Ft,Department of Water Resources,Voluntary,10,11,2011
Glenn_01.01.2003-06.21.2013.csv,Glenn,39.6084,-122.0135,W001,2013-09-18 13:29:54,396084N1220135W001,20N01W07B001M,3/27/2012,00:00,,,10.270,0.000,10.270,118.190,117.390,107.920,9.470,ES - Electric sounder measurement,0.01 Ft,Department of Water Resources,Voluntary,3,27,2012
Glenn_01.01.2003-06.21.2013.csv,Glenn,39.6084,-122.0135,W001,2013-09-18 13:29:54,396084N1220135W001,20N01W07B001M,7/31/2012,00:00,,,5.350,0.000,5.350,118.190,117.390,112.840,4.550,ES - Electric sounder measurement,0.01 Ft,Department of Water Resources,Voluntary,7,31,2012
Glenn_01.01.2003-06.21.2013.csv,Glenn,39.6084,-122.0135,W001,2013-09-18 13:29:54,396084N1220135W001,20N01W07B001M,10/16/2012,00:00,,,7.940,0.000,7.940,118.190,117.390,110.250,7.140,ES - Electric sounder measurement,0.01 Ft,Department of Water Resources,Voluntary,10,16,2012
Glenn_01.01.2003-06.21.2013.csv,Glenn,39.6084,-122.0135,W001,2013-09-18 13:29:54,396084N1220135W001,20N01W07B001M,3/13/2003,00:00,,,7.200,0.000,7.200,118.190,117.390,110.990,6.400,UNK - Unknown,Unknown,Department of Water Resources,Voluntary,3,13,2003
Glenn_01.01.2003-06.21.2013.csv,Glenn,39.6084,-122.0135,W001,2013-09-18 13:29:54,396084N1220135W001,20N01W07B001M,4/8/2003,00:00,,,7.400,0.000,7.400,118.190,117.390,110.790,6.600,UNK - Unknown,Unknown,Department of Water Resources,Voluntary,4,8,2003
Glenn_01.01.2003-06.21.2013.csv,Glenn,39.6084,-122.0135,W001,2013-09-18 13:29:54,396084N1220135W001,20N01W07B001M,5/20/2003,00:00,,,6.100,0.000,6.100,118.190,117.390,112.090,5.300,UNK - Unknown,Unknown,Department of Water Resources,Voluntary,5,20,2003
Glenn_01.01.2003-06.21.2013.csv,Glenn,39.6084,-122.0135,W001,2013-09-18 13:29:54,396084N1220135W001,20N01W07B001M,6/20/2003,00:00,,,7.200,0.000,7.200,118.190,117.390,110.990,6.400,UNK - Unknown,Unknown,Department of Water Resources,Voluntary,6,20,2003
Glenn_01.01.2003-06.21.2013.csv,Glenn,39.6084,-122.0135,W001,2013-09-18 13:29:54,396084N1220135W001,20N01W07B001M,7/30/2003,00:00,9 - Temporarily inaccessible,,NULL,NULL,NULL,118.190,117.390,NULL,NULL,,,Department of Water Resources,Voluntary,7,30,2003
Glenn_01.01.2003-06.21.2013.csv,Glenn,39.6084,-122.0135,W001,2013-09-18 13:29:54,396084N1220135W001,20N01W07B001M,8/28/2003,00:00,,,7.500,0.000,7.500,118.190,117.390,110.690,6.700,UNK - Unknown,Unknown,Department of Water Resources,Voluntary,8,28,2003
Glenn_01.01.2003-06.21.2013.csv,Glenn,39.6084,-122.0135,W001,2013-09-18 13:29:54,396084N1220135W001,20N01W07B001M,9/18/2003,00:00,,,8.200,0.000,8.200,118.190,117.390,109.990,7.400,UNK - Unknown,Unknown,Department of Water Resources,Voluntary,9,18,2003
Glenn_01.01.2003-06.21.2013.csv,Glenn,39.6084,-122.0135,W001,2013-09-18 13:29:54,396084N1220135W001,20N01W07B001M,10/15/2003,00:00,,,7.900,0.000,7.900,118.190,117.390,110.290,7.100,UNK - Unknown,Unknown,Department of Water Resources,Voluntary,10,15,2003
Glenn_01.01.2003-06.21.2013.csv,Glenn,39.6084,-122.0135,W001,2013-09-18 13:29:54,396084N1220135W001,20N01W07B001M,11/18/2003,00:00,,,7.400,0.000,7.400,118.190,117.390,110.790,6.600,UNK - Unknown,Unknown,Department of Water Resources,Voluntary,11,18,2003
Glenn_01.01.2003-06.21.2013.csv,Glenn,39.6084,-122.0135,W001,2013-09-18 13:29:54,396084N1220135W001,20N01W07B001M,3/31/2004,00:00,,,7.200,0.000,7.200,118.190,117.390,110.990,6.400,UNK - Unknown,Unknown,Department of Water Resources,Voluntary,3,31,2004
Glenn_01.01.2003-06.21.2013.csv,Glenn,39.6084,-122.0135,W001,2013-09-18 13:29:54,396084N1220135W001,20N01W07B001M,4/27/2004,00:00,,,7.500,0.000,7.500,118.190,117.390,110.690,6.700,UNK - Unknown,Unknown,Department of Water Resources,Voluntary,4,27,2004
Glenn_01.01.2003-06.21.2013.csv,Glenn,39.6084,-122.0135,W001,2013-09-18 13:29:54,396084N1220135W001,20N01W07B001M,5/21/2004,00:00,,,7.300,0.000,7.300,118.190,117.390,110.890,6.500,UNK - Unknown,Unknown,Department of Water Resources,Voluntary,5,21,2004
Glenn_01.01.2003-06.21.2013.csv,Glenn,39.6084,-122.0135,W001,2013-09-18 13:29:54,396084N1220135W001,20N01W07B001M,6/22/2004,00:00,,,7.000,0.000,7.000,118.190,117.390,111.190,6.200,UNK - Unknown,Unknown,Department of Water Resources,Voluntary,6,22,2004
Glenn_01.01.2003-06.21.2013.csv,Glenn,39.6084,-122.0135,W001,2013-09-18 13:29:54,396084N1220135W001,20N01W07B001M,7/28/2004,00:00,,,7.600,0.000,7.600,118.190,117.390,110.590,6.800,UNK - Unknown,Unknown,Department of Water Resources,Voluntary,7,28,2004
Glenn_01.01.2003-06.21.2013.csv,Glenn,39.6084,-122.0135,W001,2013-09-18 13:29:54,396084N1220135W001,20N01W07B001M,8/25/2004,00:00,,,7.400,0.000,7.400,118.190,117.390,110.790,6.600,UNK - Unknown,Unknown,Department of Water Resources,Voluntary,8,25,2004
Glenn_01.01.2003-06.21.2013.csv,Glenn,39.6084,-122.0135,W001,2013-09-18 13:29:54,396084N1220135W001,20N01W07B001M,9/22/2004,00:00,,,8.600,0.000,8.600,118.190,117.390,109.590,7.800,UNK - Unknown,Unknown,Department of Water Resources,Voluntary,9,22,2004
Glenn_01.01.2003-06.21.2013.csv,Glenn,39.6084,-122.0135,W001,2013-09-18 13:29:54,396084N1220135W001,20N01W07B001M,10/20/2004,00:00,,,8.000,0.000,8.000,118.190,117.390,110.190,7.200,UNK - Unknown,Unknown,Department of Water Resources,Voluntary,10,20,2004
Glenn_01.01.2003-06.21.2013.csv,Glenn,39.6084,-122.0135,W001,2013-09-18 13:29:54,396084N1220135W001,20N01W07B001M,11/16/2004,00:00,,,7.200,0.000,7.200,118.190,117.390,110.990,6.400,UNK - Unknown,Unknown,Department of Water Resources,Voluntary,11,16,2004
Glenn_01.01.2003-06.21.2013.csv,Glenn,39.6084,-122.0135,W001,2013-09-18 13:29:54,396084N1220135W001,20N01W07B001M,3/29/2005,00:00,,,7.100,0.000,7.100,118.190,117.390,111.090,6.300,UNK - Unknown,Unknown,Department of Water Resources,Voluntary,3,29,2005
Glenn_01.01.2003-06.21.2013.csv,Glenn,39.6084,-122.0135,W001,2013-09-18 13:29:54,396084N1220135W001,20N01W07B001M,4/29/2005,00:00,,,7.600,0.000,7.600,118.190,117.390,110.590,6.800,UNK - Unknown,Unknown,Department of Water Resources,Voluntary,4,29,2005
Glenn_01.01.2003-06.21.2013.csv,Glenn,39.6084,-122.0135,W001,2013-09-18 13:29:54,396084N1220135W001,20N01W07B001M,5/25/2005,00:00,,,6.700,0.000,6.700,118.190,117.390,111.490,5.900,UNK - Unknown,Unknown,Department of Water Resources,Voluntary,5,25,2005
Glenn_01.01.2003-06.21.2013.csv,Glenn,39.6084,-122.0135,W001,2013-09-18 13:29:54,396084N1220135W001,20N01W07B001M,6/22/2005,00:00,,,6.700,0.000,6.700,118.190,117.390,111.490,5.900,UNK - Unknown,Unknown,Department of Water Resources,Voluntary,6,22,2005
Glenn_01.01.2003-06.21.2013.csv,Glenn,39.6084,-122.0135,W001,2013-09-18 13:29:54,396084N1220135W001,20N01W07B001M,7/27/2005,00:00,,,7.600,0.000,7.600,118.190,117.390,110.590,6.800,UNK - Unknown,Unknown,Department of Water Resources,Voluntary,7,27,2005
Glenn_01.01.2003-06.21.2013.csv,Glenn,39.6084,-122.0135,W001,2013-09-18 13:29:54,396084N1220135W001,20N01W07B001M,8/24/2005,00:00,,,7.500,0.000,7.500,118.190,117.390,110.690,6.700,UNK - Unknown,Unknown,Department of Water Resources,Voluntary,8,24,2005
Glenn_01.01.2003-06.21.2013.csv,Glenn,39.6084,-122.0135,W001,2013-09-18 13:29:54,396084N1220135W001,20N01W07B001M,9/28/2005,00:00,,,8.400,0.000,8.400,118.190,117.390,109.790,7.600,UNK - Unknown,Unknown,Department of Water Resources,Voluntary,9,28,2005
Glenn_01.01.2003-06.21.2013.csv,Glenn,39.6084,-122.0135,W001,2013-09-18 13:29:54,396084N1220135W001,20N01W07B001M,10/19/2005,00:00,,,8.500,0.000,8.500,118.190,117.390,109.690,7.700,UNK - Unknown,Unknown,Department of Water Resources,Voluntary,10,19,2005
Glenn_01.01.2003-06.21.2013.csv,Glenn,39.6084,-122.0135,W001,2013-09-18 13:29:54,396084N1220135W001,20N01W07B001M,3/27/2006,00:00,,,5.200,0.000,5.200,118.190,117.390,112.990,4.400,UNK - Unknown,Unknown,Department of Water Resources,Voluntary,3,27,2006
Glenn_01.01.2003-06.21.2013.csv,Glenn,39.6084,-122.0135,W001,2013-09-18 13:29:54,396084N1220135W001,20N01W07B001M,5/18/2006,00:00,,,6.000,0.000,6.000,118.190,117.390,112.190,5.200,UNK - Unknown,Unknown,Department of Water Resources,Voluntary,5,18,2006
Glenn_01.01.2003-06.21.2013.csv,Glenn,39.6084,-122.0135,W001,2013-09-18 13:29:54,396084N1220135W001,20N01W07B001M,8/2/2006,00:00,9 - Temporarily inaccessible,,NULL,NULL,NULL,118.190,117.390,NULL,NULL,,,Department of Water Resources,Voluntary,8,2,2006
Glenn_01.01.2003-06.21.2013.csv,Glenn,39.6084,-122.0135,W001,2013-09-18 13:29:54,396084N1220135W001,20N01W07B001M,10/12/2006,00:00,,,7.700,0.000,7.700,118.190,117.390,110.490,6.900,UNK - Unknown,Unknown,Department of Water Resources,Voluntary,10,12,2006
Glenn_01.01.2003-06.21.2013.csv,Glenn,39.6084,-122.0135,W001,2013-09-18 13:29:54,396084N1220135W001,20N01W07B001M,3/22/2007,00:00,,,8.800,0.000,8.800,118.190,117.390,109.390,8.000,UNK - Unknown,Unknown,Department of Water Resources,Voluntary,3,22,2007
Glenn_01.01.2003-06.21.2013.csv,Glenn,39.6084,-122.0135,W001,2013-09-18 13:29:54,396084N1220135W001,20N01W07B001M,8/7/2007,00:00,,,7.800,0.000,7.800,118.190,117.390,110.390,7.000,UNK - Unknown,Unknown,Department of Water Resources,Voluntary,8,7,2007
Glenn_01.01.2003-06.21.2013.csv,Glenn,39.6084,-122.0135,W001,2013-09-18 13:29:54,396084N1220135W001,20N01W07B001M,10/17/2007,00:00,,,9.000,0.000,9.000,118.190,117.390,109.190,8.200,UNK - Unknown,Unknown,Department of Water Resources,Voluntary,10,17,2007
Glenn_01.01.2003-06.21.2013.csv,Glenn,39.6084,-122.0135,W001,2013-09-18 13:29:54,396084N1220135W001,20N01W07B001M,3/13/2008,00:00,,,7.900,0.000,7.900,118.190,117.390,110.290,7.100,UNK - Unknown,Unknown,Department of Water Resources,Voluntary,3,13,2008
Glenn_01.01.2003-06.21.2013.csv,Glenn,39.6084,-122.0135,W001,2013-09-18 13:29:54,396084N1220135W001,20N01W07B001M,8/6/2008,00:00,,,7.700,0.000,7.700,118.190,117.390,110.490,6.900,UNK - Unknown,Unknown,Department of Water Resources,Voluntary,8,6,2008
Glenn_01.01.2003-06.21.2013.csv,Glenn,39.6084,-122.0135,W001,2013-09-18 13:29:54,396084N1220135W001,20N01W07B001M,10/20/2008,00:00,,,9.600,0.000,9.600,118.190,117.390,108.590,8.800,UNK - Unknown,Unknown,Department of Water Resources,Voluntary,10,20,2008
Glenn_01.01.2003-06.21.2013.csv,Glenn,39.6084,-122.0135,W001,2013-09-18 13:29:54,396084N1220135W001,20N01W07B001M,1/14/2009,00:00,,,10.700,0.000,10.700,118.190,117.390,107.490,9.900,UNK - Unknown,Unknown,Department of Water Resources,Voluntary,1,14,2009
Glenn_01.01.2003-06.21.2013.csv,Glenn,39.6084,-122.0135,W001,2013-09-18 13:29:54,396084N1220135W001,20N01W07B001M,3/25/2009,00:00,,,8.300,0.000,8.300,118.190,117.390,109.890,7.500,UNK - Unknown,Unknown,Department of Water Resources,Voluntary,3,25,2009
Glenn_01.01.2003-06.21.2013.csv,Glenn,39.6084,-122.0135,W001,2013-09-18 13:29:54,396084N1220135W001,20N01W07B001M,5/13/2009,00:00,,,7.600,0.000,7.600,118.190,117.390,110.590,6.800,UNK - Unknown,Unknown,Department of Water Resources,Voluntary,5,13,2009
Glenn_01.01.2003-06.21.2013.csv,Glenn,39.6084,-122.0135,W001,2013-09-18 13:29:54,396084N1220135W001,20N01W07B001M,6/25/2009,00:00,,,7.460,0.000,7.460,118.190,117.390,110.730,6.660,UNK - Unknown,Unknown,Department of Water Resources,Voluntary,6,25,2009
Glenn_01.01.2003-06.21.2013.csv,Glenn,39.6084,-122.0135,W001,2013-09-18 13:29:54,396084N1220135W001,20N01W07B001M,8/5/2009,00:00,,,7.300,0.000,7.300,118.190,117.390,110.890,6.500,UNK - Unknown,Unknown,Department of Water Resources,Voluntary,8,5,2009
Glenn_01.01.2003-06.21.2013.csv,Glenn,39.6084,-122.0135,W001,2013-09-18 13:29:54,396084N1220135W001,20N01W07B001M,9/15/2009,00:00,,,8.000,0.000,8.000,118.190,117.390,110.190,7.200,UNK - Unknown,Unknown,Department of Water Resources,Voluntary,9,15,2009
Glenn_01.01.2003-06.21.2013.csv,Glenn,39.6084,-122.0135,W001,2013-09-18 13:29:54,396084N1220135W001,20N01W07B001M,10/22/2009,00:00,,,9.000,0.000,9.000,118.190,117.390,109.190,8.200,UNK - Unknown,Unknown,Department of Water Resources,Voluntary,10,22,2009
Glenn_01.01.2003-06.21.2013.csv,Glenn,39.6084,-122.0135,W001,2013-09-18 13:29:54,396084N1220135W001,20N01W07B001M,3/25/2010,00:00,,,7.550,0.000,7.550,118.190,117.390,110.640,6.750,UNK - Unknown,Unknown,Department of Water Resources,Voluntary,3,25,2010
Glenn_01.01.2003-06.21.2013.csv,Glenn,39.6084,-122.0135,W001,2013-09-18 13:29:54,396084N1220135W001,20N01W07B001M,8/3/2010,00:00,,,6.450,0.000,6.450,118.190,117.390,111.740,5.650,UNK - Unknown,Unknown,Department of Water Resources,Voluntary,8,3,2010
Glenn_01.01.2003-06.21.2013.csv,Glenn,39.6084,-122.0135,W001,2013-09-18 13:29:54,396084N1220135W001,20N01W07B001M,10/19/2010,00:00,,,8.370,0.000,8.370,118.190,117.390,109.820,7.570,UNK - Unknown,Unknown,Department of Water Resources,Voluntary,10,19,2010
Glenn_01.01.2003-06.21.2013.csv,Glenn,39.6084,-122.0135,W001,2013-09-18 13:29:54,396084N1220135W001,20N01W07B001M,4/4/2011,00:00,,,5.350,0.000,5.350,118.190,117.390,112.840,4.550,UNK - Unknown,Unknown,Department of Water Resources,Voluntary,4,4,2011
Glenn_01.01.2003-06.21.2013.csv,Glenn,39.6084,-122.0135,W001,2013-09-18 13:29:54,396084N1220135W001,20N01W07B001M,8/2/2011,00:00,,,6.480,0.000,6.480,118.190,117.390,111.710,5.680,UNK - Unknown,Unknown,Department of Water Resources,Voluntary,8,2,2011
Glenn_01.01.2003-06.21.2013.csv,Glenn,39.6084,-122.0135,W001,2013-09-18 13:29:54,396084N1220135W001,20N01W07B001M,10/11/2011,00:00,,,7.850,0.000,7.850,118.190,117.390,110.340,7.050,UNK - Unknown,Unknown,Department of Water Resources,Voluntary,10,11,2011
Glenn_01.01.2003-06.21.2013.csv,Glenn,39.6084,-122.0135,W001,2013-09-18 13:29:54,396084N1220135W001,20N01W07B001M,3/18/2013,00:00,,,9.200,0.000,9.200,118.190,117.390,108.990,8.400,ES - Electric sounder measurement,0.01 Ft,Department of Water Resources,Voluntary,3,18,2013
Glenn_01.01.2003-06.21.2013.csv,Glenn,39.6087,-122.0456,W001,2013-09-18 13:29:54,396087N1220456W001,20N02W11A001M,10/11/2011,00:00,,,6.140,0.000,6.140,125.900,125.400,119.760,5.640,ES - Electric sounder measurement,0.01 Ft,Department of Water Resources,CASGEM,10,11,2011
Glenn_01.01.2003-06.21.2013.csv,Glenn,39.6087,-122.0456,W001,2013-09-18 13:29:54,396087N1220456W001,20N02W11A001M,10/11/2011,00:00,,,6.140,0.000,6.140,125.900,125.400,119.760,5.640,ES - Electric sounder measurement,0.01 Ft,Department of Water Resources,CASGEM,10,11,2011
Glenn_01.01.2003-06.21.2013.csv,Glenn,39.6087,-122.0456,W001,2013-09-18 13:29:54,396087N1220456W001,20N02W11A001M,3/28/2012,00:00,,,9.260,0.000,9.260,125.900,125.400,116.640,8.760,ES - Electric sounder measurement,0.01 Ft,Department of Water Resources,CASGEM,3,28,2012
Glenn_01.01.2003-06.21.2013.csv,Glenn,39.6087,-122.0456,W001,2013-09-18 13:29:54,396087N1220456W001,20N02W11A001M,7/31/2012,00:00,,,3.130,0.000,3.130,125.900,125.400,122.770,2.630,ES - Electric sounder measurement,0.01 Ft,Department of Water Resources,CASGEM,7,31,2012
Glenn_01.01.2003-06.21.2013.csv,Glenn,39.6087,-122.0456,W001,2013-09-18 13:29:54,396087N1220456W001,20N02W11A001M,10/16/2012,00:00,,,9.710,0.000,9.710,125.900,125.400,116.190,9.210,ES - Electric sounder measurement,0.01 Ft,Department of Water Resources,CASGEM,10,16,2012
Glenn_01.01.2003-06.21.2013.csv,Glenn,39.6087,-122.0456,W001,2013-09-18 13:29:54,396087N1220456W001,20N02W11A001M,3/18/2013,00:00,,,10.020,0.000,10.020,125.900,125.400,115.880,9.520,ES - Electric sounder measurement,0.01 Ft,Department of Water Resources,CASGEM,3,18,2013
Glenn_01.01.2003-06.21.2013.csv,Glenn,39.6087,-122.0456,W001,2013-09-18 13:29:54,396087N1220456W001,20N02W11A001M,5/23/2013,00:00,,,7.000,0.000,7.000,125.900,125.400,118.900,6.500,ES - Electric sounder measurement,0.1 Ft,Department of Water Resources,Voluntary,5,23,2013
Glenn_01.01.2003-06.21.2013.csv,Glenn,39.6087,-122.0456,W002,2013-09-18 13:29:54,396087N1220456W002,20N02W11A002M,10/11/2011,00:00,,,11.700,0.000,11.700,125.400,125.400,113.700,11.700,ES - Electric sounder measurement,0.01 Ft,Department of Water Resources,CASGEM,10,11,2011
Glenn_01.01.2003-06.21.2013.csv,Glenn,39.6087,-122.0456,W002,2013-09-18 13:29:54,396087N1220456W002,20N02W11A002M,10/11/2011,00:00,,,11.700,0.000,11.700,125.400,125.400,113.700,11.700,ES - Electric sounder measurement,0.01 Ft,Department of Water Resources,CASGEM,10,11,2011
Glenn_01.01.2003-06.21.2013.csv,Glenn,39.6087,-122.0456,W002,2013-09-18 13:29:54,396087N1220456W002,20N02W11A002M,3/28/2012,00:00,,,11.920,0.000,11.920,125.400,125.400,113.480,11.920,ES - Electric sounder measurement,0.01 Ft,Department of Water Resources,CASGEM,3,28,2012
Glenn_01.01.2003-06.21.2013.csv,Glenn,39.6087,-122.0456,W002,2013-09-18 13:29:54,396087N1220456W002,20N02W11A002M,7/31/2012,00:00,,,13.020,0.000,13.020,125.400,125.400,112.380,13.020,ES - Electric sounder measurement,0.01 Ft,Department of Water Resources,CASGEM,7,31,2012
Glenn_01.01.2003-06.21.2013.csv,Glenn,39.6087,-122.0456,W002,2013-09-18 13:29:54,396087N1220456W002,20N02W11A002M,10/16/2012,00:00,,,14.100,0.000,14.100,125.400,125.400,111.300,14.100,ES - Electric sounder measurement,0.01 Ft,Department of Water Resources,CASGEM,10,16,2012
Glenn_01.01.2003-06.21.2013.csv,Glenn,39.6087,-122.0456,W002,2013-09-18 13:29:54,396087N1220456W002,20N02W11A002M,3/18/2013,00:00,,,13.830,0.000,13.830,125.400,125.400,111.570,13.830,ES - Electric sounder measurement,0.01 Ft,Department of Water Resources,CASGEM,3,18,2013
Glenn_01.01.2003-06.21.2013.csv,Glenn,39.6087,-122.0456,W002,2013-09-18 13:29:54,396087N1220456W002,20N02W11A002M,5/23/2013,00:00,,,13.800,0.000,13.800,125.400,125.400,111.600,13.800,ES - Electric sounder measurement,0.1 Ft,Department of Water Resources,Voluntary,5,23,2013
Glenn_01.01.2003-06.21.2013.csv,Glenn,39.6087,-122.0456,W003,2013-09-18 13:29:54,396087N1220456W003,20N02W11A003M,10/11/2011,00:00,,,19.030,0.000,19.030,125.900,125.400,106.870,18.530,ES - Electric sounder measurement,0.01 Ft,Department of Water Resources,CASGEM,10,11,2011
Glenn_01.01.2003-06.21.2013.csv,Glenn,39.6087,-122.0456,W003,2013-09-18 13:29:54,396087N1220456W003,20N02W11A003M,10/11/2011,00:00,,,19.030,0.000,19.030,125.900,125.400,106.870,18.530,ES - Electric sounder measurement,0.01 Ft,Department of Water Resources,CASGEM,10,11,2011
Glenn_01.01.2003-06.21.2013.csv,Glenn,39.6087,-122.0456,W003,2013-09-18 13:29:54,396087N1220456W003,20N02W11A003M,3/28/2012,00:00,,,18.590,0.000,18.590,125.900,125.400,107.310,18.090,ES - Electric sounder measurement,0.01 Ft,Department of Water Resources,CASGEM,3,28,2012
Glenn_01.01.2003-06.21.2013.csv,Glenn,39.6087,-122.0456,W003,2013-09-18 13:29:54,396087N1220456W003,20N02W11A003M,7/31/2012,00:00,,,26.110,0.000,26.110,125.900,125.400,99.790,25.610,ES - Electric sounder measurement,0.01 Ft,Department of Water Resources,CASGEM,7,31,2012
Glenn_01.01.2003-06.21.2013.csv,Glenn,39.6087,-122.0456,W003,2013-09-18 13:29:54,396087N1220456W003,20N02W11A003M,10/16/2012,00:00,,,22.190,0.000,22.190,125.900,125.400,103.710,21.690,ES - Electric sounder measurement,0.01 Ft,Department of Water Resources,CASGEM,10,16,2012
Glenn_01.01.2003-06.21.2013.csv,Glenn,39.6087,-122.0456,W003,2013-09-18 13:29:54,396087N1220456W003,20N02W11A003M,3/18/2013,00:00,,,21.510,0.000,21.510,125.900,125.400,104.390,21.010,ES - Electric sounder measurement,0.01 Ft,Department of Water Resources,CASGEM,3,18,2013
Glenn_01.01.2003-06.21.2013.csv,Glenn,39.6087,-122.0456,W003,2013-09-18 13:29:54,396087N1220456W003,20N02W11A003M,5/23/2013,00:00,,,30.150,0.000,30.150,125.900,125.400,95.750,29.650,ES - Electric sounder measurement,0.1 Ft,Department of Water Resources,Voluntary,5,23,2013
Glenn_01.01.2003-06.21.2013.csv,Glenn,39.6096,-122.1469,W001,2013-09-18 13:29:54,396096N1221469W001,20N03W12C001M,10/11/2011,00:00,,,49.600,0.000,49.600,162.430,161.430,112.830,48.600,ST - Steel tape measurement,0.1 Ft,Department of Water Resources,Voluntary,10,11,2011
Glenn_01.01.2003-06.21.2013.csv,Glenn,39.6096,-122.1469,W001,2013-09-18 13:29:54,396096N1221469W001,20N03W12C001M,3/28/2012,00:00,,8 - Oil or foreign substance in casing,43.000,8.100,34.900,162.430,161.430,127.530,33.900,ST - Steel tape measurement,0.1 Ft,Department of Water Resources,Voluntary,3,28,2012
Glenn_01.01.2003-06.21.2013.csv,Glenn,39.6096,-122.1469,W001,2013-09-18 13:29:54,396096N1221469W001,20N03W12C001M,8/2/2012,00:00,,8 - Oil or foreign substance in casing,59.000,2.000,57.000,162.430,161.430,105.430,56.000,ST - Steel tape measurement,0.1 Ft,Department of Water Resources,Voluntary,8,2,2012
Glenn_01.01.2003-06.21.2013.csv,Glenn,39.6096,-122.1469,W001,2013-09-18 13:29:54,396096N1221469W001,20N03W12C001M,10/17/2012,00:00,,8 - Oil or foreign substance in casing,60.000,4.100,55.900,162.430,161.430,106.530,54.900,ST - Steel tape measurement,0.1 Ft,Department of Water Resources,Voluntary,10,17,2012
Glenn_01.01.2003-06.21.2013.csv,Glenn,39.6096,-122.1469,W001,2013-09-18 13:29:54,396096N1221469W001,20N03W12C001M,3/13/2003,00:00,,6 - Other,35.900,0.000,35.900,162.430,161.430,126.530,34.900,UNK - Unknown,Unknown,Department of Water Resources,Voluntary,OILY/TAPE HUNG UP-NOT A GOOD MSMT3,13,2003
Glenn_01.01.2003-06.21.2013.csv,Glenn,39.6096,-122.1469,W001,2013-09-18 13:29:54,396096N1221469W001,20N03W12C001M,4/8/2003,00:00,,8 - Oil or foreign substance in casing,24.600,0.000,24.600,162.430,161.430,137.830,23.600,UNK - Unknown,Unknown,Department of Water Resources,Voluntary,4,8,2003
Glenn_01.01.2003-06.21.2013.csv,Glenn,39.6096,-122.1469,W001,2013-09-18 13:29:54,396096N1221469W001,20N03W12C001M,5/20/2003,00:00,,8 - Oil or foreign substance in casing,24.300,0.000,24.300,162.430,161.430,138.130,23.300,UNK - Unknown,Unknown,Department of Water Resources,Voluntary,5,20,2003
Glenn_01.01.2003-06.21.2013.csv,Glenn,39.6096,-122.1469,W001,2013-09-18 13:29:54,396096N1221469W001,20N03W12C001M,6/20/2003,00:00,,8 - Oil or foreign substance in casing,33.100,0.000,33.100,162.430,161.430,129.330,32.100,UNK - Unknown,Unknown,Department of Water Resources,Voluntary,6,20,2003
Glenn_01.01.2003-06.21.2013.csv,Glenn,39.6096,-122.1469,W001,2013-09-18 13:29:54,396096N1221469W001,20N03W12C001M,7/29/2003,00:00,,8 - Oil or foreign substance in casing,37.400,0.000,37.400,162.430,161.430,125.030,36.400,UNK - Unknown,Unknown,Department of Water Resources,Voluntary,7,29,2003
Glenn_01.01.2003-06.21.2013.csv,Glenn,39.6096,-122.1469,W001,2013-09-18 13:29:54,396096N1221469W001,20N03W12C001M,8/28/2003,00:00,,8 - Oil or foreign substance in casing,34.900,0.000,34.900,162.430,161.430,127.530,33.900,UNK - Unknown,Unknown,Department of Water Resources,Voluntary,8,28,2003
Glenn_01.01.2003-06.21.2013.csv,Glenn,39.6096,-122.1469,W001,2013-09-18 13:29:54,396096N1221469W001,20N03W12C001M,9/18/2003,00:00,,8 - Oil or foreign substance in casing,34.800,0.000,34.800,162.430,161.430,127.630,33.800,UNK - Unknown,Unknown,Department of Water Resources,Voluntary,9,18,2003
Glenn_01.01.2003-06.21.2013.csv,Glenn,39.6096,-122.1469,W001,2013-09-18 13:29:54,396096N1221469W001,20N03W12C001M,10/15/2003,00:00,,8 - Oil or foreign substance in casing,32.400,0.000,32.400,162.430,161.430,130.030,31.400,UNK - Unknown,Unknown,Department of Water Resources,Voluntary,10,15,2003
Glenn_01.01.2003-06.21.2013.csv,Glenn,39.6096,-122.1469,W001,2013-09-18 13:29:54,396096N1221469W001,20N03W12C001M,11/18/2003,00:00,,8 - Oil or foreign substance in casing,29.900,0.000,29.900,162.430,161.430,132.530,28.900,UNK - Unknown,Unknown,Department of Water Resources,Voluntary,11,18,2003
Glenn_01.01.2003-06.21.2013.csv,Glenn,39.6096,-122.1469,W001,2013-09-18 13:29:54,396096N1221469W001,20N03W12C001M,3/31/2004,00:00,,8 - Oil or foreign substance in casing,21.200,0.000,21.200,162.430,161.430,141.230,20.200,UNK - Unknown,Unknown,Department of Water Resources,Voluntary,3,31,2004
Glenn_01.01.2003-06.21.2013.csv,Glenn,39.6096,-122.1469,W001,2013-09-18 13:29:54,396096N1221469W001,20N03W12C001M,4/27/2004,00:00,,8 - Oil or foreign substance in casing,24.600,0.000,24.600,162.430,161.430,137.830,23.600,UNK - Unknown,Unknown,Department of Water Resources,Voluntary,4,27,2004
Glenn_01.01.2003-06.21.2013.csv,Glenn,39.6096,-122.1469,W001,2013-09-18 13:29:54,396096N1221469W001,20N03W12C001M,5/21/2004,00:00,,8 - Oil or foreign substance in casing,29.300,0.000,29.300,162.430,161.430,133.130,28.300,UNK - Unknown,Unknown,Department of Water Resources,Voluntary,5,21,2004
Glenn_01.01.2003-06.21.2013.csv,Glenn,39.6096,-122.1469,W001,2013-09-18 13:29:54,396096N1221469W001,20N03W12C001M,6/22/2004,00:00,,8 - Oil or foreign substance in casing,34.100,0.000,34.100,162.430,161.430,128.330,33.100,UNK - Unknown,Unknown,Department of Water Resources,Voluntary,6,22,2004
Glenn_01.01.2003-06.21.2013.csv,Glenn,39.6096,-122.1469,W001,2013-09-18 13:29:54,396096N1221469W001,20N03W12C001M,7/28/2004,00:00,,8 - Oil or foreign substance in casing,37.600,0.000,37.600,162.430,161.430,124.830,36.600,UNK - Unknown,Unknown,Department of Water Resources,Voluntary,7,28,2004
Glenn_01.01.2003-06.21.2013.csv,Glenn,39.6096,-122.1469,W001,2013-09-18 13:29:54,396096N1221469W001,20N03W12C001M,8/25/2004,00:00,,8 - Oil or foreign substance in casing,36.700,0.000,36.700,162.430,161.430,125.730,35.700,UNK - Unknown,Unknown,Department of Water Resources,Voluntary,8,25,2004
Glenn_01.01.2003-06.21.2013.csv,Glenn,39.6096,-122.1469,W001,2013-09-18 13:29:54,396096N1221469W001,20N03W12C001M,9/22/2004,00:00,,1 - Pumping,46.000,0.000,46.000,162.430,161.430,116.430,45.000,UNK - Unknown,Unknown,Department of Water Resources,Voluntary,OILY9,22,2004
Glenn_01.01.2003-06.21.2013.csv,Glenn,39.6096,-122.1469,W001,2013-09-18 13:29:54,396096N1221469W001,20N03W12C001M,10/20/2004,00:00,,8 - Oil or foreign substance in casing,34.200,0.000,34.200,162.430,161.430,128.230,33.200,UNK - Unknown,Unknown,Department of Water Resources,Voluntary,10,20,2004
Glenn_01.01.2003-06.21.2013.csv,Glenn,39.6096,-122.1469,W001,2013-09-18 13:29:54,396096N1221469W001,20N03W12C001M,11/16/2004,00:00,,,30.700,0.000,30.700,162.430,161.430,131.730,29.700,UNK - Unknown,Unknown,Department of Water Resources,Voluntary,11,16,2004
Glenn_01.01.2003-06.21.2013.csv,Glenn,39.6096,-122.1469,W001,2013-09-18 13:29:54,396096N1221469W001,20N03W12C001M,3/29/2005,00:00,,8 - Oil or foreign substance in casing,21.400,0.000,21.400,162.430,161.430,141.030,20.400,UNK - Unknown,Unknown,Department of Water Resources,Voluntary,3,29,2005
Glenn_01.01.2003-06.21.2013.csv,Glenn,39.6096,-122.1469,W001,2013-09-18 13:29:54,396096N1221469W001,20N03W12C001M,4/28/2005,00:00,,8 - Oil or foreign substance in casing,25.000,0.000,25.000,162.430,161.430,137.430,24.000,UNK - Unknown,Unknown,Department of Water Resources,Voluntary,4,28,2005
Glenn_01.01.2003-06.21.2013.csv,Glenn,39.6096,-122.1469,W001,2013-09-18 13:29:54,396096N1221469W001,20N03W12C001M,5/25/2005,00:00,,,30.100,0.000,30.100,162.430,161.430,132.330,29.100,UNK - Unknown,Unknown,Department of Water Resources,Voluntary,5,25,2005
Glenn_01.01.2003-06.21.2013.csv,Glenn,39.6096,-122.1469,W001,2013-09-18 13:29:54,396096N1221469W001,20N03W12C001M,6/22/2005,00:00,,,30.800,0.000,30.800,162.430,161.430,131.630,29.800,UNK - Unknown,Unknown,Department of Water Resources,Voluntary,6,22,2005
Glenn_01.01.2003-06.21.2013.csv,Glenn,39.6096,-122.1469,W001,2013-09-18 13:29:54,396096N1221469W001,20N03W12C001M,7/27/2005,00:00,,8 - Oil or foreign substance in casing,36.200,0.000,36.200,162.430,161.430,126.230,35.200,UNK - Unknown,Unknown,Department of Water Resources,Voluntary,7,27,2005
Glenn_01.01.2003-06.21.2013.csv,Glenn,39.6096,-122.1469,W001,2013-09-18 13:29:54,396096N1221469W001,20N03W12C001M,8/25/2005,00:00,,8 - Oil or foreign substance in casing,35.400,0.000,35.400,162.430,161.430,127.030,34.400,UNK - Unknown,Unknown,Department of Water Resources,Voluntary,8,25,2005
Glenn_01.01.2003-06.21.2013.csv,Glenn,39.6096,-122.1469,W001,2013-09-18 13:29:54,396096N1221469W001,20N03W12C001M,9/28/2005,00:00,,8 - Oil or foreign substance in casing,33.500,0.000,33.500,162.430,161.430,128.930,32.500,UNK - Unknown,Unknown,Department of Water Resources,Voluntary,9,28,2005
Glenn_01.01.2003-06.21.2013.csv,Glenn,39.6096,-122.1469,W001,2013-09-18 13:29:54,396096N1221469W001,20N03W12C001M,10/19/2005,00:00,,8 - Oil or foreign substance in casing,33.000,0.000,33.000,162.430,161.430,129.430,32.000,UNK - Unknown,Unknown,Department of Water Resources,Voluntary,10,19,2005
Glenn_01.01.2003-06.21.2013.csv,Glenn,39.6096,-122.1469,W001,2013-09-18 13:29:54,396096N1221469W001,20N03W12C001M,3/27/2006,00:00,,8 - Oil or foreign substance in casing,21.200,0.000,21.200,162.430,161.430,141.230,20.200,UNK - Unknown,Unknown,Department of Water Resources,Voluntary,3,27,2006
Glenn_01.01.2003-06.21.2013.csv,Glenn,39.6096,-122.1469,W001,2013-09-18 13:29:54,396096N1221469W001,20N03W12C001M,5/17/2006,00:00,,8 - Oil or foreign substance in casing,26.500,0.000,26.500,162.430,161.430,135.930,25.500,UNK - Unknown,Unknown,Department of Water Resources,Voluntary,5,17,2006
Glenn_01.01.2003-06.21.2013.csv,Glenn,39.6096,-122.1469,W001,2013-09-18 13:29:54,396096N1221469W001,20N03W12C001M,8/2/2006,00:00,,8 - Oil or foreign substance in casing,34.100,0.000,34.100,162.430,161.430,128.330,33.100,UNK - Unknown,Unknown,Department of Water Resources,Voluntary,8,2,2006
Glenn_01.01.2003-06.21.2013.csv,Glenn,39.6096,-122.1469,W001,2013-09-18 13:29:54,396096N1221469W001,20N03W12C001M,10/12/2006,00:00,,8 - Oil or foreign substance in casing,31.100,0.000,31.100,162.430,161.430,131.330,30.100,UNK - Unknown,Unknown,Department of Water Resources,Voluntary,10,12,2006
Glenn_01.01.2003-06.21.2013.csv,Glenn,39.6096,-122.1469,W001,2013-09-18 13:29:54,396096N1221469W001,20N03W12C001M,3/22/2007,00:00,,,29.500,0.000,29.500,162.430,161.430,132.930,28.500,UNK - Unknown,Unknown,Department of Water Resources,Voluntary,3,22,2007
Glenn_01.01.2003-06.21.2013.csv,Glenn,39.6096,-122.1469,W001,2013-09-18 13:29:54,396096N1221469W001,20N03W12C001M,8/8/2007,00:00,,8 - Oil or foreign substance in casing,45.200,0.000,45.200,162.430,161.430,117.230,44.200,UNK - Unknown,Unknown,Department of Water Resources,Voluntary,8,8,2007
Glenn_01.01.2003-06.21.2013.csv,Glenn,39.6096,-122.1469,W001,2013-09-18 13:29:54,396096N1221469W001,20N03W12C001M,10/16/2007,00:00,,8 - Oil or foreign substance in casing,38.500,0.000,38.500,162.430,161.430,123.930,37.500,UNK - Unknown,Unknown,Department of Water Resources,Voluntary,10,16,2007
Glenn_01.01.2003-06.21.2013.csv,Glenn,39.6096,-122.1469,W001,2013-09-18 13:29:54,396096N1221469W001,20N03W12C001M,3/11/2008,00:00,,,29.000,0.000,29.000,162.430,161.430,133.430,28.000,UNK - Unknown,Unknown,Department of Water Resources,Voluntary,3,11,2008
Glenn_01.01.2003-06.21.2013.csv,Glenn,39.6096,-122.1469,W001,2013-09-18 13:29:54,396096N1221469W001,20N03W12C001M,8/6/2008,00:00,,8 - Oil or foreign substance in casing,49.700,0.000,49.700,162.430,161.430,112.730,48.700,UNK - Unknown,Unknown,Department of Water Resources,Voluntary,8,6,2008
Glenn_01.01.2003-06.21.2013.csv,Glenn,39.6096,-122.1469,W001,2013-09-18 13:29:54,396096N1221469W001,20N03W12C001M,10/20/2008,00:00,,8 - Oil or foreign substance in casing,44.600,0.000,44.600,162.430,161.430,117.830,43.600,UNK - Unknown,Unknown,Department of Water Resources,Voluntary,10,20,2008
Glenn_01.01.2003-06.21.2013.csv,Glenn,39.6096,-122.1469,W001,2013-09-18 13:29:54,396096N1221469W001,20N03W12C001M,1/14/2009,00:00,,8 - Oil or foreign substance in casing,42.000,0.000,42.000,162.430,161.430,120.430,41.000,UNK - Unknown,Unknown,Department of Water Resources,Voluntary,1,14,2009
Glenn_01.01.2003-06.21.2013.csv,Glenn,39.6096,-122.1469,W001,2013-09-18 13:29:54,396096N1221469W001,20N03W12C001M,3/25/2009,00:00,,8 - Oil or foreign substance in casing,35.000,0.000,35.000,162.430,161.430,127.430,34.000,UNK - Unknown,Unknown,Department of Water Resources,Voluntary,3,25,2009
Glenn_01.01.2003-06.21.2013.csv,Glenn,39.6096,-122.1469,W001,2013-09-18 13:29:54,396096N1221469W001,20N03W12C001M,5/14/2009,00:00,,8 - Oil or foreign substance in casing,47.400,0.000,47.400,162.430,161.430,115.030,46.400,UNK - Unknown,Unknown,Department of Water Resources,Voluntary,5,14,2009
Glenn_01.01.2003-06.21.2013.csv,Glenn,39.6096,-122.1469,W001,2013-09-18 13:29:54,396096N1221469W001,20N03W12C001M,6/25/2009,00:00,,8 - Oil or foreign substance in casing,54.000,0.000,54.000,162.430,161.430,108.430,53.000,UNK - Unknown,Unknown,Department of Water Resources,Voluntary,6,25,2009
Glenn_01.01.2003-06.21.2013.csv,Glenn,39.6096,-122.1469,W001,2013-09-18 13:29:54,396096N1221469W001,20N03W12C001M,8/6/2009,00:00,,8 - Oil or foreign substance in casing,58.700,0.000,58.700,162.430,161.430,103.730,57.700,UNK - Unknown,Unknown,Department of Water Resources,Voluntary,8,6,2009
Glenn_01.01.2003-06.21.2013.csv,Glenn,39.6096,-122.1469,W001,2013-09-18 13:29:54,396096N1221469W001,20N03W12C001M,9/15/2009,00:00,,8 - Oil or foreign substance in casing,58.100,0.000,58.100,162.430,161.430,104.330,57.100,UNK - Unknown,Unknown,Department of Water Resources,Voluntary,9,15,2009
Glenn_01.01.2003-06.21.2013.csv,Glenn,39.6096,-122.1469,W001,2013-09-18 13:29:54,396096N1221469W001,20N03W12C001M,10/22/2009,00:00,,8 - Oil or foreign substance in casing,46.800,0.000,46.800,162.430,161.430,115.630,45.800,UNK - Unknown,Unknown,Department of Water Resources,Voluntary,10,22,2009
Glenn_01.01.2003-06.21.2013.csv,Glenn,39.6096,-122.1469,W001,2013-09-18 13:29:54,396096N1221469W001,20N03W12C001M,3/25/2010,00:00,,8 - Oil or foreign substance in casing,35.700,0.000,35.700,162.430,161.430,126.730,34.700,UNK - Unknown,Unknown,Department of Water Resources,Voluntary,3,25,2010
Glenn_01.01.2003-06.21.2013.csv,Glenn,39.6096,-122.1469,W001,2013-09-18 13:29:54,396096N1221469W001,20N03W12C001M,8/3/2010,00:00,,,49.100,0.000,49.100,162.430,161.430,113.330,48.100,UNK - Unknown,Unknown,Department of Water Resources,Voluntary,8,3,2010
Glenn_01.01.2003-06.21.2013.csv,Glenn,39.6096,-122.1469,W001,2013-09-18 13:29:54,396096N1221469W001,20N03W12C001M,10/20/2010,00:00,,,47.400,0.000,47.400,162.430,161.430,115.030,46.400,UNK - Unknown,Unknown,Department of Water Resources,Voluntary,10,20,2010
Glenn_01.01.2003-06.21.2013.csv,Glenn,39.6096,-122.1469,W001,2013-09-18 13:29:54,396096N1221469W001,20N03W12C001M,4/6/2011,00:00,,,36.500,0.000,36.500,162.430,161.430,125.930,35.500,UNK - Unknown,Unknown,Department of Water Resources,Voluntary,4,6,2011
Glenn_01.01.2003-06.21.2013.csv,Glenn,39.6096,-122.1469,W001,2013-09-18 13:29:54,396096N1221469W001,20N03W12C001M,8/2/2011,00:00,,,53.300,0.000,53.300,162.430,161.430,109.130,52.300,UNK - Unknown,Unknown,Department of Water Resources,Voluntary,8,2,2011
Glenn_01.01.2003-06.21.2013.csv,Glenn,39.6096,-122.1469,W001,2013-09-18 13:29:54,396096N1221469W001,20N03W12C001M,10/11/2011,00:00,,,49.600,0.000,49.600,162.430,161.430,112.830,48.600,UNK - Unknown,Unknown,Department of Water Resources,Voluntary,10,11,2011
Glenn_01.01.2003-06.21.2013.csv,Glenn,39.6096,-122.1469,W001,2013-09-18 13:29:54,396096N1221469W001,20N03W12C001M,3/21/2013,00:00,,,40.000,2.000,38.000,162.430,161.430,124.430,37.000,ST - Steel tape measurement,0.1 Ft,Department of Water Resources,Voluntary,3,21,2013
Glenn_01.01.2003-06.21.2013.csv,Glenn,39.6159,-122.0471,W001,2013-09-18 13:29:54,396159N1220471W001,20N02W02J001M,10/11/2011,00:00,,,8.120,0.000,8.120,127.900,127.400,119.780,7.620,ES - Electric sounder measurement,0.01 Ft,Department of Water Resources,Voluntary,10,11,2011
Glenn_01.01.2003-06.21.2013.csv,Glenn,39.6159,-122.0471,W001,2013-09-18 13:29:54,396159N1220471W001,20N02W02J001M,3/28/2012,00:00,,,7.120,0.000,7.120,127.900,127.400,120.780,6.620,ES - Electric sounder measurement,0.01 Ft,Department of Water Resources,Voluntary,3,28,2012
Glenn_01.01.2003-06.21.2013.csv,Glenn,39.6159,-122.0471,W001,2013-09-18 13:29:54,396159N1220471W001,20N02W02J001M,7/31/2012,00:00,,,3.490,0.000,3.490,127.900,127.400,124.410,2.990,ES - Electric sounder measurement,0.01 Ft,Department of Water Resources,Voluntary,7,31,2012
Glenn_01.01.2003-06.21.2013.csv,Glenn,39.6159,-122.0471,W001,2013-09-18 13:29:54,396159N1220471W001,20N02W02J001M,10/16/2012,00:00,,,10.380,0.000,10.380,127.900,127.400,117.520,9.880,ES - Electric sounder measurement,0.01 Ft,Department of Water Resources,Voluntary,10,16,2012
Glenn_01.01.2003-06.21.2013.csv,Glenn,39.6159,-122.0471,W001,2013-09-18 13:29:54,396159N1220471W001,20N02W02J001M,3/13/2003,00:00,,,8.000,0.000,8.000,127.900,127.400,119.900,7.500,UNK - Unknown,Unknown,Department of Water Resources,Voluntary,3,13,2003
Glenn_01.01.2003-06.21.2013.csv,Glenn,39.6159,-122.0471,W001,2013-09-18 13:29:54,396159N1220471W001,20N02W02J001M,4/8/2003,00:00,,,8.400,0.000,8.400,127.900,127.400,119.500,7.900,UNK - Unknown,Unknown,Department of Water Resources,Voluntary,4,8,2003
Glenn_01.01.2003-06.21.2013.csv,Glenn,39.6159,-122.0471,W001,2013-09-18 13:29:54,396159N1220471W001,20N02W02J001M,5/20/2003,00:00,,,3.800,0.000,3.800,127.900,127.400,124.100,3.300,UNK - Unknown,Unknown,Department of Water Resources,Voluntary,5,20,2003
Glenn_01.01.2003-06.21.2013.csv,Glenn,39.6159,-122.0471,W001,2013-09-18 13:29:54,396159N1220471W001,20N02W02J001M,6/20/2003,00:00,,,4.100,0.000,4.100,127.900,127.400,123.800,3.600,UNK - Unknown,Unknown,Department of Water Resources,Voluntary,6,20,2003
Glenn_01.01.2003-06.21.2013.csv,Glenn,39.6159,-122.0471,W001,2013-09-18 13:29:54,396159N1220471W001,20N02W02J001M,7/30/2003,00:00,,,6.400,0.000,6.400,127.900,127.400,121.500,5.900,UNK - Unknown,Unknown,Department of Water Resources,Voluntary,7,30,2003
Glenn_01.01.2003-06.21.2013.csv,Glenn,39.6159,-122.0471,W001,2013-09-18 13:29:54,396159N1220471W001,20N02W02J001M,8/28/2003,00:00,,,3.100,0.000,3.100,127.900,127.400,124.800,2.600,UNK - Unknown,Unknown,Department of Water Resources,Voluntary,8,28,2003
Glenn_01.01.2003-06.21.2013.csv,Glenn,39.6159,-122.0471,W001,2013-09-18 13:29:54,396159N1220471W001,20N02W02J001M,9/18/2003,00:00,,,5.300,0.000,5.300,127.900,127.400,122.600,4.800,UNK - Unknown,Unknown,Department of Water Resources,Voluntary,9,18,2003
Glenn_01.01.2003-06.21.2013.csv,Glenn,39.6159,-122.0471,W001,2013-09-18 13:29:54,396159N1220471W001,20N02W02J001M,10/15/2003,00:00,,,9.200,0.000,9.200,127.900,127.400,118.700,8.700,UNK - Unknown,Unknown,Department of Water Resources,Voluntary,10,15,2003
Glenn_01.01.2003-06.21.2013.csv,Glenn,39.6159,-122.0471,W001,2013-09-18 13:29:54,396159N1220471W001,20N02W02J001M,11/18/2003,00:00,,,7.000,0.000,7.000,127.900,127.400,120.900,6.500,UNK - Unknown,Unknown,Department of Water Resources,Voluntary,11,18,2003
Glenn_01.01.2003-06.21.2013.csv,Glenn,39.6159,-122.0471,W001,2013-09-18 13:29:54,396159N1220471W001,20N02W02J001M,3/31/2004,00:00,,,7.500,0.000,7.500,127.900,127.400,120.400,7.000,UNK - Unknown,Unknown,Department of Water Resources,Voluntary,3,31,2004
Glenn_01.01.2003-06.21.2013.csv,Glenn,39.6159,-122.0471,W001,2013-09-18 13:29:54,396159N1220471W001,20N02W02J001M,4/27/2004,00:00,,,3.400,0.000,3.400,127.900,127.400,124.500,2.900,UNK - Unknown,Unknown,Department of Water Resources,Voluntary,4,27,2004
Glenn_01.01.2003-06.21.2013.csv,Glenn,39.6159,-122.0471,W001,2013-09-18 13:29:54,396159N1220471W001,20N02W02J001M,5/21/2004,00:00,,,3.300,0.000,3.300,127.900,127.400,124.600,2.800,UNK - Unknown,Unknown,Department of Water Resources,Voluntary,5,21,2004
Glenn_01.01.2003-06.21.2013.csv,Glenn,39.6159,-122.0471,W001,2013-09-18 13:29:54,396159N1220471W001,20N02W02J001M,6/22/2004,00:00,,,2.800,0.000,2.800,127.900,127.400,125.100,2.300,UNK - Unknown,Unknown,Department of Water Resources,Voluntary,6,22,2004
Glenn_01.01.2003-06.21.2013.csv,Glenn,39.6159,-122.0471,W001,2013-09-18 13:29:54,396159N1220471W001,20N02W02J001M,7/28/2004,00:00,,,2.700,0.000,2.700,127.900,127.400,125.200,2.200,UNK - Unknown,Unknown,Department of Water Resources,Voluntary,7,28,2004
Glenn_01.01.2003-06.21.2013.csv,Glenn,39.6159,-122.0471,W001,2013-09-18 13:29:54,396159N1220471W001,20N02W02J001M,8/25/2004,00:00,,,2.700,0.000,2.700,127.900,127.400,125.200,2.200,UNK - Unknown,Unknown,Department of Water Resources,Voluntary,8,25,2004
Glenn_01.01.2003-06.21.2013.csv,Glenn,39.6159,-122.0471,W001,2013-09-18 13:29:54,396159N1220471W001,20N02W02J001M,9/22/2004,00:00,,,6.200,0.000,6.200,127.900,127.400,121.700,5.700,UNK - Unknown,Unknown,Department of Water Resources,Voluntary,9,22,2004
Glenn_01.01.2003-06.21.2013.csv,Glenn,39.6159,-122.0471,W001,2013-09-18 13:29:54,396159N1220471W001,20N02W02J001M,10/20/2004,00:00,,,3.000,0.000,3.000,127.900,127.400,124.900,2.500,UNK - Unknown,Unknown,Department of Water Resources,Voluntary,10,20,2004
Glenn_01.01.2003-06.21.2013.csv,Glenn,39.6159,-122.0471,W001,2013-09-18 13:29:54,396159N1220471W001,20N02W02J001M,11/16/2004,00:00,,,3.600,0.000,3.600,127.900,127.400,124.300,3.100,UNK - Unknown,Unknown,Department of Water Resources,Voluntary,11,16,2004
Glenn_01.01.2003-06.21.2013.csv,Glenn,39.6159,-122.0471,W001,2013-09-18 13:29:54,396159N1220471W001,20N02W02J001M,3/29/2005,00:00,,,7.700,0.000,7.700,127.900,127.400,120.200,7.200,UNK - Unknown,Unknown,Department of Water Resources,Voluntary,3,29,2005
Glenn_01.01.2003-06.21.2013.csv,Glenn,39.6159,-122.0471,W001,2013-09-18 13:29:54,396159N1220471W001,20N02W02J001M,4/29/2005,00:00,,,6.600,0.000,6.600,127.900,127.400,121.300,6.100,UNK - Unknown,Unknown,Department of Water Resources,Voluntary,4,29,2005
Glenn_01.01.2003-06.21.2013.csv,Glenn,39.6159,-122.0471,W001,2013-09-18 13:29:54,396159N1220471W001,20N02W02J001M,5/25/2005,00:00,,,2.900,0.000,2.900,127.900,127.400,125.000,2.400,UNK - Unknown,Unknown,Department of Water Resources,Voluntary,5,25,2005
Glenn_01.01.2003-06.21.2013.csv,Glenn,39.6159,-122.0471,W001,2013-09-18 13:29:54,396159N1220471W001,20N02W02J001M,6/22/2005,00:00,,,3.100,0.000,3.100,127.900,127.400,124.800,2.600,UNK - Unknown,Unknown,Department of Water Resources,Voluntary,6,22,2005
Glenn_01.01.2003-06.21.2013.csv,Glenn,39.6159,-122.0471,W001,2013-09-18 13:29:54,396159N1220471W001,20N02W02J001M,7/27/2005,00:00,,,2.800,0.000,2.800,127.900,127.400,125.100,2.300,UNK - Unknown,Unknown,Department of Water Resources,Voluntary,7,27,2005
Glenn_01.01.2003-06.21.2013.csv,Glenn,39.6159,-122.0471,W001,2013-09-18 13:29:54,396159N1220471W001,20N02W02J001M,8/24/2005,00:00,,,2.800,0.000,2.800,127.900,127.400,125.100,2.300,UNK - Unknown,Unknown,Department of Water Resources,Voluntary,8,24,2005
Glenn_01.01.2003-06.21.2013.csv,Glenn,39.6159,-122.0471,W001,2013-09-18 13:29:54,396159N1220471W001,20N02W02J001M,9/28/2005,00:00,,,3.700,0.000,3.700,127.900,127.400,124.200,3.200,UNK - Unknown,Unknown,Department of Water Resources,Voluntary,9,28,2005
Glenn_01.01.2003-06.21.2013.csv,Glenn,39.6159,-122.0471,W001,2013-09-18 13:29:54,396159N1220471W001,20N02W02J001M,10/19/2005,00:00,,,8.900,0.000,8.900,127.900,127.400,119.000,8.400,UNK - Unknown,Unknown,Department of Water Resources,Voluntary,10,19,2005
Glenn_01.01.2003-06.21.2013.csv,Glenn,39.6159,-122.0471,W001,2013-09-18 13:29:54,396159N1220471W001,20N02W02J001M,3/27/2006,00:00,,,5.700,0.000,5.700,127.900,127.400,122.200,5.200,UNK - Unknown,Unknown,Department of Water Resources,Voluntary,3,27,2006
Glenn_01.01.2003-06.21.2013.csv,Glenn,39.6159,-122.0471,W001,2013-09-18 13:29:54,396159N1220471W001,20N02W02J001M,5/18/2006,00:00,,,4.000,0.000,4.000,127.900,127.400,123.900,3.500,UNK - Unknown,Unknown,Department of Water Resources,Voluntary,5,18,2006
Glenn_01.01.2003-06.21.2013.csv,Glenn,39.6159,-122.0471,W001,2013-09-18 13:29:54,396159N1220471W001,20N02W02J001M,8/2/2006,00:00,,,2.900,0.000,2.900,127.900,127.400,125.000,2.400,UNK - Unknown,Unknown,Department of Water Resources,Voluntary,8,2,2006
Glenn_01.01.2003-06.21.2013.csv,Glenn,39.6159,-122.0471,W001,2013-09-18 13:29:54,396159N1220471W001,20N02W02J001M,10/12/2006,00:00,,,7.900,0.000,7.900,127.900,127.400,120.000,7.400,UNK - Unknown,Unknown,Department of Water Resources,Voluntary,10,12,2006
Glenn_01.01.2003-06.21.2013.csv,Glenn,39.6159,-122.0471,W001,2013-09-18 13:29:54,396159N1220471W001,20N02W02J001M,3/22/2007,00:00,,,9.000,0.000,9.000,127.900,127.400,118.900,8.500,UNK - Unknown,Unknown,Department of Water Resources,Voluntary,3,22,2007
Glenn_01.01.2003-06.21.2013.csv,Glenn,39.6159,-122.0471,W001,2013-09-18 13:29:54,396159N1220471W001,20N02W02J001M,8/7/2007,00:00,,4 - Pumped recently,3.800,0.000,3.800,127.900,127.400,124.100,3.300,UNK - Unknown,Unknown,Department of Water Resources,Voluntary,8,7,2007
Glenn_01.01.2003-06.21.2013.csv,Glenn,39.6159,-122.0471,W001,2013-09-18 13:29:54,396159N1220471W001,20N02W02J001M,10/17/2007,00:00,,,8.660,0.000,8.660,127.900,127.400,119.240,8.160,UNK - Unknown,Unknown,Department of Water Resources,Voluntary,10,17,2007
Glenn_01.01.2003-06.21.2013.csv,Glenn,39.6159,-122.0471,W001,2013-09-18 13:29:54,396159N1220471W001,20N02W02J001M,3/13/2008,00:00,,,10.800,0.000,10.800,127.900,127.400,117.100,10.300,UNK - Unknown,Unknown,Department of Water Resources,Voluntary,3,13,2008
Glenn_01.01.2003-06.21.2013.csv,Glenn,39.6159,-122.0471,W001,2013-09-18 13:29:54,396159N1220471W001,20N02W02J001M,8/6/2008,00:00,,,3.700,0.000,3.700,127.900,127.400,124.200,3.200,UNK - Unknown,Unknown,Department of Water Resources,Voluntary,8,6,2008
Glenn_01.01.2003-06.21.2013.csv,Glenn,39.6159,-122.0471,W001,2013-09-18 13:29:54,396159N1220471W001,20N02W02J001M,10/20/2008,00:00,,,7.300,0.000,7.300,127.900,127.400,120.600,6.800,UNK - Unknown,Unknown,Department of Water Resources,Voluntary,10,20,2008
Glenn_01.01.2003-06.21.2013.csv,Glenn,39.6159,-122.0471,W001,2013-09-18 13:29:54,396159N1220471W001,20N02W02J001M,1/14/2009,00:00,,,8.300,0.000,8.300,127.900,127.400,119.600,7.800,UNK - Unknown,Unknown,Department of Water Resources,Voluntary,1,14,2009
Glenn_01.01.2003-06.21.2013.csv,Glenn,39.6159,-122.0471,W001,2013-09-18 13:29:54,396159N1220471W001,20N02W02J001M,3/25/2009,00:00,,,9.800,0.000,9.800,127.900,127.400,118.100,9.300,UNK - Unknown,Unknown,Department of Water Resources,Voluntary,3,25,2009
Glenn_01.01.2003-06.21.2013.csv,Glenn,39.6159,-122.0471,W001,2013-09-18 13:29:54,396159N1220471W001,20N02W02J001M,5/13/2009,00:00,,,3.600,0.000,3.600,127.900,127.400,124.300,3.100,UNK - Unknown,Unknown,Department of Water Resources,Voluntary,5,13,2009
Glenn_01.01.2003-06.21.2013.csv,Glenn,39.6159,-122.0471,W001,2013-09-18 13:29:54,396159N1220471W001,20N02W02J001M,6/25/2009,00:00,,,3.360,0.000,3.360,127.900,127.400,124.540,2.860,UNK - Unknown,Unknown,Department of Water Resources,Voluntary,6,25,2009
Glenn_01.01.2003-06.21.2013.csv,Glenn,39.6159,-122.0471,W001,2013-09-18 13:29:54,396159N1220471W001,20N02W02J001M,8/5/2009,00:00,,,6.200,0.000,6.200,127.900,127.400,121.700,5.700,UNK - Unknown,Unknown,Department of Water Resources,Voluntary,8,5,2009
Glenn_01.01.2003-06.21.2013.csv,Glenn,39.6159,-122.0471,W001,2013-09-18 13:29:54,396159N1220471W001,20N02W02J001M,9/15/2009,00:00,,,5.130,0.000,5.130,127.900,127.400,122.770,4.630,UNK - Unknown,Unknown,Department of Water Resources,Voluntary,9,15,2009
Glenn_01.01.2003-06.21.2013.csv,Glenn,39.6159,-122.0471,W001,2013-09-18 13:29:54,396159N1220471W001,20N02W02J001M,10/22/2009,00:00,,,6.650,0.000,6.650,127.900,127.400,121.250,6.150,UNK - Unknown,Unknown,Department of Water Resources,Voluntary,10,22,2009
Glenn_01.01.2003-06.21.2013.csv,Glenn,39.6159,-122.0471,W001,2013-09-18 13:29:54,396159N1220471W001,20N02W02J001M,3/25/2010,00:00,,,11.160,0.000,11.160,127.900,127.400,116.740,10.660,UNK - Unknown,Unknown,Department of Water Resources,Voluntary,3,25,2010
Glenn_01.01.2003-06.21.2013.csv,Glenn,39.6159,-122.0471,W001,2013-09-18 13:29:54,396159N1220471W001,20N02W02J001M,8/3/2010,00:00,,,3.320,0.000,3.320,127.900,127.400,124.580,2.820,UNK - Unknown,Unknown,Department of Water Resources,Voluntary,8,3,2010
Glenn_01.01.2003-06.21.2013.csv,Glenn,39.6159,-122.0471,W001,2013-09-18 13:29:54,396159N1220471W001,20N02W02J001M,10/19/2010,00:00,,,10.120,0.000,10.120,127.900,127.400,117.780,9.620,UNK - Unknown,Unknown,Department of Water Resources,Voluntary,10,19,2010
Glenn_01.01.2003-06.21.2013.csv,Glenn,39.6159,-122.0471,W001,2013-09-18 13:29:54,396159N1220471W001,20N02W02J001M,4/4/2011,00:00,,,7.770,0.000,7.770,127.900,127.400,120.130,7.270,UNK - Unknown,Unknown,Department of Water Resources,Voluntary,4,4,2011
Glenn_01.01.2003-06.21.2013.csv,Glenn,39.6159,-122.0471,W001,2013-09-18 13:29:54,396159N1220471W001,20N02W02J001M,8/2/2011,00:00,,,3.430,0.000,3.430,127.900,127.400,124.470,2.930,UNK - Unknown,Unknown,Department of Water Resources,Voluntary,8,2,2011
Glenn_01.01.2003-06.21.2013.csv,Glenn,39.6159,-122.0471,W001,2013-09-18 13:29:54,396159N1220471W001,20N02W02J001M,10/11/2011,00:00,,,8.120,0.000,8.120,127.900,127.400,119.780,7.620,UNK - Unknown,Unknown,Department of Water Resources,Voluntary,10,11,2011
Glenn_01.01.2003-06.21.2013.csv,Glenn,39.6159,-122.0471,W001,2013-09-18 13:29:54,396159N1220471W001,20N02W02J001M,3/18/2013,00:00,,,10.420,0.000,10.420,127.900,127.400,117.480,9.920,ES - Electric sounder measurement,0.01 Ft,Department of Water Resources,Voluntary,3,18,2013
Glenn_01.01.2003-06.21.2013.csv,Glenn,39.6237,-122.1016,W001,2013-09-18 13:29:54,396237N1221016W001,,3/13/2003,00:00,,,12.900,0.000,12.900,147.410,146.410,134.510,11.900,UNK - Unknown,Unknown,Department of Water Resources,Voluntary,3,13,2003
Glenn_01.01.2003-06.21.2013.csv,Glenn,39.6237,-122.1016,W001,2013-09-18 13:29:54,396237N1221016W001,,4/8/2003,00:00,,,13.100,0.000,13.100,147.410,146.410,134.310,12.100,UNK - Unknown,Unknown,Department of Water Resources,Voluntary,4,8,2003
Glenn_01.01.2003-06.21.2013.csv,Glenn,39.6237,-122.1016,W001,2013-09-18 13:29:54,396237N1221016W001,,5/20/2003,00:00,,,11.500,0.000,11.500,147.410,146.410,135.910,10.500,UNK - Unknown,Unknown,Department of Water Resources,Voluntary,5,20,2003
Glenn_01.01.2003-06.21.2013.csv,Glenn,39.6237,-122.1016,W001,2013-09-18 13:29:54,396237N1221016W001,,6/20/2003,00:00,,,12.000,0.000,12.000,147.410,146.410,135.410,11.000,UNK - Unknown,Unknown,Department of Water Resources,Voluntary,6,20,2003
Glenn_01.01.2003-06.21.2013.csv,Glenn,39.6237,-122.1016,W001,2013-09-18 13:29:54,396237N1221016W001,,7/30/2003,00:00,,1 - Pumping,40.200,0.000,40.200,147.410,146.410,107.210,39.200,UNK - Unknown,Unknown,Department of Water Resources,Voluntary,7,30,2003
Glenn_01.01.2003-06.21.2013.csv,Glenn,39.6237,-122.1016,W001,2013-09-18 13:29:54,396237N1221016W001,,8/28/2003,00:00,,1 - Pumping,35.200,0.000,35.200,147.410,146.410,112.210,34.200,UNK - Unknown,Unknown,Department of Water Resources,Voluntary,8,28,2003
Glenn_01.01.2003-06.21.2013.csv,Glenn,39.6237,-122.1016,W001,2013-09-18 13:29:54,396237N1221016W001,,9/18/2003,00:00,,1 - Pumping,35.100,0.000,35.100,147.410,146.410,112.310,34.100,UNK - Unknown,Unknown,Department of Water Resources,Voluntary,9,18,2003
Glenn_01.01.2003-06.21.2013.csv,Glenn,39.6237,-122.1016,W001,2013-09-18 13:29:54,396237N1221016W001,,10/15/2003,00:00,,,17.400,0.000,17.400,147.410,146.410,130.010,16.400,UNK - Unknown,Unknown,Department of Water Resources,Voluntary,10,15,2003
Glenn_01.01.2003-06.21.2013.csv,Glenn,39.6237,-122.1016,W001,2013-09-18 13:29:54,396237N1221016W001,,11/18/2003,00:00,,,15.800,0.000,15.800,147.410,146.410,131.610,14.800,UNK - Unknown,Unknown,Department of Water Resources,Voluntary,11,18,2003
Glenn_01.01.2003-06.21.2013.csv,Glenn,39.6237,-122.1016,W001,2013-09-18 13:29:54,396237N1221016W001,,3/31/2004,00:00,,,10.100,0.000,10.100,147.410,146.410,137.310,9.100,UNK - Unknown,Unknown,Department of Water Resources,Voluntary,3,31,2004
Glenn_01.01.2003-06.21.2013.csv,Glenn,39.6237,-122.1016,W001,2013-09-18 13:29:54,396237N1221016W001,,4/27/2004,00:00,,,12.300,0.000,12.300,147.410,146.410,135.110,11.300,UNK - Unknown,Unknown,Department of Water Resources,Voluntary,4,27,2004
Glenn_01.01.2003-06.21.2013.csv,Glenn,39.6237,-122.1016,W001,2013-09-18 13:29:54,396237N1221016W001,,5/21/2004,00:00,,1 - Pumping,27.600,0.000,27.600,147.410,146.410,119.810,26.600,UNK - Unknown,Unknown,Department of Water Resources,Voluntary,5,21,2004
Glenn_01.01.2003-06.21.2013.csv,Glenn,39.6237,-122.1016,W001,2013-09-18 13:29:54,396237N1221016W001,,6/22/2004,00:00,,1 - Pumping,33.500,0.000,33.500,147.410,146.410,113.910,32.500,UNK - Unknown,Unknown,Department of Water Resources,Voluntary,6,22,2004
Glenn_01.01.2003-06.21.2013.csv,Glenn,39.6237,-122.1016,W001,2013-09-18 13:29:54,396237N1221016W001,,7/28/2004,00:00,,1 - Pumping,33.700,0.000,33.700,147.410,146.410,113.710,32.700,UNK - Unknown,Unknown,Department of Water Resources,Voluntary,7,28,2004
Glenn_01.01.2003-06.21.2013.csv,Glenn,39.6237,-122.1016,W001,2013-09-18 13:29:54,396237N1221016W001,,8/25/2004,00:00,,1 - Pumping,33.300,0.000,33.300,147.410,146.410,114.110,32.300,UNK - Unknown,Unknown,Department of Water Resources,Voluntary,NEARBY WELL PUMPING ALSO8,25,2004
Glenn_01.01.2003-06.21.2013.csv,Glenn,39.6237,-122.1016,W001,2013-09-18 13:29:54,396237N1221016W001,,9/22/2004,00:00,,,16.700,0.000,16.700,147.410,146.410,130.710,15.700,UNK - Unknown,Unknown,Department of Water Resources,Voluntary,9,22,2004
Glenn_01.01.2003-06.21.2013.csv,Glenn,39.6237,-122.1016,W001,2013-09-18 13:29:54,396237N1221016W001,,10/20/2004,00:00,,,16.700,0.000,16.700,147.410,146.410,130.710,15.700,UNK - Unknown,Unknown,Department of Water Resources,Voluntary,10,20,2004
Glenn_01.01.2003-06.21.2013.csv,Glenn,39.6237,-122.1016,W001,2013-09-18 13:29:54,396237N1221016W001,,11/16/2004,00:00,,,15.800,0.000,15.800,147.410,146.410,131.610,14.800,UNK - Unknown,Unknown,Department of Water Resources,Voluntary,11,16,2004
Glenn_01.01.2003-06.21.2013.csv,Glenn,39.6237,-122.1016,W001,2013-09-18 13:29:54,396237N1221016W001,,3/29/2005,00:00,,,10.600,0.000,10.600,147.410,146.410,136.810,9.600,UNK - Unknown,Unknown,Department of Water Resources,Voluntary,3,29,2005
Glenn_01.01.2003-06.21.2013.csv,Glenn,39.6237,-122.1016,W001,2013-09-18 13:29:54,396237N1221016W001,,4/29/2005,00:00,,,11.900,0.000,11.900,147.410,146.410,135.510,10.900,UNK - Unknown,Unknown,Department of Water Resources,Voluntary,4,29,2005
Glenn_01.01.2003-06.21.2013.csv,Glenn,39.6237,-122.1016,W001,2013-09-18 13:29:54,396237N1221016W001,,5/25/2005,00:00,,,10.200,0.000,10.200,147.410,146.410,137.210,9.200,UNK - Unknown,Unknown,Department of Water Resources,Voluntary,5,25,2005
Glenn_01.01.2003-06.21.2013.csv,Glenn,39.6237,-122.1016,W001,2013-09-18 13:29:54,396237N1221016W001,,6/22/2005,00:00,,,27.500,0.000,27.500,147.410,146.410,119.910,26.500,UNK - Unknown,Unknown,Department of Water Resources,Voluntary,6,22,2005
Glenn_01.01.2003-06.21.2013.csv,Glenn,39.6237,-122.1016,W001,2013-09-18 13:29:54,396237N1221016W001,,7/27/2005,00:00,,1 - Pumping,29.700,0.000,29.700,147.410,146.410,117.710,28.700,UNK - Unknown,Unknown,Department of Water Resources,Voluntary,7,27,2005
Glenn_01.01.2003-06.21.2013.csv,Glenn,39.6237,-122.1016,W001,2013-09-18 13:29:54,396237N1221016W001,,8/25/2005,00:00,,1 - Pumping,29.300,0.000,29.300,147.410,146.410,118.110,28.300,UNK - Unknown,Unknown,Department of Water Resources,Voluntary,8,25,2005
Glenn_01.01.2003-06.21.2013.csv,Glenn,39.6237,-122.1016,W001,2013-09-18 13:29:54,396237N1221016W001,,9/28/2005,00:00,,1 - Pumping,28.500,0.000,28.500,147.410,146.410,118.910,27.500,UNK - Unknown,Unknown,Department of Water Resources,Voluntary,9,28,2005
Glenn_01.01.2003-06.21.2013.csv,Glenn,39.6237,-122.1016,W001,2013-09-18 13:29:54,396237N1221016W001,,10/19/2005,00:00,,,16.400,0.000,16.400,147.410,146.410,131.010,15.400,UNK - Unknown,Unknown,Department of Water Resources,Voluntary,10,19,2005
Glenn_01.01.2003-06.21.2013.csv,Glenn,39.6237,-122.1016,W001,2013-09-18 13:29:54,396237N1221016W001,,3/27/2006,00:00,,,9.000,0.000,9.000,147.410,146.410,138.410,8.000,UNK - Unknown,Unknown,Department of Water Resources,Voluntary,3,27,2006
Glenn_01.01.2003-06.21.2013.csv,Glenn,39.6237,-122.1016,W001,2013-09-18 13:29:54,396237N1221016W001,,5/18/2006,00:00,,,9.300,0.000,9.300,147.410,146.410,138.110,8.300,UNK - Unknown,Unknown,Department of Water Resources,Voluntary,5,18,2006
Glenn_01.01.2003-06.21.2013.csv,Glenn,39.6237,-122.1016,W001,2013-09-18 13:29:54,396237N1221016W001,,10/12/2006,00:00,0 - Measurement Discontinued,,NULL,NULL,NULL,147.410,146.410,NULL,NULL,,,Department of Water Resources,Voluntary,DISCONTINUE-MONITORING WELL TAKES OVER6.2710,12,2006
Glenn_01.01.2003-06.21.2013.csv,Glenn,39.6244,-122.1872,W001,2013-09-18 13:29:54,396244N1221872W001,21N03W34Q002M,10/11/2011,00:00,,,91.410,0.000,91.410,167.068,166.168,75.658,90.510,ES - Electric sounder measurement,0.01 Ft,Department of Water Resources,CASGEM,10,11,2011
Glenn_01.01.2003-06.21.2013.csv,Glenn,39.6244,-122.1872,W001,2013-09-18 13:29:54,396244N1221872W001,21N03W34Q002M,3/27/2012,00:00,,,71.430,0.000,71.430,167.068,166.168,95.638,70.530,ES - Electric sounder measurement,0.01 Ft,Department of Water Resources,CASGEM,3,27,2012
Glenn_01.01.2003-06.21.2013.csv,Glenn,39.6244,-122.1872,W001,2013-09-18 13:29:54,396244N1221872W001,21N03W34Q002M,7/31/2012,00:00,,,98.440,0.000,98.440,167.068,166.168,68.628,97.540,ES - Electric sounder measurement,0.01 Ft,Department of Water Resources,CASGEM,7,31,2012
Glenn_01.01.2003-06.21.2013.csv,Glenn,39.6244,-122.1872,W001,2013-09-18 13:29:54,396244N1221872W001,21N03W34Q002M,10/16/2012,00:00,,,99.750,0.000,99.750,167.068,166.168,67.318,98.850,ES - Electric sounder measurement,0.01 Ft,Department of Water Resources,CASGEM,10,16,2012
Glenn_01.01.2003-06.21.2013.csv,Glenn,39.6244,-122.1872,W001,2013-09-18 13:29:54,396244N1221872W001,21N03W34Q002M,3/18/2013,00:00,,,76.430,0.000,76.430,167.068,166.168,90.638,75.530,ES - Electric sounder measurement,0.01 Ft,Department of Water Resources,CASGEM,3,18,2013
Glenn_01.01.2003-06.21.2013.csv,Glenn,39.6244,-122.1872,W001,2013-09-18 13:29:54,396244N1221872W001,21N03W34Q002M,3/31/2005,00:00,,,42.200,0.000,42.200,167.068,166.168,124.868,41.300,UNK - Unknown,Unknown,Department of Water Resources,Voluntary,3,31,2005
Glenn_01.01.2003-06.21.2013.csv,Glenn,39.6244,-122.1872,W001,2013-09-18 13:29:54,396244N1221872W001,21N03W34Q002M,4/12/2005,00:00,,,41.000,0.000,41.000,167.068,166.168,126.068,40.100,UNK - Unknown,Unknown,Department of Water Resources,Voluntary,4,12,2005
Glenn_01.01.2003-06.21.2013.csv,Glenn,39.6244,-122.1872,W001,2013-09-18 13:29:54,396244N1221872W001,21N03W34Q002M,4/22/2005,00:00,,,40.240,0.000,40.240,167.068,166.168,126.828,39.340,UNK - Unknown,Unknown,Department of Water Resources,Voluntary,4,22,2005
Glenn_01.01.2003-06.21.2013.csv,Glenn,39.6244,-122.1872,W001,2013-09-18 13:29:54,396244N1221872W001,21N03W34Q002M,4/28/2005,00:00,,,40.210,0.000,40.210,167.068,166.168,126.858,39.310,UNK - Unknown,Unknown,Department of Water Resources,Voluntary,4,28,2005
Glenn_01.01.2003-06.21.2013.csv,Glenn,39.6244,-122.1872,W001,2013-09-18 13:29:54,396244N1221872W001,21N03W34Q002M,5/26/2005,00:00,,,40.780,0.000,40.780,167.068,166.168,126.288,39.880,UNK - Unknown,Unknown,Department of Water Resources,Voluntary,5,26,2005
Glenn_01.01.2003-06.21.2013.csv,Glenn,39.6244,-122.1872,W001,2013-09-18 13:29:54,396244N1221872W001,21N03W34Q002M,6/22/2005,00:00,,,48.400,0.000,48.400,167.068,166.168,118.668,47.500,UNK - Unknown,Unknown,Department of Water Resources,Voluntary,6,22,2005
Glenn_01.01.2003-06.21.2013.csv,Glenn,39.6244,-122.1872,W001,2013-09-18 13:29:54,396244N1221872W001,21N03W34Q002M,7/27/2005,00:00,,,59.160,0.000,59.160,167.068,166.168,107.908,58.260,UNK - Unknown,Unknown,Department of Water Resources,Voluntary,7,27,2005
Glenn_01.01.2003-06.21.2013.csv,Glenn,39.6244,-122.1872,W001,2013-09-18 13:29:54,396244N1221872W001,21N03W34Q002M,8/25/2005,00:00,,,65.100,0.000,65.100,167.068,166.168,101.968,64.200,UNK - Unknown,Unknown,Department of Water Resources,Voluntary,8,25,2005
Glenn_01.01.2003-06.21.2013.csv,Glenn,39.6244,-122.1872,W001,2013-09-18 13:29:54,396244N1221872W001,21N03W34Q002M,9/28/2005,00:00,,,62.800,0.000,62.800,167.068,166.168,104.268,61.900,UNK - Unknown,Unknown,Department of Water Resources,Voluntary,9,28,2005
Glenn_01.01.2003-06.21.2013.csv,Glenn,39.6244,-122.1872,W001,2013-09-18 13:29:54,396244N1221872W001,21N03W34Q002M,10/19/2005,00:00,,,60.000,0.000,60.000,167.068,166.168,107.068,59.100,UNK - Unknown,Unknown,Department of Water Resources,Voluntary,10,19,2005
Glenn_01.01.2003-06.21.2013.csv,Glenn,39.6244,-122.1872,W001,2013-09-18 13:29:54,396244N1221872W001,21N03W34Q002M,3/28/2006,00:00,,,40.500,0.000,40.500,167.068,166.168,126.568,39.600,UNK - Unknown,Unknown,Department of Water Resources,Voluntary,3,28,2006
Glenn_01.01.2003-06.21.2013.csv,Glenn,39.6244,-122.1872,W001,2013-09-18 13:29:54,396244N1221872W001,21N03W34Q002M,5/17/2006,00:00,,,38.800,0.000,38.800,167.068,166.168,128.268,37.900,UNK - Unknown,Unknown,Department of Water Resources,Voluntary,5,17,2006
Glenn_01.01.2003-06.21.2013.csv,Glenn,39.6244,-122.1872,W001,2013-09-18 13:29:54,396244N1221872W001,21N03W34Q002M,8/2/2006,00:00,,,56.200,0.000,56.200,167.068,166.168,110.868,55.300,UNK - Unknown,Unknown,Department of Water Resources,Voluntary,8,2,2006
Glenn_01.01.2003-06.21.2013.csv,Glenn,39.6244,-122.1872,W001,2013-09-18 13:29:54,396244N1221872W001,21N03W34Q002M,10/10/2006,00:00,,,57.600,0.000,57.600,167.068,166.168,109.468,56.700,UNK - Unknown,Unknown,Department of Water Resources,Voluntary,10,10,2006
Glenn_01.01.2003-06.21.2013.csv,Glenn,39.6244,-122.1872,W001,2013-09-18 13:29:54,396244N1221872W001,21N03W34Q002M,3/19/2007,00:00,,,42.020,0.000,42.020,167.068,166.168,125.048,41.120,UNK - Unknown,Unknown,Department of Water Resources,Voluntary,3,19,2007
Glenn_01.01.2003-06.21.2013.csv,Glenn,39.6244,-122.1872,W001,2013-09-18 13:29:54,396244N1221872W001,21N03W34Q002M,5/3/2007,00:00,,,47.200,0.000,47.200,167.068,166.168,119.868,46.300,UNK - Unknown,Unknown,Department of Water Resources,Voluntary,5,3,2007
Glenn_01.01.2003-06.21.2013.csv,Glenn,39.6244,-122.1872,W001,2013-09-18 13:29:54,396244N1221872W001,21N03W34Q002M,5/18/2007,00:00,,,51.600,0.000,51.600,167.068,166.168,115.468,50.700,UNK - Unknown,Unknown,Department of Water Resources,Voluntary,5,18,2007
Glenn_01.01.2003-06.21.2013.csv,Glenn,39.6244,-122.1872,W001,2013-09-18 13:29:54,396244N1221872W001,21N03W34Q002M,5/30/2007,00:00,,,55.000,0.000,55.000,167.068,166.168,112.068,54.100,UNK - Unknown,Unknown,Department of Water Resources,Voluntary,5,30,2007
Glenn_01.01.2003-06.21.2013.csv,Glenn,39.6244,-122.1872,W001,2013-09-18 13:29:54,396244N1221872W001,21N03W34Q002M,8/8/2007,00:00,,,72.410,0.000,72.410,167.068,166.168,94.658,71.510,UNK - Unknown,Unknown,Department of Water Resources,Voluntary,8,8,2007
Glenn_01.01.2003-06.21.2013.csv,Glenn,39.6244,-122.1872,W001,2013-09-18 13:29:54,396244N1221872W001,21N03W34Q002M,10/16/2007,00:00,,,69.030,0.000,69.030,167.068,166.168,98.038,68.130,UNK - Unknown,Unknown,Department of Water Resources,Voluntary,10,16,2007
Glenn_01.01.2003-06.21.2013.csv,Glenn,39.6244,-122.1872,W001,2013-09-18 13:29:54,396244N1221872W001,21N03W34Q002M,1/17/2008,00:00,,,56.430,0.000,56.430,167.068,166.168,110.638,55.530,UNK - Unknown,Unknown,Department of Water Resources,Voluntary,1,17,2008
Glenn_01.01.2003-06.21.2013.csv,Glenn,39.6244,-122.1872,W001,2013-09-18 13:29:54,396244N1221872W001,21N03W34Q002M,3/13/2008,00:00,,,49.700,0.000,49.700,167.068,166.168,117.368,48.800,UNK - Unknown,Unknown,Department of Water Resources,Voluntary,3,13,2008
Glenn_01.01.2003-06.21.2013.csv,Glenn,39.6244,-122.1872,W001,2013-09-18 13:29:54,396244N1221872W001,21N03W34Q002M,6/20/2008,00:00,,,72.600,0.000,72.600,167.068,166.168,94.468,71.700,UNK - Unknown,Unknown,County of Glenn,Voluntary,6,20,2008
Glenn_01.01.2003-06.21.2013.csv,Glenn,39.6244,-122.1872,W001,2013-09-18 13:29:54,396244N1221872W001,21N03W34Q002M,7/3/2008,00:00,,,78.510,0.000,78.510,167.068,166.168,88.558,77.610,UNK - Unknown,Unknown,County of Glenn,Voluntary,7,3,2008
Glenn_01.01.2003-06.21.2013.csv,Glenn,39.6244,-122.1872,W001,2013-09-18 13:29:54,396244N1221872W001,21N03W34Q002M,7/8/2008,00:00,,,80.350,0.000,80.350,167.068,166.168,86.718,79.450,UNK - Unknown,Unknown,County of Glenn,Voluntary,7,8,2008
Glenn_01.01.2003-06.21.2013.csv,Glenn,39.6244,-122.1872,W001,2013-09-18 13:29:54,396244N1221872W001,21N03W34Q002M,7/16/2008,00:00,,,83.400,0.000,83.400,167.068,166.168,83.668,82.500,UNK - Unknown,Unknown,County of Glenn,Voluntary,7,16,2008
Glenn_01.01.2003-06.21.2013.csv,Glenn,39.6244,-122.1872,W001,2013-09-18 13:29:54,396244N1221872W001,21N03W34Q002M,8/5/2008,00:00,,,88.810,0.000,88.810,167.068,166.168,78.258,87.910,UNK - Unknown,Unknown,County of Glenn,Voluntary,8,5,2008
Glenn_01.01.2003-06.21.2013.csv,Glenn,39.6244,-122.1872,W001,2013-09-18 13:29:54,396244N1221872W001,21N03W34Q002M,8/26/2008,00:00,,,91.130,0.000,91.130,167.068,166.168,75.938,90.230,UNK - Unknown,Unknown,Department of Water Resources,Voluntary,8,26,2008
Glenn_01.01.2003-06.21.2013.csv,Glenn,39.6244,-122.1872,W001,2013-09-18 13:29:54,396244N1221872W001,21N03W34Q002M,10/21/2008,00:00,,,85.700,0.000,85.700,167.068,166.168,81.368,84.800,UNK - Unknown,Unknown,Department of Water Resources,Voluntary,10,21,2008
Glenn_01.01.2003-06.21.2013.csv,Glenn,39.6244,-122.1872,W001,2013-09-18 13:29:54,396244N1221872W001,21N03W34Q002M,1/14/2009,00:00,,,72.030,0.000,72.030,167.068,166.168,95.038,71.130,UNK - Unknown,Unknown,Department of Water Resources,Voluntary,1,14,2009
Glenn_01.01.2003-06.21.2013.csv,Glenn,39.6244,-122.1872,W001,2013-09-18 13:29:54,396244N1221872W001,21N03W34Q002M,3/25/2009,00:00,,,62.210,0.000,62.210,167.068,166.168,104.858,61.310,UNK - Unknown,Unknown,Department of Water Resources,Voluntary,3,25,2009
Glenn_01.01.2003-06.21.2013.csv,Glenn,39.6244,-122.1872,W001,2013-09-18 13:29:54,396244N1221872W001,21N03W34Q002M,5/14/2009,00:00,,,68.770,0.000,68.770,167.068,166.168,98.298,67.870,UNK - Unknown,Unknown,Department of Water Resources,Voluntary,5,14,2009
Glenn_01.01.2003-06.21.2013.csv,Glenn,39.6244,-122.1872,W001,2013-09-18 13:29:54,396244N1221872W001,21N03W34Q002M,6/25/2009,00:00,,,83.950,0.000,83.950,167.068,166.168,83.118,83.050,UNK - Unknown,Unknown,Department of Water Resources,Voluntary,6,25,2009
Glenn_01.01.2003-06.21.2013.csv,Glenn,39.6244,-122.1872,W001,2013-09-18 13:29:54,396244N1221872W001,21N03W34Q002M,8/5/2009,00:00,,,100.040,0.000,100.040,167.068,166.168,67.028,99.140,UNK - Unknown,Unknown,Department of Water Resources,Voluntary,8,5,2009
Glenn_01.01.2003-06.21.2013.csv,Glenn,39.6244,-122.1872,W001,2013-09-18 13:29:54,396244N1221872W001,21N03W34Q002M,9/15/2009,00:00,,,102.140,0.000,102.140,167.068,166.168,64.928,101.240,UNK - Unknown,Unknown,Department of Water Resources,Voluntary,9,15,2009
Glenn_01.01.2003-06.21.2013.csv,Glenn,39.6244,-122.1872,W001,2013-09-18 13:29:54,396244N1221872W001,21N03W34Q002M,10/22/2009,00:00,,,96.220,0.000,96.220,167.068,166.168,70.848,95.320,UNK - Unknown,Unknown,Department of Water Resources,Voluntary,10,22,2009
Glenn_01.01.2003-06.21.2013.csv,Glenn,39.6244,-122.1872,W001,2013-09-18 13:29:54,396244N1221872W001,21N03W34Q002M,3/25/2010,00:00,,,70.230,0.000,70.230,167.068,166.168,96.838,69.330,UNK - Unknown,Unknown,Department of Water Resources,Voluntary,3,25,2010
Glenn_01.01.2003-06.21.2013.csv,Glenn,39.6244,-122.1872,W001,2013-09-18 13:29:54,396244N1221872W001,21N03W34Q002M,8/3/2010,00:00,,,93.740,0.000,93.740,167.068,166.168,73.328,92.840,UNK - Unknown,Unknown,Department of Water Resources,Voluntary,8,3,2010
Glenn_01.01.2003-06.21.2013.csv,Glenn,39.6244,-122.1872,W001,2013-09-18 13:29:54,396244N1221872W001,21N03W34Q002M,10/18/2010,00:00,,,93.140,0.000,93.140,167.068,166.168,73.928,92.240,UNK - Unknown,Unknown,Department of Water Resources,Voluntary,10,18,2010
Glenn_01.01.2003-06.21.2013.csv,Glenn,39.6244,-122.1872,W001,2013-09-18 13:29:54,396244N1221872W001,21N03W34Q002M,4/4/2011,00:00,,,69.170,0.000,69.170,167.068,166.168,97.898,68.270,UNK - Unknown,Unknown,Department of Water Resources,Voluntary,4,4,2011
Glenn_01.01.2003-06.21.2013.csv,Glenn,39.6244,-122.1872,W001,2013-09-18 13:29:54,396244N1221872W001,21N03W34Q002M,8/2/2011,00:00,,,88.900,0.000,88.900,167.068,166.168,78.168,88.000,UNK - Unknown,Unknown,Department of Water Resources,Voluntary,8,2,2011
Glenn_01.01.2003-06.21.2013.csv,Glenn,39.6244,-122.1872,W002,2013-09-18 13:29:54,396244N1221872W002,21N03W34Q003M,10/11/2011,00:00,,,71.400,0.000,71.400,167.378,166.278,95.978,70.300,ES - Electric sounder measurement,0.01 Ft,Department of Water Resources,CASGEM,10,11,2011
Glenn_01.01.2003-06.21.2013.csv,Glenn,39.6244,-122.1872,W002,2013-09-18 13:29:54,396244N1221872W002,21N03W34Q003M,3/27/2012,00:00,,,51.400,0.000,51.400,167.378,166.278,115.978,50.300,ES - Electric sounder measurement,0.01 Ft,Department of Water Resources,CASGEM,3,27,2012
Glenn_01.01.2003-06.21.2013.csv,Glenn,39.6244,-122.1872,W002,2013-09-18 13:29:54,396244N1221872W002,21N03W34Q003M,7/31/2012,00:00,,,101.010,0.000,101.010,167.378,166.278,66.368,99.910,ES - Electric sounder measurement,0.01 Ft,Department of Water Resources,CASGEM,7,31,2012
Glenn_01.01.2003-06.21.2013.csv,Glenn,39.6244,-122.1872,W002,2013-09-18 13:29:54,396244N1221872W002,21N03W34Q003M,10/16/2012,00:00,,,82.030,0.000,82.030,167.378,166.278,85.348,80.930,ES - Electric sounder measurement,0.01 Ft,Department of Water Resources,CASGEM,10,16,2012
Glenn_01.01.2003-06.21.2013.csv,Glenn,39.6244,-122.1872,W002,2013-09-18 13:29:54,396244N1221872W002,21N03W34Q003M,3/18/2013,00:00,,,58.950,0.000,58.950,167.378,166.278,108.428,57.850,ES - Electric sounder measurement,0.01 Ft,Department of Water Resources,CASGEM,3,18,2013
Glenn_01.01.2003-06.21.2013.csv,Glenn,39.6244,-122.1872,W002,2013-09-18 13:29:54,396244N1221872W002,21N03W34Q003M,3/31/2005,00:00,,,29.080,0.000,29.080,167.378,166.278,138.298,27.980,UNK - Unknown,Unknown,Department of Water Resources,Voluntary,3,31,2005
Glenn_01.01.2003-06.21.2013.csv,Glenn,39.6244,-122.1872,W002,2013-09-18 13:29:54,396244N1221872W002,21N03W34Q003M,4/12/2005,00:00,,,28.540,0.000,28.540,167.378,166.278,138.838,27.440,UNK - Unknown,Unknown,Department of Water Resources,Voluntary,4,12,2005
Glenn_01.01.2003-06.21.2013.csv,Glenn,39.6244,-122.1872,W002,2013-09-18 13:29:54,396244N1221872W002,21N03W34Q003M,4/22/2005,00:00,,,29.460,0.000,29.460,167.378,166.278,137.918,28.360,UNK - Unknown,Unknown,Department of Water Resources,Voluntary,4,22,2005
Glenn_01.01.2003-06.21.2013.csv,Glenn,39.6244,-122.1872,W002,2013-09-18 13:29:54,396244N1221872W002,21N03W34Q003M,4/28/2005,00:00,,,30.080,0.000,30.080,167.378,166.278,137.298,28.980,UNK - Unknown,Unknown,Department of Water Resources,Voluntary,4,28,2005
Glenn_01.01.2003-06.21.2013.csv,Glenn,39.6244,-122.1872,W002,2013-09-18 13:29:54,396244N1221872W002,21N03W34Q003M,5/26/2005,00:00,,,35.900,0.000,35.900,167.378,166.278,131.478,34.800,UNK - Unknown,Unknown,Department of Water Resources,Voluntary,5,26,2005
Glenn_01.01.2003-06.21.2013.csv,Glenn,39.6244,-122.1872,W002,2013-09-18 13:29:54,396244N1221872W002,21N03W34Q003M,6/22/2005,00:00,,,48.430,0.000,48.430,167.378,166.278,118.948,47.330,UNK - Unknown,Unknown,Department of Water Resources,Voluntary,6,22,2005
Glenn_01.01.2003-06.21.2013.csv,Glenn,39.6244,-122.1872,W002,2013-09-18 13:29:54,396244N1221872W002,21N03W34Q003M,7/27/2005,00:00,,,60.490,0.000,60.490,167.378,166.278,106.888,59.390,UNK - Unknown,Unknown,Department of Water Resources,Voluntary,7,27,2005
Glenn_01.01.2003-06.21.2013.csv,Glenn,39.6244,-122.1872,W002,2013-09-18 13:29:54,396244N1221872W002,21N03W34Q003M,8/25/2005,00:00,,,61.300,0.000,61.300,167.378,166.278,106.078,60.200,UNK - Unknown,Unknown,Department of Water Resources,Voluntary,8,25,2005
Glenn_01.01.2003-06.21.2013.csv,Glenn,39.6244,-122.1872,W002,2013-09-18 13:29:54,396244N1221872W002,21N03W34Q003M,9/28/2005,00:00,,,49.500,0.000,49.500,167.378,166.278,117.878,48.400,UNK - Unknown,Unknown,Department of Water Resources,Voluntary,9,28,2005
Glenn_01.01.2003-06.21.2013.csv,Glenn,39.6244,-122.1872,W002,2013-09-18 13:29:54,396244N1221872W002,21N03W34Q003M,10/19/2005,00:00,,,44.000,0.000,44.000,167.378,166.278,123.378,42.900,UNK - Unknown,Unknown,Department of Water Resources,Voluntary,10,19,2005
Glenn_01.01.2003-06.21.2013.csv,Glenn,39.6244,-122.1872,W002,2013-09-18 13:29:54,396244N1221872W002,21N03W34Q003M,3/28/2006,00:00,,,28.000,0.000,28.000,167.378,166.278,139.378,26.900,UNK - Unknown,Unknown,Department of Water Resources,Voluntary,3,28,2006
Glenn_01.01.2003-06.21.2013.csv,Glenn,39.6244,-122.1872,W002,2013-09-18 13:29:54,396244N1221872W002,21N03W34Q003M,5/17/2006,00:00,,,31.100,0.000,31.100,167.378,166.278,136.278,30.000,UNK - Unknown,Unknown,Department of Water Resources,Voluntary,5,17,2006
Glenn_01.01.2003-06.21.2013.csv,Glenn,39.6244,-122.1872,W002,2013-09-18 13:29:54,396244N1221872W002,21N03W34Q003M,8/2/2006,00:00,,,53.200,0.000,53.200,167.378,166.278,114.178,52.100,UNK - Unknown,Unknown,Department of Water Resources,Voluntary,8,2,2006
Glenn_01.01.2003-06.21.2013.csv,Glenn,39.6244,-122.1872,W002,2013-09-18 13:29:54,396244N1221872W002,21N03W34Q003M,10/10/2006,00:00,,,43.800,0.000,43.800,167.378,166.278,123.578,42.700,UNK - Unknown,Unknown,Department of Water Resources,Voluntary,10,10,2006
Glenn_01.01.2003-06.21.2013.csv,Glenn,39.6244,-122.1872,W002,2013-09-18 13:29:54,396244N1221872W002,21N03W34Q003M,3/19/2007,00:00,,,30.650,0.000,30.650,167.378,166.278,136.728,29.550,UNK - Unknown,Unknown,Department of Water Resources,Voluntary,3,19,2007
Glenn_01.01.2003-06.21.2013.csv,Glenn,39.6244,-122.1872,W002,2013-09-18 13:29:54,396244N1221872W002,21N03W34Q003M,5/18/2007,00:00,,,52.700,0.000,52.700,167.378,166.278,114.678,51.600,UNK - Unknown,Unknown,Department of Water Resources,Voluntary,5,18,2007
Glenn_01.01.2003-06.21.2013.csv,Glenn,39.6244,-122.1872,W002,2013-09-18 13:29:54,396244N1221872W002,21N03W34Q003M,5/30/2007,00:00,,,56.100,0.000,56.100,167.378,166.278,111.278,55.000,UNK - Unknown,Unknown,Department of Water Resources,Voluntary,5,30,2007
Glenn_01.01.2003-06.21.2013.csv,Glenn,39.6244,-122.1872,W002,2013-09-18 13:29:54,396244N1221872W002,21N03W34Q003M,8/8/2007,00:00,,,73.800,0.000,73.800,167.378,166.278,93.578,72.700,UNK - Unknown,Unknown,Department of Water Resources,Voluntary,8,8,2007
Glenn_01.01.2003-06.21.2013.csv,Glenn,39.6244,-122.1872,W002,2013-09-18 13:29:54,396244N1221872W002,21N03W34Q003M,10/16/2007,00:00,,,53.130,0.000,53.130,167.378,166.278,114.248,52.030,UNK - Unknown,Unknown,Department of Water Resources,Voluntary,10,16,2007
Glenn_01.01.2003-06.21.2013.csv,Glenn,39.6244,-122.1872,W002,2013-09-18 13:29:54,396244N1221872W002,21N03W34Q003M,1/17/2008,00:00,,,40.170,0.000,40.170,167.378,166.278,127.208,39.070,UNK - Unknown,Unknown,Department of Water Resources,Voluntary,1,17,2008
Glenn_01.01.2003-06.21.2013.csv,Glenn,39.6244,-122.1872,W002,2013-09-18 13:29:54,396244N1221872W002,21N03W34Q003M,3/10/2008,00:00,,,34.950,0.000,34.950,167.378,166.278,132.428,33.850,UNK - Unknown,Unknown,Department of Water Resources,Voluntary,3,10,2008
Glenn_01.01.2003-06.21.2013.csv,Glenn,39.6244,-122.1872,W002,2013-09-18 13:29:54,396244N1221872W002,21N03W34Q003M,6/20/2008,00:00,,,75.900,0.000,75.900,167.378,166.278,91.478,74.800,UNK - Unknown,Unknown,County of Glenn,Voluntary,6,20,2008
Glenn_01.01.2003-06.21.2013.csv,Glenn,39.6244,-122.1872,W002,2013-09-18 13:29:54,396244N1221872W002,21N03W34Q003M,7/3/2008,00:00,,,82.380,0.000,82.380,167.378,166.278,84.998,81.280,UNK - Unknown,Unknown,County of Glenn,Voluntary,7,3,2008
Glenn_01.01.2003-06.21.2013.csv,Glenn,39.6244,-122.1872,W002,2013-09-18 13:29:54,396244N1221872W002,21N03W34Q003M,7/8/2008,00:00,,,85.210,0.000,85.210,167.378,166.278,82.168,84.110,UNK - Unknown,Unknown,County of Glenn,Voluntary,7,8,2008
Glenn_01.01.2003-06.21.2013.csv,Glenn,39.6244,-122.1872,W002,2013-09-18 13:29:54,396244N1221872W002,21N03W34Q003M,7/16/2008,00:00,,,90.300,0.000,90.300,167.378,166.278,77.078,89.200,UNK - Unknown,Unknown,County of Glenn,Voluntary,7,16,2008
Glenn_01.01.2003-06.21.2013.csv,Glenn,39.6244,-122.1872,W002,2013-09-18 13:29:54,396244N1221872W002,21N03W34Q003M,8/5/2008,00:00,,,91.520,0.000,91.520,167.378,166.278,75.858,90.420,UNK - Unknown,Unknown,County of Glenn,Voluntary,8,5,2008
Glenn_01.01.2003-06.21.2013.csv,Glenn,39.6244,-122.1872,W002,2013-09-18 13:29:54,396244N1221872W002,21N03W34Q003M,8/26/2008,00:00,,,90.760,0.000,90.760,167.378,166.278,76.618,89.660,UNK - Unknown,Unknown,Department of Water Resources,Voluntary,8,26,2008
Glenn_01.01.2003-06.21.2013.csv,Glenn,39.6244,-122.1872,W002,2013-09-18 13:29:54,396244N1221872W002,21N03W34Q003M,10/21/2008,00:00,,,67.130,0.000,67.130,167.378,166.278,100.248,66.030,UNK - Unknown,Unknown,Department of Water Resources,Voluntary,10,21,2008
Glenn_01.01.2003-06.21.2013.csv,Glenn,39.6244,-122.1872,W002,2013-09-18 13:29:54,396244N1221872W002,21N03W34Q003M,1/14/2009,00:00,,,52.430,0.000,52.430,167.378,166.278,114.948,51.330,UNK - Unknown,Unknown,Department of Water Resources,Voluntary,1,14,2009
Glenn_01.01.2003-06.21.2013.csv,Glenn,39.6244,-122.1872,W002,2013-09-18 13:29:54,396244N1221872W002,21N03W34Q003M,3/25/2009,00:00,,,44.940,0.000,44.940,167.378,166.278,122.438,43.840,UNK - Unknown,Unknown,Department of Water Resources,Voluntary,3,25,2009
Glenn_01.01.2003-06.21.2013.csv,Glenn,39.6244,-122.1872,W002,2013-09-18 13:29:54,396244N1221872W002,21N03W34Q003M,5/14/2009,00:00,,,63.530,0.000,63.530,167.378,166.278,103.848,62.430,UNK - Unknown,Unknown,Department of Water Resources,Voluntary,5,14,2009
Glenn_01.01.2003-06.21.2013.csv,Glenn,39.6244,-122.1872,W002,2013-09-18 13:29:54,396244N1221872W002,21N03W34Q003M,6/25/2009,00:00,,,91.700,0.000,91.700,167.378,166.278,75.678,90.600,UNK - Unknown,Unknown,Department of Water Resources,Voluntary,6,25,2009
Glenn_01.01.2003-06.21.2013.csv,Glenn,39.6244,-122.1872,W002,2013-09-18 13:29:54,396244N1221872W002,21N03W34Q003M,8/5/2009,00:00,,,109.350,0.000,109.350,167.378,166.278,58.028,108.250,UNK - Unknown,Unknown,Department of Water Resources,Voluntary,8,5,2009
Glenn_01.01.2003-06.21.2013.csv,Glenn,39.6244,-122.1872,W002,2013-09-18 13:29:54,396244N1221872W002,21N03W34Q003M,9/15/2009,00:00,,,100.950,0.000,100.950,167.378,166.278,66.428,99.850,UNK - Unknown,Unknown,Department of Water Resources,Voluntary,9,15,2009
Glenn_01.01.2003-06.21.2013.csv,Glenn,39.6244,-122.1872,W002,2013-09-18 13:29:54,396244N1221872W002,21N03W34Q003M,10/22/2009,00:00,,,76.230,0.000,76.230,167.378,166.278,91.148,75.130,UNK - Unknown,Unknown,Department of Water Resources,Voluntary,10,22,2009
Glenn_01.01.2003-06.21.2013.csv,Glenn,39.6244,-122.1872,W002,2013-09-18 13:29:54,396244N1221872W002,21N03W34Q003M,3/25/2010,00:00,,,49.670,0.000,49.670,167.378,166.278,117.708,48.570,UNK - Unknown,Unknown,Department of Water Resources,Voluntary,3,25,2010
Glenn_01.01.2003-06.21.2013.csv,Glenn,39.6244,-122.1872,W002,2013-09-18 13:29:54,396244N1221872W002,21N03W34Q003M,8/3/2010,00:00,,,98.670,0.000,98.670,167.378,166.278,68.708,97.570,UNK - Unknown,Unknown,Department of Water Resources,Voluntary,8,3,2010
Glenn_01.01.2003-06.21.2013.csv,Glenn,39.6244,-122.1872,W002,2013-09-18 13:29:54,396244N1221872W002,21N03W34Q003M,10/18/2010,00:00,,,73.530,0.000,73.530,167.378,166.278,93.848,72.430,UNK - Unknown,Unknown,Department of Water Resources,Voluntary,10,18,2010
Glenn_01.01.2003-06.21.2013.csv,Glenn,39.6244,-122.1872,W002,2013-09-18 13:29:54,396244N1221872W002,21N03W34Q003M,4/4/2011,00:00,,,48.350,0.000,48.350,167.378,166.278,119.028,47.250,UNK - Unknown,Unknown,Department of Water Resources,Voluntary,4,4,2011
Glenn_01.01.2003-06.21.2013.csv,Glenn,39.6244,-122.1872,W002,2013-09-18 13:29:54,396244N1221872W002,21N03W34Q003M,8/2/2011,00:00,,,90.910,0.000,90.910,167.378,166.278,76.468,89.810,UNK - Unknown,Unknown,Department of Water Resources,Voluntary,8,2,2011
Glenn_01.01.2003-06.21.2013.csv,Glenn,39.6244,-122.1872,W003,2013-09-18 13:29:54,396244N1221872W003,21N03W34Q004M,10/11/2011,00:00,,,44.450,0.000,44.450,167.632,166.332,123.182,43.150,ES - Electric sounder measurement,0.01 Ft,Department of Water Resources,CASGEM,10,11,2011
Glenn_01.01.2003-06.21.2013.csv,Glenn,39.6244,-122.1872,W003,2013-09-18 13:29:54,396244N1221872W003,21N03W34Q004M,3/27/2012,00:00,,,35.900,0.000,35.900,167.632,166.332,131.732,34.600,ES - Electric sounder measurement,0.01 Ft,Department of Water Resources,CASGEM,3,27,2012
Glenn_01.01.2003-06.21.2013.csv,Glenn,39.6244,-122.1872,W003,2013-09-18 13:29:54,396244N1221872W003,21N03W34Q004M,7/31/2012,00:00,,,53.190,0.000,53.190,167.632,166.332,114.442,51.890,ES - Electric sounder measurement,0.01 Ft,Department of Water Resources,CASGEM,7,31,2012
Glenn_01.01.2003-06.21.2013.csv,Glenn,39.6244,-122.1872,W003,2013-09-18 13:29:54,396244N1221872W003,21N03W34Q004M,10/16/2012,00:00,,,52.000,0.000,52.000,167.632,166.332,115.632,50.700,ES - Electric sounder measurement,0.01 Ft,Department of Water Resources,CASGEM,10,16,2012
Glenn_01.01.2003-06.21.2013.csv,Glenn,39.6244,-122.1872,W003,2013-09-18 13:29:54,396244N1221872W003,21N03W34Q004M,3/18/2013,00:00,,,37.440,0.000,37.440,167.632,166.332,130.192,36.140,ES - Electric sounder measurement,0.01 Ft,Department of Water Resources,CASGEM,3,18,2013
Glenn_01.01.2003-06.21.2013.csv,Glenn,39.6244,-122.1872,W003,2013-09-18 13:29:54,396244N1221872W003,21N03W34Q004M,3/31/2005,00:00,,,20.450,0.000,20.450,167.632,166.332,147.182,19.150,UNK - Unknown,Unknown,Department of Water Resources,Voluntary,3,31,2005
Glenn_01.01.2003-06.21.2013.csv,Glenn,39.6244,-122.1872,W003,2013-09-18 13:29:54,396244N1221872W003,21N03W34Q004M,4/12/2005,00:00,,,19.900,0.000,19.900,167.632,166.332,147.732,18.600,UNK - Unknown,Unknown,Department of Water Resources,Voluntary,4,12,2005
Glenn_01.01.2003-06.21.2013.csv,Glenn,39.6244,-122.1872,W003,2013-09-18 13:29:54,396244N1221872W003,21N03W34Q004M,4/22/2005,00:00,,,19.900,0.000,19.900,167.632,166.332,147.732,18.600,UNK - Unknown,Unknown,Department of Water Resources,Voluntary,4,22,2005
Glenn_01.01.2003-06.21.2013.csv,Glenn,39.6244,-122.1872,W003,2013-09-18 13:29:54,396244N1221872W003,21N03W34Q004M,4/28/2005,00:00,,,19.780,0.000,19.780,167.632,166.332,147.852,18.480,UNK - Unknown,Unknown,Department of Water Resources,Voluntary,4,28,2005
Glenn_01.01.2003-06.21.2013.csv,Glenn,39.6244,-122.1872,W003,2013-09-18 13:29:54,396244N1221872W003,21N03W34Q004M,5/26/2005,00:00,,,19.450,0.000,19.450,167.632,166.332,148.182,18.150,UNK - Unknown,Unknown,Department of Water Resources,Voluntary,5,26,2005
Glenn_01.01.2003-06.21.2013.csv,Glenn,39.6244,-122.1872,W003,2013-09-18 13:29:54,396244N1221872W003,21N03W34Q004M,7/27/2005,00:00,,,23.050,0.000,23.050,167.632,166.332,144.582,21.750,UNK - Unknown,Unknown,Department of Water Resources,Voluntary,7,27,2005
Glenn_01.01.2003-06.21.2013.csv,Glenn,39.6244,-122.1872,W003,2013-09-18 13:29:54,396244N1221872W003,21N03W34Q004M,6/22/2005,00:00,,,20.820,0.000,20.820,167.632,166.332,146.812,19.520,UNK - Unknown,Unknown,Department of Water Resources,Voluntary,6,22,2005
Glenn_01.01.2003-06.21.2013.csv,Glenn,39.6244,-122.1872,W003,2013-09-18 13:29:54,396244N1221872W003,21N03W34Q004M,8/25/2005,00:00,,,24.700,0.000,24.700,167.632,166.332,142.932,23.400,UNK - Unknown,Unknown,Department of Water Resources,Voluntary,8,25,2005
Glenn_01.01.2003-06.21.2013.csv,Glenn,39.6244,-122.1872,W003,2013-09-18 13:29:54,396244N1221872W003,21N03W34Q004M,9/28/2005,00:00,,,25.800,0.000,25.800,167.632,166.332,141.832,24.500,UNK - Unknown,Unknown,Department of Water Resources,Voluntary,9,28,2005
Glenn_01.01.2003-06.21.2013.csv,Glenn,39.6244,-122.1872,W003,2013-09-18 13:29:54,396244N1221872W003,21N03W34Q004M,10/19/2005,00:00,,,26.200,0.000,26.200,167.632,166.332,141.432,24.900,UNK - Unknown,Unknown,Department of Water Resources,Voluntary,10,19,2005
Glenn_01.01.2003-06.21.2013.csv,Glenn,39.6244,-122.1872,W003,2013-09-18 13:29:54,396244N1221872W003,21N03W34Q004M,3/28/2006,00:00,,,20.700,0.000,20.700,167.632,166.332,146.932,19.400,UNK - Unknown,Unknown,Department of Water Resources,Voluntary,3,28,2006
Glenn_01.01.2003-06.21.2013.csv,Glenn,39.6244,-122.1872,W003,2013-09-18 13:29:54,396244N1221872W003,21N03W34Q004M,5/17/2006,00:00,,,17.500,0.000,17.500,167.632,166.332,150.132,16.200,UNK - Unknown,Unknown,Department of Water Resources,Voluntary,5,17,2006
Glenn_01.01.2003-06.21.2013.csv,Glenn,39.6244,-122.1872,W003,2013-09-18 13:29:54,396244N1221872W003,21N03W34Q004M,8/2/2006,00:00,,,21.800,0.000,21.800,167.632,166.332,145.832,20.500,UNK - Unknown,Unknown,Department of Water Resources,Voluntary,8,2,2006
Glenn_01.01.2003-06.21.2013.csv,Glenn,39.6244,-122.1872,W003,2013-09-18 13:29:54,396244N1221872W003,21N03W34Q004M,10/10/2006,00:00,,,24.500,0.000,24.500,167.632,166.332,143.132,23.200,UNK - Unknown,Unknown,Department of Water Resources,Voluntary,10,10,2006
Glenn_01.01.2003-06.21.2013.csv,Glenn,39.6244,-122.1872,W003,2013-09-18 13:29:54,396244N1221872W003,21N03W34Q004M,3/19/2007,00:00,,,23.620,0.000,23.620,167.632,166.332,144.012,22.320,UNK - Unknown,Unknown,Department of Water Resources,Voluntary,3,19,2007
Glenn_01.01.2003-06.21.2013.csv,Glenn,39.6244,-122.1872,W003,2013-09-18 13:29:54,396244N1221872W003,21N03W34Q004M,5/18/2007,00:00,,,25.800,0.000,25.800,167.632,166.332,141.832,24.500,UNK - Unknown,Unknown,Department of Water Resources,Voluntary,5,18,2007
Glenn_01.01.2003-06.21.2013.csv,Glenn,39.6244,-122.1872,W003,2013-09-18 13:29:54,396244N1221872W003,21N03W34Q004M,5/30/2007,00:00,,,26.800,0.000,26.800,167.632,166.332,140.832,25.500,UNK - Unknown,Unknown,Department of Water Resources,Voluntary,5,30,2007
Glenn_01.01.2003-06.21.2013.csv,Glenn,39.6244,-122.1872,W003,2013-09-18 13:29:54,396244N1221872W003,21N03W34Q004M,8/8/2007,00:00,,,37.240,0.000,37.240,167.632,166.332,130.392,35.940,UNK - Unknown,Unknown,Department of Water Resources,Voluntary,8,8,2007
Glenn_01.01.2003-06.21.2013.csv,Glenn,39.6244,-122.1872,W003,2013-09-18 13:29:54,396244N1221872W003,21N03W34Q004M,10/16/2007,00:00,,,37.380,0.000,37.380,167.632,166.332,130.252,36.080,UNK - Unknown,Unknown,Department of Water Resources,Voluntary,10,16,2007
Glenn_01.01.2003-06.21.2013.csv,Glenn,39.6244,-122.1872,W003,2013-09-18 13:29:54,396244N1221872W003,21N03W34Q004M,1/17/2008,00:00,,,31.670,0.000,31.670,167.632,166.332,135.962,30.370,UNK - Unknown,Unknown,Department of Water Resources,Voluntary,1,17,2008
Glenn_01.01.2003-06.21.2013.csv,Glenn,39.6244,-122.1872,W003,2013-09-18 13:29:54,396244N1221872W003,21N03W34Q004M,3/13/2008,00:00,,,27.700,0.000,27.700,167.632,166.332,139.932,26.400,UNK - Unknown,Unknown,Department of Water Resources,Voluntary,3,13,2008
Glenn_01.01.2003-06.21.2013.csv,Glenn,39.6244,-122.1872,W003,2013-09-18 13:29:54,396244N1221872W003,21N03W34Q004M,6/20/2008,00:00,,,41.100,0.000,41.100,167.632,166.332,126.532,39.800,UNK - Unknown,Unknown,County of Glenn,Voluntary,6,20,2008
Glenn_01.01.2003-06.21.2013.csv,Glenn,39.6244,-122.1872,W003,2013-09-18 13:29:54,396244N1221872W003,21N03W34Q004M,7/3/2008,00:00,,,43.780,0.000,43.780,167.632,166.332,123.852,42.480,UNK - Unknown,Unknown,County of Glenn,Voluntary,7,3,2008
Glenn_01.01.2003-06.21.2013.csv,Glenn,39.6244,-122.1872,W003,2013-09-18 13:29:54,396244N1221872W003,21N03W34Q004M,7/8/2008,00:00,,,44.690,0.000,44.690,167.632,166.332,122.942,43.390,UNK - Unknown,Unknown,County of Glenn,Voluntary,7,8,2008
Glenn_01.01.2003-06.21.2013.csv,Glenn,39.6244,-122.1872,W003,2013-09-18 13:29:54,396244N1221872W003,21N03W34Q004M,7/16/2008,00:00,,,45.780,0.000,45.780,167.632,166.332,121.852,44.480,UNK - Unknown,Unknown,County of Glenn,Voluntary,7,16,2008
Glenn_01.01.2003-06.21.2013.csv,Glenn,39.6244,-122.1872,W003,2013-09-18 13:29:54,396244N1221872W003,21N03W34Q004M,8/5/2008,00:00,,,48.410,0.000,48.410,167.632,166.332,119.222,47.110,UNK - Unknown,Unknown,County of Glenn,Voluntary,8,5,2008
Glenn_01.01.2003-06.21.2013.csv,Glenn,39.6244,-122.1872,W003,2013-09-18 13:29:54,396244N1221872W003,21N03W34Q004M,8/26/2008,00:00,,,49.490,0.000,49.490,167.632,166.332,118.142,48.190,UNK - Unknown,Unknown,Department of Water Resources,Voluntary,8,26,2008
Glenn_01.01.2003-06.21.2013.csv,Glenn,39.6244,-122.1872,W003,2013-09-18 13:29:54,396244N1221872W003,21N03W34Q004M,10/21/2008,00:00,,,46.630,0.000,46.630,167.632,166.332,121.002,45.330,UNK - Unknown,Unknown,Department of Water Resources,Voluntary,10,21,2008
Glenn_01.01.2003-06.21.2013.csv,Glenn,39.6244,-122.1872,W003,2013-09-18 13:29:54,396244N1221872W003,21N03W34Q004M,1/14/2009,00:00,,,39.300,0.000,39.300,167.632,166.332,128.332,38.000,UNK - Unknown,Unknown,Department of Water Resources,Voluntary,1,14,2009
Glenn_01.01.2003-06.21.2013.csv,Glenn,39.6244,-122.1872,W003,2013-09-18 13:29:54,396244N1221872W003,21N03W34Q004M,3/25/2009,00:00,,,33.100,0.000,33.100,167.632,166.332,134.532,31.800,UNK - Unknown,Unknown,Department of Water Resources,Voluntary,3,25,2009
Glenn_01.01.2003-06.21.2013.csv,Glenn,39.6244,-122.1872,W003,2013-09-18 13:29:54,396244N1221872W003,21N03W34Q004M,5/14/2009,00:00,,,39.890,0.000,39.890,167.632,166.332,127.742,38.590,UNK - Unknown,Unknown,Department of Water Resources,Voluntary,5,14,2009
Glenn_01.01.2003-06.21.2013.csv,Glenn,39.6244,-122.1872,W003,2013-09-18 13:29:54,396244N1221872W003,21N03W34Q004M,6/25/2009,00:00,,,49.900,0.000,49.900,167.632,166.332,117.732,48.600,UNK - Unknown,Unknown,Department of Water Resources,Voluntary,6,25,2009
Glenn_01.01.2003-06.21.2013.csv,Glenn,39.6244,-122.1872,W003,2013-09-18 13:29:54,396244N1221872W003,21N03W34Q004M,8/5/2009,00:00,,,55.410,0.000,55.410,167.632,166.332,112.222,54.110,UNK - Unknown,Unknown,Department of Water Resources,Voluntary,8,5,2009
Glenn_01.01.2003-06.21.2013.csv,Glenn,39.6244,-122.1872,W003,2013-09-18 13:29:54,396244N1221872W003,21N03W34Q004M,9/15/2009,00:00,,,55.440,0.000,55.440,167.632,166.332,112.192,54.140,UNK - Unknown,Unknown,Department of Water Resources,Voluntary,9,15,2009
Glenn_01.01.2003-06.21.2013.csv,Glenn,39.6244,-122.1872,W003,2013-09-18 13:29:54,396244N1221872W003,21N03W34Q004M,10/22/2009,00:00,,,50.590,0.000,50.590,167.632,166.332,117.042,49.290,UNK - Unknown,Unknown,Department of Water Resources,Voluntary,10,22,2009
Glenn_01.01.2003-06.21.2013.csv,Glenn,39.6244,-122.1872,W003,2013-09-18 13:29:54,396244N1221872W003,21N03W34Q004M,3/25/2010,00:00,,,32.890,0.000,32.890,167.632,166.332,134.742,31.590,UNK - Unknown,Unknown,Department of Water Resources,Voluntary,3,25,2010
Glenn_01.01.2003-06.21.2013.csv,Glenn,39.6244,-122.1872,W003,2013-09-18 13:29:54,396244N1221872W003,21N03W34Q004M,8/3/2010,00:00,,,50.280,0.000,50.280,167.632,166.332,117.352,48.980,UNK - Unknown,Unknown,Department of Water Resources,Voluntary,8,3,2010
Glenn_01.01.2003-06.21.2013.csv,Glenn,39.6244,-122.1872,W003,2013-09-18 13:29:54,396244N1221872W003,21N03W34Q004M,10/18/2010,00:00,,,47.650,0.000,47.650,167.632,166.332,119.982,46.350,UNK - Unknown,Unknown,Department of Water Resources,Voluntary,10,18,2010
Glenn_01.01.2003-06.21.2013.csv,Glenn,39.6244,-122.1872,W003,2013-09-18 13:29:54,396244N1221872W003,21N03W34Q004M,4/4/2011,00:00,,,32.510,0.000,32.510,167.632,166.332,135.122,31.210,UNK - Unknown,Unknown,Department of Water Resources,Voluntary,4,4,2011
Glenn_01.01.2003-06.21.2013.csv,Glenn,39.6244,-122.1872,W003,2013-09-18 13:29:54,396244N1221872W003,21N03W34Q004M,8/2/2011,00:00,,,46.640,0.000,46.640,167.632,166.332,120.992,45.340,UNK - Unknown,Unknown,Department of Water Resources,Voluntary,8,2,2011
Glenn_01.01.2003-06.21.2013.csv,Glenn,39.6252,-122.2351,W001,2013-09-18 13:29:54,396252N1222351W001,,2/18/2003,00:00,,,46.700,0.000,46.700,187.160,185.460,140.460,45.000,UNK - Unknown,Unknown,Department of Water Resources,Voluntary,2,18,2003
Glenn_01.01.2003-06.21.2013.csv,Glenn,39.6252,-122.2351,W001,2013-09-18 13:29:54,396252N1222351W001,,3/13/2003,00:00,,,44.900,0.000,44.900,187.160,185.460,142.260,43.200,UNK - Unknown,Unknown,Department of Water Resources,Voluntary,3,13,2003
Glenn_01.01.2003-06.21.2013.csv,Glenn,39.6252,-122.2351,W001,2013-09-18 13:29:54,396252N1222351W001,,4/9/2003,00:00,,,44.200,0.000,44.200,187.160,185.460,142.960,42.500,UNK - Unknown,Unknown,Department of Water Resources,Voluntary,4,9,2003
Glenn_01.01.2003-06.21.2013.csv,Glenn,39.6252,-122.2351,W001,2013-09-18 13:29:54,396252N1222351W001,,5/28/2003,00:00,,,68.400,0.000,68.400,187.160,185.460,118.760,66.700,UNK - Unknown,Unknown,Department of Water Resources,Voluntary,5,28,2003
Glenn_01.01.2003-06.21.2013.csv,Glenn,39.6252,-122.2351,W001,2013-09-18 13:29:54,396252N1222351W001,,6/19/2003,00:00,,,71.400,0.000,71.400,187.160,185.460,115.760,69.700,UNK - Unknown,Unknown,Department of Water Resources,Voluntary,6,19,2003
Glenn_01.01.2003-06.21.2013.csv,Glenn,39.6252,-122.2351,W001,2013-09-18 13:29:54,396252N1222351W001,,7/30/2003,00:00,,,83.000,0.000,83.000,187.160,185.460,104.160,81.300,UNK - Unknown,Unknown,Department of Water Resources,Voluntary,7,30,2003
Glenn_01.01.2003-06.21.2013.csv,Glenn,39.6252,-122.2351,W001,2013-09-18 13:29:54,396252N1222351W001,,9/22/2003,00:00,,,65.400,0.000,65.400,187.160,185.460,121.760,63.700,UNK - Unknown,Unknown,Department of Water Resources,Voluntary,9,22,2003
Glenn_01.01.2003-06.21.2013.csv,Glenn,39.6252,-122.2351,W001,2013-09-18 13:29:54,396252N1222351W001,,10/21/2003,00:00,,,60.000,0.000,60.000,187.160,185.460,127.160,58.300,UNK - Unknown,Unknown,Department of Water Resources,Voluntary,10,21,2003
Glenn_01.01.2003-06.21.2013.csv,Glenn,39.6252,-122.2351,W001,2013-09-18 13:29:54,396252N1222351W001,,11/25/2003,00:00,,,58.600,0.000,58.600,187.160,185.460,128.560,56.900,UNK - Unknown,Unknown,Department of Water Resources,Voluntary,11,25,2003
Glenn_01.01.2003-06.21.2013.csv,Glenn,39.6252,-122.2351,W001,2013-09-18 13:29:54,396252N1222351W001,,12/16/2003,00:00,,,54.000,0.000,54.000,187.160,185.460,133.160,52.300,UNK - Unknown,Unknown,Department of Water Resources,Voluntary,12,16,2003
Glenn_01.01.2003-06.21.2013.csv,Glenn,39.6252,-122.2351,W001,2013-09-18 13:29:54,396252N1222351W001,,4/1/2004,00:00,,,43.300,0.000,43.300,187.160,185.460,143.860,41.600,UNK - Unknown,Unknown,Department of Water Resources,Voluntary,4,1,2004
Glenn_01.01.2003-06.21.2013.csv,Glenn,39.6252,-122.2351,W001,2013-09-18 13:29:54,396252N1222351W001,,4/26/2004,00:00,,,66.100,0.000,66.100,187.160,185.460,121.060,64.400,UNK - Unknown,Unknown,Department of Water Resources,Voluntary,4,26,2004
Glenn_01.01.2003-06.21.2013.csv,Glenn,39.6252,-122.2351,W001,2013-09-18 13:29:54,396252N1222351W001,,5/21/2004,00:00,,,83.300,0.000,83.300,187.160,185.460,103.860,81.600,UNK - Unknown,Unknown,Department of Water Resources,Voluntary,5,21,2004
Glenn_01.01.2003-06.21.2013.csv,Glenn,39.6252,-122.2351,W001,2013-09-18 13:29:54,396252N1222351W001,,2/10/2004,00:00,,,45.800,0.000,45.800,187.160,185.460,141.360,44.100,UNK - Unknown,Unknown,Department of Water Resources,Voluntary,2,10,2004
Glenn_01.01.2003-06.21.2013.csv,Glenn,39.6252,-122.2351,W001,2013-09-18 13:29:54,396252N1222351W001,,7/27/2004,00:00,,,85.000,0.000,85.000,187.160,185.460,102.160,83.300,UNK - Unknown,Unknown,Department of Water Resources,Voluntary,7,27,2004
Glenn_01.01.2003-06.21.2013.csv,Glenn,39.6252,-122.2351,W001,2013-09-18 13:29:54,396252N1222351W001,,6/21/2004,00:00,,,84.200,0.000,84.200,187.160,185.460,102.960,82.500,UNK - Unknown,Unknown,Department of Water Resources,Voluntary,6,21,2004
Glenn_01.01.2003-06.21.2013.csv,Glenn,39.6252,-122.2351,W001,2013-09-18 13:29:54,396252N1222351W001,,8/24/2004,00:00,,,81.300,0.000,81.300,187.160,185.460,105.860,79.600,UNK - Unknown,Unknown,Department of Water Resources,Voluntary,8,24,2004
Glenn_01.01.2003-06.21.2013.csv,Glenn,39.6252,-122.2351,W001,2013-09-18 13:29:54,396252N1222351W001,,9/21/2004,00:00,,,67.200,0.000,67.200,187.160,185.460,119.960,65.500,UNK - Unknown,Unknown,Department of Water Resources,Voluntary,9,21,2004
Glenn_01.01.2003-06.21.2013.csv,Glenn,39.6252,-122.2351,W001,2013-09-18 13:29:54,396252N1222351W001,,10/19/2004,00:00,,,59.700,0.000,59.700,187.160,185.460,127.460,58.000,UNK - Unknown,Unknown,Department of Water Resources,Voluntary,10,19,2004
Glenn_01.01.2003-06.21.2013.csv,Glenn,39.6252,-122.2351,W001,2013-09-18 13:29:54,396252N1222351W001,,11/22/2004,00:00,,,53.600,0.000,53.600,187.160,185.460,133.560,51.900,UNK - Unknown,Unknown,Department of Water Resources,Voluntary,11,22,2004
Glenn_01.01.2003-06.21.2013.csv,Glenn,39.6252,-122.2351,W001,2013-09-18 13:29:54,396252N1222351W001,,3/31/2005,00:00,,,42.300,0.000,42.300,187.160,185.460,144.860,40.600,UNK - Unknown,Unknown,Department of Water Resources,Voluntary,3,31,2005
Glenn_01.01.2003-06.21.2013.csv,Glenn,39.6252,-122.2351,W001,2013-09-18 13:29:54,396252N1222351W001,,4/29/2005,00:00,,,42.900,0.000,42.900,187.160,185.460,144.260,41.200,UNK - Unknown,Unknown,Department of Water Resources,Voluntary,4,29,2005
Glenn_01.01.2003-06.21.2013.csv,Glenn,39.6252,-122.2351,W001,2013-09-18 13:29:54,396252N1222351W001,,5/26/2005,00:00,,,61.400,0.000,61.400,187.160,185.460,125.760,59.700,UNK - Unknown,Unknown,Department of Water Resources,Voluntary,5,26,2005
Glenn_01.01.2003-06.21.2013.csv,Glenn,39.6252,-122.2351,W001,2013-09-18 13:29:54,396252N1222351W001,,6/24/2005,00:00,,,58.700,0.000,58.700,187.160,185.460,128.460,57.000,UNK - Unknown,Unknown,Department of Water Resources,Voluntary,6,24,2005
Glenn_01.01.2003-06.21.2013.csv,Glenn,39.6252,-122.2351,W001,2013-09-18 13:29:54,396252N1222351W001,,7/27/2005,00:00,,,69.100,0.000,69.100,187.160,185.460,118.060,67.400,UNK - Unknown,Unknown,Department of Water Resources,Voluntary,7,27,2005
Glenn_01.01.2003-06.21.2013.csv,Glenn,39.6252,-122.2351,W001,2013-09-18 13:29:54,396252N1222351W001,,8/24/2005,00:00,,,68.000,0.000,68.000,187.160,185.460,119.160,66.300,UNK - Unknown,Unknown,Department of Water Resources,Voluntary,8,24,2005
Glenn_01.01.2003-06.21.2013.csv,Glenn,39.6252,-122.2351,W001,2013-09-18 13:29:54,396252N1222351W001,,9/30/2005,00:00,,,55.600,0.000,55.600,187.160,185.460,131.560,53.900,UNK - Unknown,Unknown,Department of Water Resources,Voluntary,9,30,2005
Glenn_01.01.2003-06.21.2013.csv,Glenn,39.6252,-122.2351,W001,2013-09-18 13:29:54,396252N1222351W001,,10/19/2005,00:00,,,51.700,0.000,51.700,187.160,185.460,135.460,50.000,UNK - Unknown,Unknown,Department of Water Resources,Voluntary,10,19,2005
Glenn_01.01.2003-06.21.2013.csv,Glenn,39.6252,-122.2351,W001,2013-09-18 13:29:54,396252N1222351W001,,3/28/2006,00:00,,,39.600,0.000,39.600,187.160,185.460,147.560,37.900,UNK - Unknown,Unknown,Department of Water Resources,Voluntary,3,28,2006
Glenn_01.01.2003-06.21.2013.csv,Glenn,39.6252,-122.2351,W001,2013-09-18 13:29:54,396252N1222351W001,,5/18/2006,00:00,,,50.800,0.000,50.800,187.160,185.460,136.360,49.100,UNK - Unknown,Unknown,Department of Water Resources,Voluntary,5,18,2006
Glenn_01.01.2003-06.21.2013.csv,Glenn,39.6252,-122.2351,W001,2013-09-18 13:29:54,396252N1222351W001,,8/2/2006,00:00,,,64.000,0.000,64.000,187.160,185.460,123.160,62.300,UNK - Unknown,Unknown,Department of Water Resources,Voluntary,8,2,2006
Glenn_01.01.2003-06.21.2013.csv,Glenn,39.6252,-122.2351,W001,2013-09-18 13:29:54,396252N1222351W001,,10/10/2006,00:00,,,48.700,0.000,48.700,187.160,185.460,138.460,47.000,UNK - Unknown,Unknown,Department of Water Resources,Voluntary,10,10,2006
Glenn_01.01.2003-06.21.2013.csv,Glenn,39.6252,-122.2351,W001,2013-09-18 13:29:54,396252N1222351W001,,3/19/2007,00:00,,,44.660,0.000,44.660,187.160,185.460,142.500,42.960,UNK - Unknown,Unknown,Department of Water Resources,Voluntary,3,19,2007
Glenn_01.01.2003-06.21.2013.csv,Glenn,39.6252,-122.2351,W001,2013-09-18 13:29:54,396252N1222351W001,,8/6/2007,00:00,,,89.000,0.000,89.000,187.160,185.460,98.160,87.300,UNK - Unknown,Unknown,Department of Water Resources,Voluntary,8,6,2007
Glenn_01.01.2003-06.21.2013.csv,Glenn,39.6252,-122.2351,W001,2013-09-18 13:29:54,396252N1222351W001,,10/16/2007,00:00,,,61.170,0.000,61.170,187.160,185.460,125.990,59.470,UNK - Unknown,Unknown,Department of Water Resources,Voluntary,10,16,2007
Glenn_01.01.2003-06.21.2013.csv,Glenn,39.6252,-122.2351,W001,2013-09-18 13:29:54,396252N1222351W001,,1/16/2008,00:00,,,52.250,0.000,52.250,187.160,185.460,134.910,50.550,UNK - Unknown,Unknown,Department of Water Resources,Voluntary,1,16,2008
Glenn_01.01.2003-06.21.2013.csv,Glenn,39.6252,-122.2351,W001,2013-09-18 13:29:54,396252N1222351W001,,3/10/2008,00:00,,,47.400,0.000,47.400,187.160,185.460,139.760,45.700,UNK - Unknown,Unknown,Department of Water Resources,Voluntary,3,10,2008
Glenn_01.01.2003-06.21.2013.csv,Glenn,39.6252,-122.2351,W001,2013-09-18 13:29:54,396252N1222351W001,,8/4/2008,00:00,0 - Measurement Discontinued,,NULL,NULL,NULL,187.160,185.460,NULL,NULL,,,Department of Water Resources,Voluntary,DISCONTINUED; WELL DESTROYED8,4,2008
Glenn_01.01.2003-06.21.2013.csv,Glenn,39.6252,-122.2351,W002,2013-09-18 13:29:54,396252N1222351W002,,2/18/2003,00:00,,,6.000,0.000,6.000,187.260,185.460,181.260,4.200,UNK - Unknown,Unknown,Department of Water Resources,Voluntary,2,18,2003
Glenn_01.01.2003-06.21.2013.csv,Glenn,39.6252,-122.2351,W002,2013-09-18 13:29:54,396252N1222351W002,,3/13/2003,00:00,,,5.900,0.000,5.900,187.260,185.460,181.360,4.100,UNK - Unknown,Unknown,Department of Water Resources,Voluntary,3,13,2003
Glenn_01.01.2003-06.21.2013.csv,Glenn,39.6252,-122.2351,W002,2013-09-18 13:29:54,396252N1222351W002,,4/9/2003,00:00,,,5.700,0.000,5.700,187.260,185.460,181.560,3.900,UNK - Unknown,Unknown,Department of Water Resources,Voluntary,4,9,2003
Glenn_01.01.2003-06.21.2013.csv,Glenn,39.6252,-122.2351,W002,2013-09-18 13:29:54,396252N1222351W002,,5/28/2003,00:00,,,5.900,0.000,5.900,187.260,185.460,181.360,4.100,UNK - Unknown,Unknown,Department of Water Resources,Voluntary,5,28,2003
Glenn_01.01.2003-06.21.2013.csv,Glenn,39.6252,-122.2351,W002,2013-09-18 13:29:54,396252N1222351W002,,6/19/2003,00:00,,,5.900,0.000,5.900,187.260,185.460,181.360,4.100,UNK - Unknown,Unknown,Department of Water Resources,Voluntary,6,19,2003
Glenn_01.01.2003-06.21.2013.csv,Glenn,39.6252,-122.2351,W002,2013-09-18 13:29:54,396252N1222351W002,,7/30/2003,00:00,,,6.100,0.000,6.100,187.260,185.460,181.160,4.300,UNK - Unknown,Unknown,Department of Water Resources,Voluntary,7,30,2003
Glenn_01.01.2003-06.21.2013.csv,Glenn,39.6252,-122.2351,W002,2013-09-18 13:29:54,396252N1222351W002,,9/22/2003,00:00,,,7.600,0.000,7.600,187.260,185.460,179.660,5.800,UNK - Unknown,Unknown,Department of Water Resources,Voluntary,9,22,2003
Glenn_01.01.2003-06.21.2013.csv,Glenn,39.6252,-122.2351,W002,2013-09-18 13:29:54,396252N1222351W002,,10/21/2003,00:00,,,7.400,0.000,7.400,187.260,185.460,179.860,5.600,UNK - Unknown,Unknown,Department of Water Resources,Voluntary,10,21,2003
Glenn_01.01.2003-06.21.2013.csv,Glenn,39.6252,-122.2351,W002,2013-09-18 13:29:54,396252N1222351W002,,11/25/2003,00:00,,,7.300,0.000,7.300,187.260,185.460,179.960,5.500,UNK - Unknown,Unknown,Department of Water Resources,Voluntary,11,25,2003
Glenn_01.01.2003-06.21.2013.csv,Glenn,39.6252,-122.2351,W002,2013-09-18 13:29:54,396252N1222351W002,,12/16/2003,00:00,,,7.400,0.000,7.400,187.260,185.460,179.860,5.600,UNK - Unknown,Unknown,Department of Water Resources,Voluntary,12,16,2003
Glenn_01.01.2003-06.21.2013.csv,Glenn,39.6252,-122.2351,W002,2013-09-18 13:29:54,396252N1222351W002,,4/1/2004,00:00,,,5.500,0.000,5.500,187.260,185.460,181.760,3.700,UNK - Unknown,Unknown,Department of Water Resources,Voluntary,4,1,2004
Glenn_01.01.2003-06.21.2013.csv,Glenn,39.6252,-122.2351,W002,2013-09-18 13:29:54,396252N1222351W002,,4/26/2004,00:00,,,5.500,0.000,5.500,187.260,185.460,181.760,3.700,UNK - Unknown,Unknown,Department of Water Resources,Voluntary,4,26,2004
Glenn_01.01.2003-06.21.2013.csv,Glenn,39.6252,-122.2351,W002,2013-09-18 13:29:54,396252N1222351W002,,5/21/2004,00:00,,,5.500,0.000,5.500,187.260,185.460,181.760,3.700,UNK - Unknown,Unknown,Department of Water Resources,Voluntary,5,21,2004
Glenn_01.01.2003-06.21.2013.csv,Glenn,39.6252,-122.2351,W002,2013-09-18 13:29:54,396252N1222351W002,,2/10/2004,00:00,,,6.100,0.000,6.100,187.260,185.460,181.160,4.300,UNK - Unknown,Unknown,Department of Water Resources,Voluntary,2,10,2004
Glenn_01.01.2003-06.21.2013.csv,Glenn,39.6252,-122.2351,W002,2013-09-18 13:29:54,396252N1222351W002,,7/27/2004,00:00,,,5.900,0.000,5.900,187.260,185.460,181.360,4.100,UNK - Unknown,Unknown,Department of Water Resources,Voluntary,7,27,2004
Glenn_01.01.2003-06.21.2013.csv,Glenn,39.6252,-122.2351,W002,2013-09-18 13:29:54,396252N1222351W002,,6/21/2004,00:00,,,5.700,0.000,5.700,187.260,185.460,181.560,3.900,UNK - Unknown,Unknown,Department of Water Resources,Voluntary,6,21,2004
Glenn_01.01.2003-06.21.2013.csv,Glenn,39.6252,-122.2351,W002,2013-09-18 13:29:54,396252N1222351W002,,8/24/2004,00:00,,,6.000,0.000,6.000,187.260,185.460,181.260,4.200,UNK - Unknown,Unknown,Department of Water Resources,Voluntary,8,24,2004
Glenn_01.01.2003-06.21.2013.csv,Glenn,39.6252,-122.2351,W002,2013-09-18 13:29:54,396252N1222351W002,,9/21/2004,00:00,,,5.900,0.000,5.900,187.260,185.460,181.360,4.100,UNK - Unknown,Unknown,Department of Water Resources,Voluntary,9,21,2004
Glenn_01.01.2003-06.21.2013.csv,Glenn,39.6252,-122.2351,W002,2013-09-18 13:29:54,396252N1222351W002,,10/19/2004,00:00,,,6.000,0.000,6.000,187.260,185.460,181.260,4.200,UNK - Unknown,Unknown,Department of Water Resources,Voluntary,10,19,2004
Glenn_01.01.2003-06.21.2013.csv,Glenn,39.6252,-122.2351,W002,2013-09-18 13:29:54,396252N1222351W002,,11/22/2004,00:00,,,5.900,0.000,5.900,187.260,185.460,181.360,4.100,UNK - Unknown,Unknown,Department of Water Resources,Voluntary,11,22,2004
Glenn_01.01.2003-06.21.2013.csv,Glenn,39.6252,-122.2351,W002,2013-09-18 13:29:54,396252N1222351W002,,3/31/2005,00:00,,,4.300,0.000,4.300,187.260,185.460,182.960,2.500,UNK - Unknown,Unknown,Department of Water Resources,Voluntary,3,31,2005
Glenn_01.01.2003-06.21.2013.csv,Glenn,39.6252,-122.2351,W002,2013-09-18 13:29:54,396252N1222351W002,,4/29/2005,00:00,,,4.800,0.000,4.800,187.260,185.460,182.460,3.000,UNK - Unknown,Unknown,Department of Water Resources,Voluntary,4,29,2005
Glenn_01.01.2003-06.21.2013.csv,Glenn,39.6252,-122.2351,W002,2013-09-18 13:29:54,396252N1222351W002,,5/25/2005,00:00,,,4.400,0.000,4.400,187.260,185.460,182.860,2.600,UNK - Unknown,Unknown,Department of Water Resources,Voluntary,5,25,2005
Glenn_01.01.2003-06.21.2013.csv,Glenn,39.6252,-122.2351,W002,2013-09-18 13:29:54,396252N1222351W002,,6/24/2005,00:00,,,4.500,0.000,4.500,187.260,185.460,182.760,2.700,UNK - Unknown,Unknown,Department of Water Resources,Voluntary,6,24,2005
Glenn_01.01.2003-06.21.2013.csv,Glenn,39.6252,-122.2351,W002,2013-09-18 13:29:54,396252N1222351W002,,7/27/2005,00:00,,,4.900,0.000,4.900,187.260,185.460,182.360,3.100,UNK - Unknown,Unknown,Department of Water Resources,Voluntary,7,27,2005
Glenn_01.01.2003-06.21.2013.csv,Glenn,39.6252,-122.2351,W002,2013-09-18 13:29:54,396252N1222351W002,,8/24/2005,00:00,,,5.300,0.000,5.300,187.260,185.460,181.960,3.500,UNK - Unknown,Unknown,Department of Water Resources,Voluntary,8,24,2005
Glenn_01.01.2003-06.21.2013.csv,Glenn,39.6252,-122.2351,W002,2013-09-18 13:29:54,396252N1222351W002,,9/30/2005,00:00,,,5.600,0.000,5.600,187.260,185.460,181.660,3.800,UNK - Unknown,Unknown,Department of Water Resources,Voluntary,9,30,2005
Glenn_01.01.2003-06.21.2013.csv,Glenn,39.6252,-122.2351,W002,2013-09-18 13:29:54,396252N1222351W002,,10/19/2005,00:00,,,5.800,0.000,5.800,187.260,185.460,181.460,4.000,UNK - Unknown,Unknown,Department of Water Resources,Voluntary,10,19,2005
Glenn_01.01.2003-06.21.2013.csv,Glenn,39.6252,-122.2351,W002,2013-09-18 13:29:54,396252N1222351W002,,3/28/2006,00:00,,,5.000,0.000,5.000,187.260,185.460,182.260,3.200,UNK - Unknown,Unknown,Department of Water Resources,Voluntary,3,28,2006
Glenn_01.01.2003-06.21.2013.csv,Glenn,39.6252,-122.2351,W002,2013-09-18 13:29:54,396252N1222351W002,,5/18/2006,00:00,,,5.000,0.000,5.000,187.260,185.460,182.260,3.200,UNK - Unknown,Unknown,Department of Water Resources,Voluntary,5,18,2006
Glenn_01.01.2003-06.21.2013.csv,Glenn,39.6252,-122.2351,W002,2013-09-18 13:29:54,396252N1222351W002,,8/2/2006,00:00,,,6.300,0.000,6.300,187.260,185.460,180.960,4.500,UNK - Unknown,Unknown,Department of Water Resources,Voluntary,8,2,2006
Glenn_01.01.2003-06.21.2013.csv,Glenn,39.6252,-122.2351,W002,2013-09-18 13:29:54,396252N1222351W002,,10/10/2006,00:00,,,8.100,0.000,8.100,187.260,185.460,179.160,6.300,UNK - Unknown,Unknown,Department of Water Resources,Voluntary,10,10,2006
Glenn_01.01.2003-06.21.2013.csv,Glenn,39.6252,-122.2351,W002,2013-09-18 13:29:54,396252N1222351W002,,3/19/2007,00:00,,,8.570,0.000,8.570,187.260,185.460,178.690,6.770,UNK - Unknown,Unknown,Department of Water Resources,Voluntary,3,19,2007
Glenn_01.01.2003-06.21.2013.csv,Glenn,39.6252,-122.2351,W002,2013-09-18 13:29:54,396252N1222351W002,,1/23/2007,00:00,,,8.790,0.000,8.790,187.260,185.460,178.470,6.990,UNK - Unknown,Unknown,Department of Water Resources,Voluntary,1,23,2007
Glenn_01.01.2003-06.21.2013.csv,Glenn,39.6252,-122.2351,W002,2013-09-18 13:29:54,396252N1222351W002,,8/6/2007,00:00,,,26.870,0.000,26.870,187.260,185.460,160.390,25.070,UNK - Unknown,Unknown,Department of Water Resources,Voluntary,8,6,2007
Glenn_01.01.2003-06.21.2013.csv,Glenn,39.6252,-122.2351,W002,2013-09-18 13:29:54,396252N1222351W002,,10/16/2007,00:00,,,19.890,0.000,19.890,187.260,185.460,167.370,18.090,UNK - Unknown,Unknown,Department of Water Resources,Voluntary,10,16,2007
Glenn_01.01.2003-06.21.2013.csv,Glenn,39.6252,-122.2351,W002,2013-09-18 13:29:54,396252N1222351W002,,1/16/2008,00:00,,,13.850,0.000,13.850,187.260,185.460,173.410,12.050,UNK - Unknown,Unknown,Department of Water Resources,Voluntary,1,16,2008
Glenn_01.01.2003-06.21.2013.csv,Glenn,39.6252,-122.2351,W002,2013-09-18 13:29:54,396252N1222351W002,,3/10/2008,00:00,,,9.000,0.000,9.000,187.260,185.460,178.260,7.200,UNK - Unknown,Unknown,Department of Water Resources,Voluntary,3,10,2008
Glenn_01.01.2003-06.21.2013.csv,Glenn,39.6252,-122.2351,W002,2013-09-18 13:29:54,396252N1222351W002,,8/4/2008,00:00,0 - Measurement Discontinued,,NULL,NULL,NULL,187.260,185.460,NULL,NULL,,,Department of Water Resources,Voluntary,DISCONTINUED; WELL DESTROYED8,4,2008
Glenn_01.01.2003-06.21.2013.csv,Glenn,39.6252,-122.2351,W003,2013-09-18 13:29:54,396252N1222351W003,,2/18/2003,00:00,,,47.200,0.000,47.200,187.260,185.460,140.060,45.400,UNK - Unknown,Unknown,Department of Water Resources,Voluntary,2,18,2003
Glenn_01.01.2003-06.21.2013.csv,Glenn,39.6252,-122.2351,W003,2013-09-18 13:29:54,396252N1222351W003,,3/13/2003,00:00,,,45.200,0.000,45.200,187.260,185.460,142.060,43.400,UNK - Unknown,Unknown,Department of Water Resources,Voluntary,3,13,2003
Glenn_01.01.2003-06.21.2013.csv,Glenn,39.6252,-122.2351,W003,2013-09-18 13:29:54,396252N1222351W003,,4/9/2003,00:00,,,44.000,0.000,44.000,187.260,185.460,143.260,42.200,UNK - Unknown,Unknown,Department of Water Resources,Voluntary,4,9,2003
Glenn_01.01.2003-06.21.2013.csv,Glenn,39.6252,-122.2351,W003,2013-09-18 13:29:54,396252N1222351W003,,5/28/2003,00:00,,,58.200,0.000,58.200,187.260,185.460,129.060,56.400,UNK - Unknown,Unknown,Department of Water Resources,Voluntary,5,28,2003
Glenn_01.01.2003-06.21.2013.csv,Glenn,39.6252,-122.2351,W003,2013-09-18 13:29:54,396252N1222351W003,,6/19/2003,00:00,,,65.200,0.000,65.200,187.260,185.460,122.060,63.400,UNK - Unknown,Unknown,Department of Water Resources,Voluntary,6,19,2003
Glenn_01.01.2003-06.21.2013.csv,Glenn,39.6252,-122.2351,W003,2013-09-18 13:29:54,396252N1222351W003,,7/30/2003,00:00,,,75.400,0.000,75.400,187.260,185.460,111.860,73.600,UNK - Unknown,Unknown,Department of Water Resources,Voluntary,7,30,2003
Glenn_01.01.2003-06.21.2013.csv,Glenn,39.6252,-122.2351,W003,2013-09-18 13:29:54,396252N1222351W003,,9/22/2003,00:00,,,63.700,0.000,63.700,187.260,185.460,123.560,61.900,UNK - Unknown,Unknown,Department of Water Resources,Voluntary,9,22,2003
Glenn_01.01.2003-06.21.2013.csv,Glenn,39.6252,-122.2351,W003,2013-09-18 13:29:54,396252N1222351W003,,10/21/2003,00:00,,,58.000,0.000,58.000,187.260,185.460,129.260,56.200,UNK - Unknown,Unknown,Department of Water Resources,Voluntary,10,21,2003
Glenn_01.01.2003-06.21.2013.csv,Glenn,39.6252,-122.2351,W003,2013-09-18 13:29:54,396252N1222351W003,,11/25/2003,00:00,,,58.100,0.000,58.100,187.260,185.460,129.160,56.300,UNK - Unknown,Unknown,Department of Water Resources,Voluntary,11,25,2003
Glenn_01.01.2003-06.21.2013.csv,Glenn,39.6252,-122.2351,W003,2013-09-18 13:29:54,396252N1222351W003,,12/16/2003,00:00,,,53.700,0.000,53.700,187.260,185.460,133.560,51.900,UNK - Unknown,Unknown,Department of Water Resources,Voluntary,12,16,2003
Glenn_01.01.2003-06.21.2013.csv,Glenn,39.6252,-122.2351,W003,2013-09-18 13:29:54,396252N1222351W003,,4/1/2004,00:00,,,43.500,0.000,43.500,187.260,185.460,143.760,41.700,UNK - Unknown,Unknown,Department of Water Resources,Voluntary,4,1,2004
Glenn_01.01.2003-06.21.2013.csv,Glenn,39.6252,-122.2351,W003,2013-09-18 13:29:54,396252N1222351W003,,4/26/2004,00:00,,,56.700,0.000,56.700,187.260,185.460,130.560,54.900,UNK - Unknown,Unknown,Department of Water Resources,Voluntary,4,26,2004
Glenn_01.01.2003-06.21.2013.csv,Glenn,39.6252,-122.2351,W003,2013-09-18 13:29:54,396252N1222351W003,,5/21/2004,00:00,,,67.500,0.000,67.500,187.260,185.460,119.760,65.700,UNK - Unknown,Unknown,Department of Water Resources,Voluntary,5,21,2004
Glenn_01.01.2003-06.21.2013.csv,Glenn,39.6252,-122.2351,W003,2013-09-18 13:29:54,396252N1222351W003,,2/10/2004,00:00,,,46.100,0.000,46.100,187.260,185.460,141.160,44.300,UNK - Unknown,Unknown,Department of Water Resources,Voluntary,2,10,2004
Glenn_01.01.2003-06.21.2013.csv,Glenn,39.6252,-122.2351,W003,2013-09-18 13:29:54,396252N1222351W003,,7/27/2004,00:00,,,83.400,0.000,83.400,187.260,185.460,103.860,81.600,UNK - Unknown,Unknown,Department of Water Resources,Voluntary,7,27,2004
Glenn_01.01.2003-06.21.2013.csv,Glenn,39.6252,-122.2351,W003,2013-09-18 13:29:54,396252N1222351W003,,6/21/2004,00:00,,,81.800,0.000,81.800,187.260,185.460,105.460,80.000,UNK - Unknown,Unknown,Department of Water Resources,Voluntary,6,21,2004
Glenn_01.01.2003-06.21.2013.csv,Glenn,39.6252,-122.2351,W003,2013-09-18 13:29:54,396252N1222351W003,,8/24/2004,00:00,,,82.300,0.000,82.300,187.260,185.460,104.960,80.500,UNK - Unknown,Unknown,Department of Water Resources,Voluntary,8,24,2004
Glenn_01.01.2003-06.21.2013.csv,Glenn,39.6252,-122.2351,W003,2013-09-18 13:29:54,396252N1222351W003,,9/21/2004,00:00,,,66.800,0.000,66.800,187.260,185.460,120.460,65.000,UNK - Unknown,Unknown,Department of Water Resources,Voluntary,9,21,2004
Glenn_01.01.2003-06.21.2013.csv,Glenn,39.6252,-122.2351,W003,2013-09-18 13:29:54,396252N1222351W003,,10/19/2004,00:00,,,60.300,0.000,60.300,187.260,185.460,126.960,58.500,UNK - Unknown,Unknown,Department of Water Resources,Voluntary,10,19,2004
Glenn_01.01.2003-06.21.2013.csv,Glenn,39.6252,-122.2351,W003,2013-09-18 13:29:54,396252N1222351W003,,11/22/2004,00:00,,,54.600,0.000,54.600,187.260,185.460,132.660,52.800,UNK - Unknown,Unknown,Department of Water Resources,Voluntary,11,22,2004
Glenn_01.01.2003-06.21.2013.csv,Glenn,39.6252,-122.2351,W003,2013-09-18 13:29:54,396252N1222351W003,,3/31/2005,00:00,,,43.500,0.000,43.500,187.260,185.460,143.760,41.700,UNK - Unknown,Unknown,Department of Water Resources,Voluntary,3,31,2005
Glenn_01.01.2003-06.21.2013.csv,Glenn,39.6252,-122.2351,W003,2013-09-18 13:29:54,396252N1222351W003,,4/29/2005,00:00,,,43.600,0.000,43.600,187.260,185.460,143.660,41.800,UNK - Unknown,Unknown,Department of Water Resources,Voluntary,4,29,2005
Glenn_01.01.2003-06.21.2013.csv,Glenn,39.6252,-122.2351,W003,2013-09-18 13:29:54,396252N1222351W003,,5/25/2005,00:00,,,50.200,0.000,50.200,187.260,185.460,137.060,48.400,UNK - Unknown,Unknown,Department of Water Resources,Voluntary,5,25,2005
Glenn_01.01.2003-06.21.2013.csv,Glenn,39.6252,-122.2351,W003,2013-09-18 13:29:54,396252N1222351W003,,6/24/2005,00:00,,,57.400,0.000,57.400,187.260,185.460,129.860,55.600,UNK - Unknown,Unknown,Department of Water Resources,Voluntary,6,24,2005
Glenn_01.01.2003-06.21.2013.csv,Glenn,39.6252,-122.2351,W003,2013-09-18 13:29:54,396252N1222351W003,,7/27/2005,00:00,,,72.400,0.000,72.400,187.260,185.460,114.860,70.600,UNK - Unknown,Unknown,Department of Water Resources,Voluntary,7,27,2005
Glenn_01.01.2003-06.21.2013.csv,Glenn,39.6252,-122.2351,W003,2013-09-18 13:29:54,396252N1222351W003,,8/24/2005,00:00,,,71.600,0.000,71.600,187.260,185.460,115.660,69.800,UNK - Unknown,Unknown,Department of Water Resources,Voluntary,8,24,2005
Glenn_01.01.2003-06.21.2013.csv,Glenn,39.6252,-122.2351,W003,2013-09-18 13:29:54,396252N1222351W003,,9/30/2005,00:00,,,55.700,0.000,55.700,187.260,185.460,131.560,53.900,UNK - Unknown,Unknown,Department of Water Resources,Voluntary,9,30,2005
Glenn_01.01.2003-06.21.2013.csv,Glenn,39.6252,-122.2351,W003,2013-09-18 13:29:54,396252N1222351W003,,10/19/2005,00:00,,,52.600,0.000,52.600,187.260,185.460,134.660,50.800,UNK - Unknown,Unknown,Department of Water Resources,Voluntary,10,19,2005
Glenn_01.01.2003-06.21.2013.csv,Glenn,39.6252,-122.2351,W003,2013-09-18 13:29:54,396252N1222351W003,,3/28/2006,00:00,,,40.700,0.000,40.700,187.260,185.460,146.560,38.900,UNK - Unknown,Unknown,Department of Water Resources,Voluntary,3,28,2006
Glenn_01.01.2003-06.21.2013.csv,Glenn,39.6252,-122.2351,W003,2013-09-18 13:29:54,396252N1222351W003,,5/18/2006,00:00,,,53.900,0.000,53.900,187.260,185.460,133.360,52.100,UNK - Unknown,Unknown,Department of Water Resources,Voluntary,5,18,2006
Glenn_01.01.2003-06.21.2013.csv,Glenn,39.6252,-122.2351,W003,2013-09-18 13:29:54,396252N1222351W003,,8/2/2006,00:00,,,67.600,0.000,67.600,187.260,185.460,119.660,65.800,UNK - Unknown,Unknown,Department of Water Resources,Voluntary,8,2,2006
Glenn_01.01.2003-06.21.2013.csv,Glenn,39.6252,-122.2351,W003,2013-09-18 13:29:54,396252N1222351W003,,10/10/2006,00:00,,,49.900,0.000,49.900,187.260,185.460,137.360,48.100,UNK - Unknown,Unknown,Department of Water Resources,Voluntary,10,10,2006
Glenn_01.01.2003-06.21.2013.csv,Glenn,39.6252,-122.2351,W003,2013-09-18 13:29:54,396252N1222351W003,,3/19/2007,00:00,,,43.680,0.000,43.680,187.260,185.460,143.580,41.880,UNK - Unknown,Unknown,Department of Water Resources,Voluntary,3,19,2007
Glenn_01.01.2003-06.21.2013.csv,Glenn,39.6252,-122.2351,W003,2013-09-18 13:29:54,396252N1222351W003,,8/6/2007,00:00,,,90.100,0.000,90.100,187.260,185.460,97.160,88.300,UNK - Unknown,Unknown,Department of Water Resources,Voluntary,8,6,2007
Glenn_01.01.2003-06.21.2013.csv,Glenn,39.6252,-122.2351,W003,2013-09-18 13:29:54,396252N1222351W003,,10/16/2007,00:00,,,59.220,0.000,59.220,187.260,185.460,128.040,57.420,UNK - Unknown,Unknown,Department of Water Resources,Voluntary,10,16,2007
Glenn_01.01.2003-06.21.2013.csv,Glenn,39.6252,-122.2351,W003,2013-09-18 13:29:54,396252N1222351W003,,1/16/2008,00:00,,,53.330,0.000,53.330,187.260,185.460,133.930,51.530,UNK - Unknown,Unknown,Department of Water Resources,Voluntary,1,16,2008
Glenn_01.01.2003-06.21.2013.csv,Glenn,39.6252,-122.2351,W003,2013-09-18 13:29:54,396252N1222351W003,,3/10/2008,00:00,,,47.300,0.000,47.300,187.260,185.460,139.960,45.500,UNK - Unknown,Unknown,Department of Water Resources,Voluntary,3,10,2008
Glenn_01.01.2003-06.21.2013.csv,Glenn,39.6252,-122.2351,W003,2013-09-18 13:29:54,396252N1222351W003,,8/4/2008,00:00,0 - Measurement Discontinued,,NULL,NULL,NULL,187.260,185.460,NULL,NULL,,,Department of Water Resources,Voluntary,DISCONTINUED; WELL DESTROYED8,4,2008
Glenn_01.01.2003-06.21.2013.csv,Glenn,39.6252,-122.2351,W004,2013-09-18 13:29:54,396252N1222351W004,,2/18/2003,00:00,,,45.700,0.000,45.700,187.460,185.460,141.760,43.700,UNK - Unknown,Unknown,Department of Water Resources,Voluntary,2,18,2003
Glenn_01.01.2003-06.21.2013.csv,Glenn,39.6252,-122.2351,W004,2013-09-18 13:29:54,396252N1222351W004,,3/13/2003,00:00,,,43.500,0.000,43.500,187.460,185.460,143.960,41.500,UNK - Unknown,Unknown,Department of Water Resources,Voluntary,3,13,2003
Glenn_01.01.2003-06.21.2013.csv,Glenn,39.6252,-122.2351,W004,2013-09-18 13:29:54,396252N1222351W004,,4/9/2003,00:00,,,41.900,0.000,41.900,187.460,185.460,145.560,39.900,UNK - Unknown,Unknown,Department of Water Resources,Voluntary,4,9,2003
Glenn_01.01.2003-06.21.2013.csv,Glenn,39.6252,-122.2351,W004,2013-09-18 13:29:54,396252N1222351W004,,5/28/2003,00:00,,,47.300,0.000,47.300,187.460,185.460,140.160,45.300,UNK - Unknown,Unknown,Department of Water Resources,Voluntary,5,28,2003
Glenn_01.01.2003-06.21.2013.csv,Glenn,39.6252,-122.2351,W004,2013-09-18 13:29:54,396252N1222351W004,,6/19/2003,00:00,,,55.200,0.000,55.200,187.460,185.460,132.260,53.200,UNK - Unknown,Unknown,Department of Water Resources,Voluntary,6,19,2003
Glenn_01.01.2003-06.21.2013.csv,Glenn,39.6252,-122.2351,W004,2013-09-18 13:29:54,396252N1222351W004,,7/30/2003,00:00,,,63.600,0.000,63.600,187.460,185.460,123.860,61.600,UNK - Unknown,Unknown,Department of Water Resources,Voluntary,7,30,2003
Glenn_01.01.2003-06.21.2013.csv,Glenn,39.6252,-122.2351,W004,2013-09-18 13:29:54,396252N1222351W004,,9/22/2003,00:00,,,60.900,0.000,60.900,187.460,185.460,126.560,58.900,UNK - Unknown,Unknown,Department of Water Resources,Voluntary,9,22,2003
Glenn_01.01.2003-06.21.2013.csv,Glenn,39.6252,-122.2351,W004,2013-09-18 13:29:54,396252N1222351W004,,10/21/2003,00:00,,,55.900,0.000,55.900,187.460,185.460,131.560,53.900,UNK - Unknown,Unknown,Department of Water Resources,Voluntary,10,21,2003
Glenn_01.01.2003-06.21.2013.csv,Glenn,39.6252,-122.2351,W004,2013-09-18 13:29:54,396252N1222351W004,,11/25/2003,00:00,,,54.000,0.000,54.000,187.460,185.460,133.460,52.000,UNK - Unknown,Unknown,Department of Water Resources,Voluntary,11,25,2003
Glenn_01.01.2003-06.21.2013.csv,Glenn,39.6252,-122.2351,W004,2013-09-18 13:29:54,396252N1222351W004,,12/16/2003,00:00,,,52.000,0.000,52.000,187.460,185.460,135.460,50.000,UNK - Unknown,Unknown,Department of Water Resources,Voluntary,12,16,2003
Glenn_01.01.2003-06.21.2013.csv,Glenn,39.6252,-122.2351,W004,2013-09-18 13:29:54,396252N1222351W004,,4/1/2004,00:00,,,41.400,0.000,41.400,187.460,185.460,146.060,39.400,UNK - Unknown,Unknown,Department of Water Resources,Voluntary,4,1,2004
Glenn_01.01.2003-06.21.2013.csv,Glenn,39.6252,-122.2351,W004,2013-09-18 13:29:54,396252N1222351W004,,4/26/2004,00:00,,,47.200,0.000,47.200,187.460,185.460,140.260,45.200,UNK - Unknown,Unknown,Department of Water Resources,Voluntary,4,26,2004
Glenn_01.01.2003-06.21.2013.csv,Glenn,39.6252,-122.2351,W004,2013-09-18 13:29:54,396252N1222351W004,,5/21/2004,00:00,,,52.200,0.000,52.200,187.460,185.460,135.260,50.200,UNK - Unknown,Unknown,Department of Water Resources,Voluntary,5,21,2004
Glenn_01.01.2003-06.21.2013.csv,Glenn,39.6252,-122.2351,W004,2013-09-18 13:29:54,396252N1222351W004,,2/10/2004,00:00,,,44.900,0.000,44.900,187.460,185.460,142.560,42.900,UNK - Unknown,Unknown,Department of Water Resources,Voluntary,2,10,2004
Glenn_01.01.2003-06.21.2013.csv,Glenn,39.6252,-122.2351,W004,2013-09-18 13:29:54,396252N1222351W004,,7/27/2004,00:00,,,65.300,0.000,65.300,187.460,185.460,122.160,63.300,UNK - Unknown,Unknown,Department of Water Resources,Voluntary,7,27,2004
Glenn_01.01.2003-06.21.2013.csv,Glenn,39.6252,-122.2351,W004,2013-09-18 13:29:54,396252N1222351W004,,6/21/2004,00:00,,,60.900,0.000,60.900,187.460,185.460,126.560,58.900,UNK - Unknown,Unknown,Department of Water Resources,Voluntary,6,21,2004
Glenn_01.01.2003-06.21.2013.csv,Glenn,39.6252,-122.2351,W004,2013-09-18 13:29:54,396252N1222351W004,,8/24/2004,00:00,,,66.800,0.000,66.800,187.460,185.460,120.660,64.800,UNK - Unknown,Unknown,Department of Water Resources,Voluntary,8,24,2004
Glenn_01.01.2003-06.21.2013.csv,Glenn,39.6252,-122.2351,W004,2013-09-18 13:29:54,396252N1222351W004,,9/21/2004,00:00,,,63.400,0.000,63.400,187.460,185.460,124.060,61.400,UNK - Unknown,Unknown,Department of Water Resources,Voluntary,9,21,2004
Glenn_01.01.2003-06.21.2013.csv,Glenn,39.6252,-122.2351,W004,2013-09-18 13:29:54,396252N1222351W004,,10/19/2004,00:00,,,57.900,0.000,57.900,187.460,185.460,129.560,55.900,UNK - Unknown,Unknown,Department of Water Resources,Voluntary,10,19,2004
Glenn_01.01.2003-06.21.2013.csv,Glenn,39.6252,-122.2351,W004,2013-09-18 13:29:54,396252N1222351W004,,11/22/2004,00:00,,,53.000,0.000,53.000,187.460,185.460,134.460,51.000,UNK - Unknown,Unknown,Department of Water Resources,Voluntary,11,22,2004
Glenn_01.01.2003-06.21.2013.csv,Glenn,39.6252,-122.2351,W004,2013-09-18 13:29:54,396252N1222351W004,,3/31/2005,00:00,,,41.600,0.000,41.600,187.460,185.460,145.860,39.600,UNK - Unknown,Unknown,Department of Water Resources,Voluntary,3,31,2005
Glenn_01.01.2003-06.21.2013.csv,Glenn,39.6252,-122.2351,W004,2013-09-18 13:29:54,396252N1222351W004,,4/29/2005,00:00,,,41.200,0.000,41.200,187.460,185.460,146.260,39.200,UNK - Unknown,Unknown,Department of Water Resources,Voluntary,4,29,2005
Glenn_01.01.2003-06.21.2013.csv,Glenn,39.6252,-122.2351,W004,2013-09-18 13:29:54,396252N1222351W004,,5/25/2005,00:00,,,42.900,0.000,42.900,187.460,185.460,144.560,40.900,UNK - Unknown,Unknown,Department of Water Resources,Voluntary,5,25,2005
Glenn_01.01.2003-06.21.2013.csv,Glenn,39.6252,-122.2351,W004,2013-09-18 13:29:54,396252N1222351W004,,6/24/2005,00:00,,,50.600,0.000,50.600,187.460,185.460,136.860,48.600,UNK - Unknown,Unknown,Department of Water Resources,Voluntary,6,24,2005
Glenn_01.01.2003-06.21.2013.csv,Glenn,39.6252,-122.2351,W004,2013-09-18 13:29:54,396252N1222351W004,,7/27/2005,00:00,,,57.200,0.000,57.200,187.460,185.460,130.260,55.200,UNK - Unknown,Unknown,Department of Water Resources,Voluntary,7,27,2005
Glenn_01.01.2003-06.21.2013.csv,Glenn,39.6252,-122.2351,W004,2013-09-18 13:29:54,396252N1222351W004,,8/24/2005,00:00,,,58.600,0.000,58.600,187.460,185.460,128.860,56.600,UNK - Unknown,Unknown,Department of Water Resources,Voluntary,8,24,2005
Glenn_01.01.2003-06.21.2013.csv,Glenn,39.6252,-122.2351,W004,2013-09-18 13:29:54,396252N1222351W004,,9/30/2005,00:00,,,53.500,0.000,53.500,187.460,185.460,133.960,51.500,UNK - Unknown,Unknown,Department of Water Resources,Voluntary,9,30,2005
Glenn_01.01.2003-06.21.2013.csv,Glenn,39.6252,-122.2351,W004,2013-09-18 13:29:54,396252N1222351W004,,10/19/2005,00:00,,,50.900,0.000,50.900,187.460,185.460,136.560,48.900,UNK - Unknown,Unknown,Department of Water Resources,Voluntary,10,19,2005
Glenn_01.01.2003-06.21.2013.csv,Glenn,39.6252,-122.2351,W004,2013-09-18 13:29:54,396252N1222351W004,,3/28/2006,00:00,,,39.000,0.000,39.000,187.460,185.460,148.460,37.000,UNK - Unknown,Unknown,Department of Water Resources,Voluntary,3,28,2006
Glenn_01.01.2003-06.21.2013.csv,Glenn,39.6252,-122.2351,W004,2013-09-18 13:29:54,396252N1222351W004,,5/18/2006,00:00,,,39.900,0.000,39.900,187.460,185.460,147.560,37.900,UNK - Unknown,Unknown,Department of Water Resources,Voluntary,5,18,2006
Glenn_01.01.2003-06.21.2013.csv,Glenn,39.6252,-122.2351,W004,2013-09-18 13:29:54,396252N1222351W004,,8/2/2006,00:00,,,53.100,0.000,53.100,187.460,185.460,134.360,51.100,UNK - Unknown,Unknown,Department of Water Resources,Voluntary,8,2,2006
Glenn_01.01.2003-06.21.2013.csv,Glenn,39.6252,-122.2351,W004,2013-09-18 13:29:54,396252N1222351W004,,10/10/2006,00:00,,,48.800,0.000,48.800,187.460,185.460,138.660,46.800,UNK - Unknown,Unknown,Department of Water Resources,Voluntary,10,10,2006
Glenn_01.01.2003-06.21.2013.csv,Glenn,39.6252,-122.2351,W004,2013-09-18 13:29:54,396252N1222351W004,,3/19/2007,00:00,,,41.060,0.000,41.060,187.460,185.460,146.400,39.060,UNK - Unknown,Unknown,Department of Water Resources,Voluntary,3,19,2007
Glenn_01.01.2003-06.21.2013.csv,Glenn,39.6252,-122.2351,W004,2013-09-18 13:29:54,396252N1222351W004,,1/23/2007,00:00,,,38.870,0.000,38.870,187.460,185.460,148.590,36.870,UNK - Unknown,Unknown,Department of Water Resources,Voluntary,1,23,2007
Glenn_01.01.2003-06.21.2013.csv,Glenn,39.6252,-122.2351,W004,2013-09-18 13:29:54,396252N1222351W004,,8/6/2007,00:00,,,70.300,0.000,70.300,187.460,185.460,117.160,68.300,UNK - Unknown,Unknown,Department of Water Resources,Voluntary,8,6,2007
Glenn_01.01.2003-06.21.2013.csv,Glenn,39.6252,-122.2351,W004,2013-09-18 13:29:54,396252N1222351W004,,10/16/2007,00:00,,,56.540,0.000,56.540,187.460,185.460,130.920,54.540,UNK - Unknown,Unknown,Department of Water Resources,Voluntary,10,16,2007
Glenn_01.01.2003-06.21.2013.csv,Glenn,39.6252,-122.2351,W004,2013-09-18 13:29:54,396252N1222351W004,,1/16/2008,00:00,,,52.380,0.000,52.380,187.460,185.460,135.080,50.380,UNK - Unknown,Unknown,Department of Water Resources,Voluntary,1,16,2008
Glenn_01.01.2003-06.21.2013.csv,Glenn,39.6252,-122.2351,W004,2013-09-18 13:29:54,396252N1222351W004,,3/10/2008,00:00,,,46.800,0.000,46.800,187.460,185.460,140.660,44.800,UNK - Unknown,Unknown,Department of Water Resources,Voluntary,3,10,2008
Glenn_01.01.2003-06.21.2013.csv,Glenn,39.6252,-122.2351,W004,2013-09-18 13:29:54,396252N1222351W004,,8/4/2008,00:00,0 - Measurement Discontinued,,NULL,NULL,NULL,187.460,185.460,NULL,NULL,,,Department of Water Resources,Voluntary,DISCONTINUED; WELL DESTROYED8,4,2008
Glenn_01.01.2003-06.21.2013.csv,Glenn,39.6252,-122.2351,W005,2013-09-18 13:29:54,396252N1222351W005,,2/18/2003,00:00,,,2.400,0.000,2.400,187.060,185.460,184.660,0.800,UNK - Unknown,Unknown,Department of Water Resources,Voluntary,2,18,2003
Glenn_01.01.2003-06.21.2013.csv,Glenn,39.6252,-122.2351,W005,2013-09-18 13:29:54,396252N1222351W005,,3/13/2003,00:00,,,3.900,0.000,3.900,187.060,185.460,183.160,2.300,UNK - Unknown,Unknown,Department of Water Resources,Voluntary,3,13,2003
Glenn_01.01.2003-06.21.2013.csv,Glenn,39.6252,-122.2351,W005,2013-09-18 13:29:54,396252N1222351W005,,4/9/2003,00:00,,,4.400,0.000,4.400,187.060,185.460,182.660,2.800,UNK - Unknown,Unknown,Department of Water Resources,Voluntary,4,9,2003
Glenn_01.01.2003-06.21.2013.csv,Glenn,39.6252,-122.2351,W005,2013-09-18 13:29:54,396252N1222351W005,,5/28/2003,00:00,,,3.800,0.000,3.800,187.060,185.460,183.260,2.200,UNK - Unknown,Unknown,Department of Water Resources,Voluntary,5,28,2003
Glenn_01.01.2003-06.21.2013.csv,Glenn,39.6252,-122.2351,W005,2013-09-18 13:29:54,396252N1222351W005,,6/19/2003,00:00,,,3.100,0.000,3.100,187.060,185.460,183.960,1.500,UNK - Unknown,Unknown,Department of Water Resources,Voluntary,6,19,2003
Glenn_01.01.2003-06.21.2013.csv,Glenn,39.6252,-122.2351,W005,2013-09-18 13:29:54,396252N1222351W005,,7/30/2003,00:00,,,3.400,0.000,3.400,187.060,185.460,183.660,1.800,UNK - Unknown,Unknown,Department of Water Resources,Voluntary,7,30,2003
Glenn_01.01.2003-06.21.2013.csv,Glenn,39.6252,-122.2351,W005,2013-09-18 13:29:54,396252N1222351W005,,9/22/2003,00:00,,,3.900,0.000,3.900,187.060,185.460,183.160,2.300,UNK - Unknown,Unknown,Department of Water Resources,Voluntary,9,22,2003
Glenn_01.01.2003-06.21.2013.csv,Glenn,39.6252,-122.2351,W005,2013-09-18 13:29:54,396252N1222351W005,,10/21/2003,00:00,,,5.700,0.000,5.700,187.060,185.460,181.360,4.100,UNK - Unknown,Unknown,Department of Water Resources,Voluntary,10,21,2003
Glenn_01.01.2003-06.21.2013.csv,Glenn,39.6252,-122.2351,W005,2013-09-18 13:29:54,396252N1222351W005,,11/25/2003,00:00,,,6.900,0.000,6.900,187.060,185.460,180.160,5.300,UNK - Unknown,Unknown,Department of Water Resources,Voluntary,11,25,2003
Glenn_01.01.2003-06.21.2013.csv,Glenn,39.6252,-122.2351,W005,2013-09-18 13:29:54,396252N1222351W005,,12/16/2003,00:00,,,4.300,0.000,4.300,187.060,185.460,182.760,2.700,UNK - Unknown,Unknown,Department of Water Resources,Voluntary,12,16,2003
Glenn_01.01.2003-06.21.2013.csv,Glenn,39.6252,-122.2351,W005,2013-09-18 13:29:54,396252N1222351W005,,4/1/2004,00:00,,,4.100,0.000,4.100,187.060,185.460,182.960,2.500,UNK - Unknown,Unknown,Department of Water Resources,Voluntary,4,1,2004
Glenn_01.01.2003-06.21.2013.csv,Glenn,39.6252,-122.2351,W005,2013-09-18 13:29:54,396252N1222351W005,,4/26/2004,00:00,,,4.400,0.000,4.400,187.060,185.460,182.660,2.800,UNK - Unknown,Unknown,Department of Water Resources,Voluntary,4,26,2004
Glenn_01.01.2003-06.21.2013.csv,Glenn,39.6252,-122.2351,W005,2013-09-18 13:29:54,396252N1222351W005,,5/21/2004,00:00,,,3.700,0.000,3.700,187.060,185.460,183.360,2.100,UNK - Unknown,Unknown,Department of Water Resources,Voluntary,5,21,2004
Glenn_01.01.2003-06.21.2013.csv,Glenn,39.6252,-122.2351,W005,2013-09-18 13:29:54,396252N1222351W005,,2/10/2004,00:00,,,2.700,0.000,2.700,187.060,185.460,184.360,1.100,UNK - Unknown,Unknown,Department of Water Resources,Voluntary,2,10,2004
Glenn_01.01.2003-06.21.2013.csv,Glenn,39.6252,-122.2351,W005,2013-09-18 13:29:54,396252N1222351W005,,7/27/2004,00:00,,,3.400,0.000,3.400,187.060,185.460,183.660,1.800,UNK - Unknown,Unknown,Department of Water Resources,Voluntary,7,27,2004
Glenn_01.01.2003-06.21.2013.csv,Glenn,39.6252,-122.2351,W005,2013-09-18 13:29:54,396252N1222351W005,,6/21/2004,00:00,,,3.700,0.000,3.700,187.060,185.460,183.360,2.100,UNK - Unknown,Unknown,Department of Water Resources,Voluntary,6,21,2004
Glenn_01.01.2003-06.21.2013.csv,Glenn,39.6252,-122.2351,W005,2013-09-18 13:29:54,396252N1222351W005,,8/24/2004,00:00,,,3.400,0.000,3.400,187.060,185.460,183.660,1.800,UNK - Unknown,Unknown,Department of Water Resources,Voluntary,8,24,2004
Glenn_01.01.2003-06.21.2013.csv,Glenn,39.6252,-122.2351,W005,2013-09-18 13:29:54,396252N1222351W005,,9/21/2004,00:00,,,4.300,0.000,4.300,187.060,185.460,182.760,2.700,UNK - Unknown,Unknown,Department of Water Resources,Voluntary,9,21,2004
Glenn_01.01.2003-06.21.2013.csv,Glenn,39.6252,-122.2351,W005,2013-09-18 13:29:54,396252N1222351W005,,10/19/2004,00:00,,,5.200,0.000,5.200,187.060,185.460,181.860,3.600,UNK - Unknown,Unknown,Department of Water Resources,Voluntary,10,19,2004
Glenn_01.01.2003-06.21.2013.csv,Glenn,39.6252,-122.2351,W005,2013-09-18 13:29:54,396252N1222351W005,,11/22/2004,00:00,,,5.600,0.000,5.600,187.060,185.460,181.460,4.000,UNK - Unknown,Unknown,Department of Water Resources,Voluntary,11,22,2004
Glenn_01.01.2003-06.21.2013.csv,Glenn,39.6252,-122.2351,W005,2013-09-18 13:29:54,396252N1222351W005,,3/31/2005,00:00,,,3.500,0.000,3.500,187.060,185.460,183.560,1.900,UNK - Unknown,Unknown,Department of Water Resources,Voluntary,3,31,2005
Glenn_01.01.2003-06.21.2013.csv,Glenn,39.6252,-122.2351,W005,2013-09-18 13:29:54,396252N1222351W005,,4/28/2005,00:00,,,4.900,0.000,4.900,187.060,185.460,182.160,3.300,UNK - Unknown,Unknown,Department of Water Resources,Voluntary,4,28,2005
Glenn_01.01.2003-06.21.2013.csv,Glenn,39.6252,-122.2351,W005,2013-09-18 13:29:54,396252N1222351W005,,5/25/2005,00:00,,,4.700,0.000,4.700,187.060,185.460,182.360,3.100,UNK - Unknown,Unknown,Department of Water Resources,Voluntary,5,25,2005
Glenn_01.01.2003-06.21.2013.csv,Glenn,39.6252,-122.2351,W005,2013-09-18 13:29:54,396252N1222351W005,,6/24/2005,00:00,,,2.900,0.000,2.900,187.060,185.460,184.160,1.300,UNK - Unknown,Unknown,Department of Water Resources,Voluntary,6,24,2005
Glenn_01.01.2003-06.21.2013.csv,Glenn,39.6252,-122.2351,W005,2013-09-18 13:29:54,396252N1222351W005,,7/27/2005,00:00,,,3.200,0.000,3.200,187.060,185.460,183.860,1.600,UNK - Unknown,Unknown,Department of Water Resources,Voluntary,7,27,2005
Glenn_01.01.2003-06.21.2013.csv,Glenn,39.6252,-122.2351,W005,2013-09-18 13:29:54,396252N1222351W005,,8/24/2005,00:00,,,3.600,0.000,3.600,187.060,185.460,183.460,2.000,UNK - Unknown,Unknown,Department of Water Resources,Voluntary,8,24,2005
Glenn_01.01.2003-06.21.2013.csv,Glenn,39.6252,-122.2351,W005,2013-09-18 13:29:54,396252N1222351W005,,9/30/2005,00:00,,,5.200,0.000,5.200,187.060,185.460,181.860,3.600,UNK - Unknown,Unknown,Department of Water Resources,Voluntary,9,30,2005
Glenn_01.01.2003-06.21.2013.csv,Glenn,39.6252,-122.2351,W005,2013-09-18 13:29:54,396252N1222351W005,,10/19/2005,00:00,,,6.500,0.000,6.500,187.060,185.460,180.560,4.900,UNK - Unknown,Unknown,Department of Water Resources,Voluntary,10,19,2005
Glenn_01.01.2003-06.21.2013.csv,Glenn,39.6252,-122.2351,W005,2013-09-18 13:29:54,396252N1222351W005,,3/28/2006,00:00,,,2.500,0.000,2.500,187.060,185.460,184.560,0.900,UNK - Unknown,Unknown,Department of Water Resources,Voluntary,3,28,2006
Glenn_01.01.2003-06.21.2013.csv,Glenn,39.6252,-122.2351,W005,2013-09-18 13:29:54,396252N1222351W005,,5/18/2006,00:00,,,4.700,0.000,4.700,187.060,185.460,182.360,3.100,UNK - Unknown,Unknown,Department of Water Resources,Voluntary,5,18,2006
Glenn_01.01.2003-06.21.2013.csv,Glenn,39.6252,-122.2351,W005,2013-09-18 13:29:54,396252N1222351W005,,8/2/2006,00:00,,,5.100,0.000,5.100,187.060,185.460,181.960,3.500,UNK - Unknown,Unknown,Department of Water Resources,Voluntary,8,2,2006
Glenn_01.01.2003-06.21.2013.csv,Glenn,39.6252,-122.2351,W005,2013-09-18 13:29:54,396252N1222351W005,,10/10/2006,00:00,,,5.800,0.000,5.800,187.060,185.460,181.260,4.200,UNK - Unknown,Unknown,Department of Water Resources,Voluntary,10,10,2006
Glenn_01.01.2003-06.21.2013.csv,Glenn,39.6252,-122.2351,W005,2013-09-18 13:29:54,396252N1222351W005,,3/19/2007,00:00,,,6.840,0.000,6.840,187.060,185.460,180.220,5.240,UNK - Unknown,Unknown,Department of Water Resources,Voluntary,3,19,2007
Glenn_01.01.2003-06.21.2013.csv,Glenn,39.6252,-122.2351,W005,2013-09-18 13:29:54,396252N1222351W005,,8/6/2007,00:00,,,4.090,0.000,4.090,187.060,185.460,182.970,2.490,UNK - Unknown,Unknown,Department of Water Resources,Voluntary,8,6,2007
Glenn_01.01.2003-06.21.2013.csv,Glenn,39.6252,-122.2351,W005,2013-09-18 13:29:54,396252N1222351W005,,1/16/2008,00:00,,,3.540,0.000,3.540,187.060,185.460,183.520,1.940,UNK - Unknown,Unknown,Department of Water Resources,Voluntary,1,16,2008
Glenn_01.01.2003-06.21.2013.csv,Glenn,39.6252,-122.2351,W005,2013-09-18 13:29:54,396252N1222351W005,,3/10/2008,00:00,,,3.900,0.000,3.900,187.060,185.460,183.160,2.300,UNK - Unknown,Unknown,Department of Water Resources,Voluntary,3,10,2008
Glenn_01.01.2003-06.21.2013.csv,Glenn,39.6252,-122.2351,W005,2013-09-18 13:29:54,396252N1222351W005,,8/4/2008,00:00,0 - Measurement Discontinued,,NULL,NULL,NULL,187.060,185.460,NULL,NULL,,,Department of Water Resources,Voluntary,DISCONTINUED; WELL DESTROYED8,4,2008
Glenn_01.01.2003-06.21.2013.csv,Glenn,39.6277,-122.2344,W001,2013-09-18 13:29:54,396277N1222344W001,,10/15/2012,00:00,,,96.000,3.500,92.500,187.860,186.860,95.360,91.500,ST - Steel tape measurement,0.1 Ft,Bureau of Reclamation,Voluntary,10,15,2012
Glenn_01.01.2003-06.21.2013.csv,Glenn,39.6277,-122.2344,W001,2013-09-18 13:29:54,396277N1222344W001,,4/15/2013,00:00,,,100.000,2.400,97.600,187.860,186.860,90.260,96.600,ST - Steel tape measurement,0.1 Ft,Bureau of Reclamation,Voluntary,4,15,2013
Glenn_01.01.2003-06.21.2013.csv,Glenn,39.6299,-122.1007,W001,2013-09-18 13:29:54,396299N1221007W001,21N02W33M001M,10/10/2011,00:00,,,52.990,0.000,52.990,151.601,148.811,98.611,50.200,ES - Electric sounder measurement,0.01 Ft,Department of Water Resources,CASGEM,10,10,2011
Glenn_01.01.2003-06.21.2013.csv,Glenn,39.6299,-122.1007,W001,2013-09-18 13:29:54,396299N1221007W001,21N02W33M001M,3/26/2012,00:00,,,47.680,0.000,47.680,151.601,148.811,103.921,44.890,ES - Electric sounder measurement,0.01 Ft,Department of Water Resources,CASGEM,3,26,2012
Glenn_01.01.2003-06.21.2013.csv,Glenn,39.6299,-122.1007,W001,2013-09-18 13:29:54,396299N1221007W001,21N02W33M001M,7/30/2012,00:00,,,46.080,0.000,46.080,151.601,148.811,105.521,43.290,ES - Electric sounder measurement,0.1 Ft,Department of Water Resources,CASGEM,7,30,2012
Glenn_01.01.2003-06.21.2013.csv,Glenn,39.6299,-122.1007,W001,2013-09-18 13:29:54,396299N1221007W001,21N02W33M001M,10/16/2012,08:08,,,49.000,-0.650,49.650,151.601,148.811,101.951,46.860,ST - Steel tape measurement,0.1 Ft,Department of Water Resources,CASGEM,10,16,2012
Glenn_01.01.2003-06.21.2013.csv,Glenn,39.6299,-122.1007,W001,2013-09-18 13:29:54,396299N1221007W001,21N02W33M001M,3/20/2013,15:36,,,45.000,-0.640,45.640,151.601,148.811,105.961,42.850,ST - Steel tape measurement,0.1 Ft,Department of Water Resources,CASGEM,3,20,2013
Glenn_01.01.2003-06.21.2013.csv,Glenn,39.6299,-122.1007,W001,2013-09-18 13:29:54,396299N1221007W001,21N02W33M001M,2/18/2003,00:00,,,33.000,0.000,33.000,151.601,148.811,118.601,30.210,UNK - Unknown,Unknown,Department of Water Resources,Voluntary,2,18,2003
Glenn_01.01.2003-06.21.2013.csv,Glenn,39.6299,-122.1007,W001,2013-09-18 13:29:54,396299N1221007W001,21N02W33M001M,1/8/2003,00:00,,,34.700,0.000,34.700,151.601,148.811,116.901,31.910,UNK - Unknown,Unknown,Department of Water Resources,Voluntary,1,8,2003
Glenn_01.01.2003-06.21.2013.csv,Glenn,39.6299,-122.1007,W001,2013-09-18 13:29:54,396299N1221007W001,21N02W33M001M,3/13/2003,00:00,,,31.800,0.000,31.800,151.601,148.811,119.801,29.010,UNK - Unknown,Unknown,Department of Water Resources,Voluntary,3,13,2003
Glenn_01.01.2003-06.21.2013.csv,Glenn,39.6299,-122.1007,W001,2013-09-18 13:29:54,396299N1221007W001,21N02W33M001M,4/9/2003,00:00,,,30.600,0.000,30.600,151.601,148.811,121.001,27.810,UNK - Unknown,Unknown,Department of Water Resources,Voluntary,4,9,2003
Glenn_01.01.2003-06.21.2013.csv,Glenn,39.6299,-122.1007,W001,2013-09-18 13:29:54,396299N1221007W001,21N02W33M001M,5/28/2003,00:00,,,28.600,0.000,28.600,151.601,148.811,123.001,25.810,UNK - Unknown,Unknown,Department of Water Resources,Voluntary,5,28,2003
Glenn_01.01.2003-06.21.2013.csv,Glenn,39.6299,-122.1007,W001,2013-09-18 13:29:54,396299N1221007W001,21N02W33M001M,6/19/2003,00:00,,,30.000,0.000,30.000,151.601,148.811,121.601,27.210,UNK - Unknown,Unknown,Department of Water Resources,Voluntary,6,19,2003
Glenn_01.01.2003-06.21.2013.csv,Glenn,39.6299,-122.1007,W001,2013-09-18 13:29:54,396299N1221007W001,21N02W33M001M,7/30/2003,00:00,,,32.000,0.000,32.000,151.601,148.811,119.601,29.210,UNK - Unknown,Unknown,Department of Water Resources,Voluntary,7,30,2003
Glenn_01.01.2003-06.21.2013.csv,Glenn,39.6299,-122.1007,W001,2013-09-18 13:29:54,396299N1221007W001,21N02W33M001M,8/26/2003,00:00,,,33.200,0.000,33.200,151.601,148.811,118.401,30.410,UNK - Unknown,Unknown,Department of Water Resources,Voluntary,8,26,2003
Glenn_01.01.2003-06.21.2013.csv,Glenn,39.6299,-122.1007,W001,2013-09-18 13:29:54,396299N1221007W001,21N02W33M001M,9/22/2003,00:00,,,33.900,0.000,33.900,151.601,148.811,117.701,31.110,UNK - Unknown,Unknown,Department of Water Resources,Voluntary,9,22,2003
Glenn_01.01.2003-06.21.2013.csv,Glenn,39.6299,-122.1007,W001,2013-09-18 13:29:54,396299N1221007W001,21N02W33M001M,10/21/2003,00:00,,,34.500,0.000,34.500,151.601,148.811,117.101,31.710,UNK - Unknown,Unknown,Department of Water Resources,Voluntary,10,21,2003
Glenn_01.01.2003-06.21.2013.csv,Glenn,39.6299,-122.1007,W001,2013-09-18 13:29:54,396299N1221007W001,21N02W33M001M,11/25/2003,00:00,,,34.100,0.000,34.100,151.601,148.811,117.501,31.310,UNK - Unknown,Unknown,Department of Water Resources,Voluntary,11,25,2003
Glenn_01.01.2003-06.21.2013.csv,Glenn,39.6299,-122.1007,W001,2013-09-18 13:29:54,396299N1221007W001,21N02W33M001M,12/9/2003,00:00,,,33.800,0.000,33.800,151.601,148.811,117.801,31.010,UNK - Unknown,Unknown,Department of Water Resources,Voluntary,12,9,2003
Glenn_01.01.2003-06.21.2013.csv,Glenn,39.6299,-122.1007,W001,2013-09-18 13:29:54,396299N1221007W001,21N02W33M001M,4/1/2004,00:00,,,30.000,0.000,30.000,151.601,148.811,121.601,27.210,UNK - Unknown,Unknown,Department of Water Resources,Voluntary,4,1,2004
Glenn_01.01.2003-06.21.2013.csv,Glenn,39.6299,-122.1007,W001,2013-09-18 13:29:54,396299N1221007W001,21N02W33M001M,4/26/2004,00:00,,,29.000,0.000,29.000,151.601,148.811,122.601,26.210,UNK - Unknown,Unknown,Department of Water Resources,Voluntary,4,26,2004
Glenn_01.01.2003-06.21.2013.csv,Glenn,39.6299,-122.1007,W001,2013-09-18 13:29:54,396299N1221007W001,21N02W33M001M,5/21/2004,00:00,,,30.700,0.000,30.700,151.601,148.811,120.901,27.910,UNK - Unknown,Unknown,Department of Water Resources,Voluntary,5,21,2004
Glenn_01.01.2003-06.21.2013.csv,Glenn,39.6299,-122.1007,W001,2013-09-18 13:29:54,396299N1221007W001,21N02W33M001M,2/10/2004,00:00,,,31.800,0.000,31.800,151.601,148.811,119.801,29.010,UNK - Unknown,Unknown,Department of Water Resources,Voluntary,2,10,2004
Glenn_01.01.2003-06.21.2013.csv,Glenn,39.6299,-122.1007,W001,2013-09-18 13:29:54,396299N1221007W001,21N02W33M001M,7/27/2004,00:00,,,32.000,0.000,32.000,151.601,148.811,119.601,29.210,UNK - Unknown,Unknown,Department of Water Resources,Voluntary,7,27,2004
Glenn_01.01.2003-06.21.2013.csv,Glenn,39.6299,-122.1007,W001,2013-09-18 13:29:54,396299N1221007W001,21N02W33M001M,6/21/2004,00:00,,,30.800,0.000,30.800,151.601,148.811,120.801,28.010,UNK - Unknown,Unknown,Department of Water Resources,Voluntary,6,21,2004
Glenn_01.01.2003-06.21.2013.csv,Glenn,39.6299,-122.1007,W001,2013-09-18 13:29:54,396299N1221007W001,21N02W33M001M,8/23/2004,00:00,,,34.400,0.000,34.400,151.601,148.811,117.201,31.610,UNK - Unknown,Unknown,Department of Water Resources,Voluntary,8,23,2004
Glenn_01.01.2003-06.21.2013.csv,Glenn,39.6299,-122.1007,W001,2013-09-18 13:29:54,396299N1221007W001,21N02W33M001M,9/21/2004,00:00,,,34.900,0.000,34.900,151.601,148.811,116.701,32.110,UNK - Unknown,Unknown,Department of Water Resources,Voluntary,9,21,2004
Glenn_01.01.2003-06.21.2013.csv,Glenn,39.6299,-122.1007,W001,2013-09-18 13:29:54,396299N1221007W001,21N02W33M001M,5/18/2004,00:00,,,29.560,0.000,29.560,151.601,148.811,122.041,26.770,UNK - Unknown,Unknown,Department of Water Resources,Voluntary,5,18,2004
Glenn_01.01.2003-06.21.2013.csv,Glenn,39.6299,-122.1007,W001,2013-09-18 13:29:54,396299N1221007W001,21N02W33M001M,6/10/2004,00:00,,,30.470,0.000,30.470,151.601,148.811,121.131,27.680,UNK - Unknown,Unknown,Department of Water Resources,Voluntary,6,10,2004
Glenn_01.01.2003-06.21.2013.csv,Glenn,39.6299,-122.1007,W001,2013-09-18 13:29:54,396299N1221007W001,21N02W33M001M,10/20/2004,00:00,,,35.500,0.000,35.500,151.601,148.811,116.101,32.710,UNK - Unknown,Unknown,Department of Water Resources,Voluntary,10,20,2004
Glenn_01.01.2003-06.21.2013.csv,Glenn,39.6299,-122.1007,W001,2013-09-18 13:29:54,396299N1221007W001,21N02W33M001M,11/22/2004,00:00,,,35.000,0.000,35.000,151.601,148.811,116.601,32.210,UNK - Unknown,Unknown,Department of Water Resources,Voluntary,11,22,2004
Glenn_01.01.2003-06.21.2013.csv,Glenn,39.6299,-122.1007,W001,2013-09-18 13:29:54,396299N1221007W001,21N02W33M001M,3/30/2005,00:00,,,30.500,0.000,30.500,151.601,148.811,121.101,27.710,UNK - Unknown,Unknown,Department of Water Resources,Voluntary,3,30,2005
Glenn_01.01.2003-06.21.2013.csv,Glenn,39.6299,-122.1007,W001,2013-09-18 13:29:54,396299N1221007W001,21N02W33M001M,4/29/2005,00:00,,,29.300,0.000,29.300,151.601,148.811,122.301,26.510,UNK - Unknown,Unknown,Department of Water Resources,Voluntary,4,29,2005
Glenn_01.01.2003-06.21.2013.csv,Glenn,39.6299,-122.1007,W001,2013-09-18 13:29:54,396299N1221007W001,21N02W33M001M,4/13/2005,00:00,,,29.920,0.000,29.920,151.601,148.811,121.681,27.130,UNK - Unknown,Unknown,Department of Water Resources,Voluntary,4,13,2005
Glenn_01.01.2003-06.21.2013.csv,Glenn,39.6299,-122.1007,W001,2013-09-18 13:29:54,396299N1221007W001,21N02W33M001M,5/10/2005,00:00,,,28.780,0.000,28.780,151.601,148.811,122.821,25.990,UNK - Unknown,Unknown,Department of Water Resources,Voluntary,5,10,2005
Glenn_01.01.2003-06.21.2013.csv,Glenn,39.6299,-122.1007,W001,2013-09-18 13:29:54,396299N1221007W001,21N02W33M001M,5/25/2005,00:00,,,28.250,0.000,28.250,151.601,148.811,123.351,25.460,UNK - Unknown,Unknown,Department of Water Resources,Voluntary,5,25,2005
Glenn_01.01.2003-06.21.2013.csv,Glenn,39.6299,-122.1007,W001,2013-09-18 13:29:54,396299N1221007W001,21N02W33M001M,6/15/2005,00:00,,,28.610,0.000,28.610,151.601,148.811,122.991,25.820,UNK - Unknown,Unknown,Department of Water Resources,Voluntary,6,15,2005
Glenn_01.01.2003-06.21.2013.csv,Glenn,39.6299,-122.1007,W001,2013-09-18 13:29:54,396299N1221007W001,21N02W33M001M,6/22/2005,00:00,,,29.100,0.000,29.100,151.601,148.811,122.501,26.310,UNK - Unknown,Unknown,Department of Water Resources,Voluntary,6,22,2005
Glenn_01.01.2003-06.21.2013.csv,Glenn,39.6299,-122.1007,W001,2013-09-18 13:29:54,396299N1221007W001,21N02W33M001M,7/28/2005,00:00,,,32.700,0.000,32.700,151.601,148.811,118.901,29.910,UNK - Unknown,Unknown,Department of Water Resources,Voluntary,7,28,2005
Glenn_01.01.2003-06.21.2013.csv,Glenn,39.6299,-122.1007,W001,2013-09-18 13:29:54,396299N1221007W001,21N02W33M001M,7/21/2005,00:00,,,31.980,0.000,31.980,151.601,148.811,119.621,29.190,UNK - Unknown,Unknown,Department of Water Resources,Voluntary,7,21,2005
Glenn_01.01.2003-06.21.2013.csv,Glenn,39.6299,-122.1007,W001,2013-09-18 13:29:54,396299N1221007W001,21N02W33M001M,8/11/2005,00:00,,,33.960,0.000,33.960,151.601,148.811,117.641,31.170,UNK - Unknown,Unknown,Department of Water Resources,Voluntary,8,11,2005
Glenn_01.01.2003-06.21.2013.csv,Glenn,39.6299,-122.1007,W001,2013-09-18 13:29:54,396299N1221007W001,21N02W33M001M,8/25/2005,00:00,,,35.110,0.000,35.110,151.601,148.811,116.491,32.320,UNK - Unknown,Unknown,Department of Water Resources,Voluntary,8,25,2005
Glenn_01.01.2003-06.21.2013.csv,Glenn,39.6299,-122.1007,W001,2013-09-18 13:29:54,396299N1221007W001,21N02W33M001M,2/3/2005,00:00,,,32.680,0.000,32.680,151.601,148.811,118.921,29.890,UNK - Unknown,Unknown,Department of Water Resources,Voluntary,2,3,2005
Glenn_01.01.2003-06.21.2013.csv,Glenn,39.6299,-122.1007,W001,2013-09-18 13:29:54,396299N1221007W001,21N02W33M001M,9/28/2005,00:00,,,37.080,0.000,37.080,151.601,148.811,114.521,34.290,UNK - Unknown,Unknown,Department of Water Resources,Voluntary,9,28,2005
Glenn_01.01.2003-06.21.2013.csv,Glenn,39.6299,-122.1007,W001,2013-09-18 13:29:54,396299N1221007W001,21N02W33M001M,10/7/2005,00:00,,,37.150,0.000,37.150,151.601,148.811,114.451,34.360,UNK - Unknown,Unknown,Department of Water Resources,Voluntary,10,7,2005
Glenn_01.01.2003-06.21.2013.csv,Glenn,39.6299,-122.1007,W001,2013-09-18 13:29:54,396299N1221007W001,21N02W33M001M,10/19/2005,00:00,,,37.460,0.000,37.460,151.601,148.811,114.141,34.670,UNK - Unknown,Unknown,Department of Water Resources,Voluntary,10,19,2005
Glenn_01.01.2003-06.21.2013.csv,Glenn,39.6299,-122.1007,W001,2013-09-18 13:29:54,396299N1221007W001,21N02W33M001M,11/2/2005,00:00,,,37.500,0.000,37.500,151.601,148.811,114.101,34.710,UNK - Unknown,Unknown,Department of Water Resources,Voluntary,11,2,2005
Glenn_01.01.2003-06.21.2013.csv,Glenn,39.6299,-122.1007,W001,2013-09-18 13:29:54,396299N1221007W001,21N02W33M001M,12/1/2005,00:00,,,36.800,0.000,36.800,151.601,148.811,114.801,34.010,UNK - Unknown,Unknown,Department of Water Resources,Voluntary,12,1,2005
Glenn_01.01.2003-06.21.2013.csv,Glenn,39.6299,-122.1007,W001,2013-09-18 13:29:54,396299N1221007W001,21N02W33M001M,1/12/2006,00:00,,,35.210,0.000,35.210,151.601,148.811,116.391,32.420,UNK - Unknown,Unknown,Department of Water Resources,Voluntary,1,12,2006
Glenn_01.01.2003-06.21.2013.csv,Glenn,39.6299,-122.1007,W001,2013-09-18 13:29:54,396299N1221007W001,21N02W33M001M,2/21/2006,00:00,,,33.570,0.000,33.570,151.601,148.811,118.031,30.780,UNK - Unknown,Unknown,Department of Water Resources,Voluntary,2,21,2006
Glenn_01.01.2003-06.21.2013.csv,Glenn,39.6299,-122.1007,W001,2013-09-18 13:29:54,396299N1221007W001,21N02W33M001M,3/28/2006,00:00,,,31.350,0.000,31.350,151.601,148.811,120.251,28.560,UNK - Unknown,Unknown,Department of Water Resources,Voluntary,3,28,2006
Glenn_01.01.2003-06.21.2013.csv,Glenn,39.6299,-122.1007,W001,2013-09-18 13:29:54,396299N1221007W001,21N02W33M001M,5/10/2006,00:00,,,29.340,0.000,29.340,151.601,148.811,122.261,26.550,UNK - Unknown,Unknown,Department of Water Resources,Voluntary,5,10,2006
Glenn_01.01.2003-06.21.2013.csv,Glenn,39.6299,-122.1007,W001,2013-09-18 13:29:54,396299N1221007W001,21N02W33M001M,5/18/2006,00:00,,,28.900,0.000,28.900,151.601,148.811,122.701,26.110,UNK - Unknown,Unknown,Department of Water Resources,Voluntary,5,18,2006
Glenn_01.01.2003-06.21.2013.csv,Glenn,39.6299,-122.1007,W001,2013-09-18 13:29:54,396299N1221007W001,21N02W33M001M,6/16/2006,00:00,,,29.200,0.000,29.200,151.601,148.811,122.401,26.410,UNK - Unknown,Unknown,Department of Water Resources,Voluntary,6,16,2006
Glenn_01.01.2003-06.21.2013.csv,Glenn,39.6299,-122.1007,W001,2013-09-18 13:29:54,396299N1221007W001,21N02W33M001M,7/31/2006,00:00,,,31.700,0.000,31.700,151.601,148.811,119.901,28.910,UNK - Unknown,Unknown,Department of Water Resources,Voluntary,7,31,2006
Glenn_01.01.2003-06.21.2013.csv,Glenn,39.6299,-122.1007,W001,2013-09-18 13:29:54,396299N1221007W001,21N02W33M001M,9/5/2006,00:00,,,34.770,0.000,34.770,151.601,148.811,116.831,31.980,UNK - Unknown,Unknown,Department of Water Resources,Voluntary,9,5,2006
Glenn_01.01.2003-06.21.2013.csv,Glenn,39.6299,-122.1007,W001,2013-09-18 13:29:54,396299N1221007W001,21N02W33M001M,10/10/2006,00:00,,,35.800,0.000,35.800,151.601,148.811,115.801,33.010,UNK - Unknown,Unknown,Department of Water Resources,Voluntary,10,10,2006
Glenn_01.01.2003-06.21.2013.csv,Glenn,39.6299,-122.1007,W001,2013-09-18 13:29:54,396299N1221007W001,21N02W33M001M,11/21/2006,00:00,,,35.870,0.000,35.870,151.601,148.811,115.731,33.080,UNK - Unknown,Unknown,Department of Water Resources,Voluntary,11,21,2006
Glenn_01.01.2003-06.21.2013.csv,Glenn,39.6299,-122.1007,W001,2013-09-18 13:29:54,396299N1221007W001,21N02W33M001M,1/18/2007,00:00,,,34.200,0.000,34.200,151.601,148.811,117.401,31.410,UNK - Unknown,Unknown,Department of Water Resources,Voluntary,1,18,2007
Glenn_01.01.2003-06.21.2013.csv,Glenn,39.6299,-122.1007,W001,2013-09-18 13:29:54,396299N1221007W001,21N02W33M001M,3/7/2007,00:00,,,32.800,0.000,32.800,151.601,148.811,118.801,30.010,UNK - Unknown,Unknown,Department of Water Resources,Voluntary,3,7,2007
Glenn_01.01.2003-06.21.2013.csv,Glenn,39.6299,-122.1007,W001,2013-09-18 13:29:54,396299N1221007W001,21N02W33M001M,3/19/2007,00:00,,,32.500,0.000,32.500,151.601,148.811,119.101,29.710,UNK - Unknown,Unknown,Department of Water Resources,Voluntary,3,19,2007
Glenn_01.01.2003-06.21.2013.csv,Glenn,39.6299,-122.1007,W001,2013-09-18 13:29:54,396299N1221007W001,21N02W33M001M,4/26/2007,00:00,,,32.700,0.000,32.700,151.601,148.811,118.901,29.910,UNK - Unknown,Unknown,Department of Water Resources,Voluntary,4,26,2007
Glenn_01.01.2003-06.21.2013.csv,Glenn,39.6299,-122.1007,W001,2013-09-18 13:29:54,396299N1221007W001,21N02W33M001M,5/7/2007,00:00,,,32.960,0.000,32.960,151.601,148.811,118.641,30.170,UNK - Unknown,Unknown,Department of Water Resources,Voluntary,5,7,2007
Glenn_01.01.2003-06.21.2013.csv,Glenn,39.6299,-122.1007,W001,2013-09-18 13:29:54,396299N1221007W001,21N02W33M001M,5/3/2007,00:00,,,33.000,0.000,33.000,151.601,148.811,118.601,30.210,UNK - Unknown,Unknown,Department of Water Resources,Voluntary,5,3,2007
Glenn_01.01.2003-06.21.2013.csv,Glenn,39.6299,-122.1007,W001,2013-09-18 13:29:54,396299N1221007W001,21N02W33M001M,5/18/2007,00:00,,,33.600,0.000,33.600,151.601,148.811,118.001,30.810,UNK - Unknown,Unknown,Department of Water Resources,Voluntary,5,18,2007
Glenn_01.01.2003-06.21.2013.csv,Glenn,39.6299,-122.1007,W001,2013-09-18 13:29:54,396299N1221007W001,21N02W33M001M,5/30/2007,00:00,,,35.000,0.000,35.000,151.601,148.811,116.601,32.210,UNK - Unknown,Unknown,Department of Water Resources,Voluntary,5,30,2007
Glenn_01.01.2003-06.21.2013.csv,Glenn,39.6299,-122.1007,W001,2013-09-18 13:29:54,396299N1221007W001,21N02W33M001M,7/18/2007,00:00,,,41.050,0.000,41.050,151.601,148.811,110.551,38.260,UNK - Unknown,Unknown,Department of Water Resources,Voluntary,7,18,2007
Glenn_01.01.2003-06.21.2013.csv,Glenn,39.6299,-122.1007,W001,2013-09-18 13:29:54,396299N1221007W001,21N02W33M001M,8/8/2007,00:00,,,43.540,0.000,43.540,151.601,148.811,108.061,40.750,UNK - Unknown,Unknown,Department of Water Resources,Voluntary,8,8,2007
Glenn_01.01.2003-06.21.2013.csv,Glenn,39.6299,-122.1007,W001,2013-09-18 13:29:54,396299N1221007W001,21N02W33M001M,8/31/2007,00:00,,,44.630,0.000,44.630,151.601,148.811,106.971,41.840,UNK - Unknown,Unknown,Department of Water Resources,Voluntary,8,31,2007
Glenn_01.01.2003-06.21.2013.csv,Glenn,39.6299,-122.1007,W001,2013-09-18 13:29:54,396299N1221007W001,21N02W33M001M,10/1/2007,00:00,,,45.650,0.000,45.650,151.601,148.811,105.951,42.860,UNK - Unknown,Unknown,Department of Water Resources,Voluntary,10,1,2007
Glenn_01.01.2003-06.21.2013.csv,Glenn,39.6299,-122.1007,W001,2013-09-18 13:29:54,396299N1221007W001,21N02W33M001M,10/16/2007,00:00,,,45.590,0.000,45.590,151.601,148.811,106.011,42.800,UNK - Unknown,Unknown,Department of Water Resources,Voluntary,10,16,2007
Glenn_01.01.2003-06.21.2013.csv,Glenn,39.6299,-122.1007,W001,2013-09-18 13:29:54,396299N1221007W001,21N02W33M001M,11/29/2007,00:00,,,44.240,0.000,44.240,151.601,148.811,107.361,41.450,UNK - Unknown,Unknown,Department of Water Resources,Voluntary,11,29,2007
Glenn_01.01.2003-06.21.2013.csv,Glenn,39.6299,-122.1007,W001,2013-09-18 13:29:54,396299N1221007W001,21N02W33M001M,1/15/2008,00:00,,,41.840,0.000,41.840,151.601,148.811,109.761,39.050,UNK - Unknown,Unknown,Department of Water Resources,Voluntary,1,15,2008
Glenn_01.01.2003-06.21.2013.csv,Glenn,39.6299,-122.1007,W001,2013-09-18 13:29:54,396299N1221007W001,21N02W33M001M,3/10/2008,00:00,,,38.960,0.000,38.960,151.601,148.811,112.641,36.170,UNK - Unknown,Unknown,Department of Water Resources,Voluntary,3,10,2008
Glenn_01.01.2003-06.21.2013.csv,Glenn,39.6299,-122.1007,W001,2013-09-18 13:29:54,396299N1221007W001,21N02W33M001M,7/25/2008,00:00,,,44.480,0.000,44.480,151.601,148.811,107.121,41.690,UNK - Unknown,Unknown,Department of Water Resources,Voluntary,7,25,2008
Glenn_01.01.2003-06.21.2013.csv,Glenn,39.6299,-122.1007,W001,2013-09-18 13:29:54,396299N1221007W001,21N02W33M001M,8/4/2008,00:00,,,45.430,0.000,45.430,151.601,148.811,106.171,42.640,UNK - Unknown,Unknown,Department of Water Resources,Voluntary,8,4,2008
Glenn_01.01.2003-06.21.2013.csv,Glenn,39.6299,-122.1007,W001,2013-09-18 13:29:54,396299N1221007W001,21N02W33M001M,8/8/2007,00:00,,,43.430,0.000,43.430,151.601,148.811,108.171,40.640,UNK - Unknown,Unknown,Department of Water Resources,Voluntary,TROLL DATA POINT8,8,2007
Glenn_01.01.2003-06.21.2013.csv,Glenn,39.6299,-122.1007,W001,2013-09-18 13:29:54,396299N1221007W001,21N02W33M001M,10/21/2008,00:00,,,50.770,0.000,50.770,151.601,148.811,100.831,47.980,UNK - Unknown,Unknown,Department of Water Resources,Voluntary,10,21,2008
Glenn_01.01.2003-06.21.2013.csv,Glenn,39.6299,-122.1007,W001,2013-09-18 13:29:54,396299N1221007W001,21N02W33M001M,1/12/2009,00:00,,,47.690,0.000,47.690,151.601,148.811,103.911,44.900,UNK - Unknown,Unknown,Department of Water Resources,Voluntary,1,12,2009
Glenn_01.01.2003-06.21.2013.csv,Glenn,39.6299,-122.1007,W001,2013-09-18 13:29:54,396299N1221007W001,21N02W33M001M,1/23/2009,00:00,,,46.930,0.000,46.930,151.601,148.811,104.671,44.140,UNK - Unknown,Unknown,Department of Water Resources,Voluntary,1,23,2009
Glenn_01.01.2003-06.21.2013.csv,Glenn,39.6299,-122.1007,W001,2013-09-18 13:29:54,396299N1221007W001,21N02W33M001M,3/23/2009,00:00,,,43.710,0.000,43.710,151.601,148.811,107.891,40.920,UNK - Unknown,Unknown,Department of Water Resources,Voluntary,3,23,2009
Glenn_01.01.2003-06.21.2013.csv,Glenn,39.6299,-122.1007,W001,2013-09-18 13:29:54,396299N1221007W001,21N02W33M001M,5/14/2009,00:00,,,41.880,0.000,41.880,151.601,148.811,109.721,39.090,UNK - Unknown,Unknown,Department of Water Resources,Voluntary,5,14,2009
Glenn_01.01.2003-06.21.2013.csv,Glenn,39.6299,-122.1007,W001,2013-09-18 13:29:54,396299N1221007W001,21N02W33M001M,6/22/2009,00:00,,,44.300,0.000,44.300,151.601,148.811,107.301,41.510,UNK - Unknown,Unknown,Department of Water Resources,Voluntary,6,22,2009
Glenn_01.01.2003-06.21.2013.csv,Glenn,39.6299,-122.1007,W001,2013-09-18 13:29:54,396299N1221007W001,21N02W33M001M,8/3/2009,00:00,,,50.560,0.000,50.560,151.601,148.811,101.041,47.770,UNK - Unknown,Unknown,Department of Water Resources,Voluntary,8,3,2009
Glenn_01.01.2003-06.21.2013.csv,Glenn,39.6299,-122.1007,W001,2013-09-18 13:29:54,396299N1221007W001,21N02W33M001M,9/16/2009,00:00,,,53.400,0.000,53.400,151.601,148.811,98.201,50.610,UNK - Unknown,Unknown,Department of Water Resources,Voluntary,9,16,2009
Glenn_01.01.2003-06.21.2013.csv,Glenn,39.6299,-122.1007,W001,2013-09-18 13:29:54,396299N1221007W001,21N02W33M001M,10/22/2009,00:00,,,54.320,0.000,54.320,151.601,148.811,97.281,51.530,UNK - Unknown,Unknown,Department of Water Resources,Voluntary,10,22,2009
Glenn_01.01.2003-06.21.2013.csv,Glenn,39.6299,-122.1007,W001,2013-09-18 13:29:54,396299N1221007W001,21N02W33M001M,2/16/2010,00:00,,,48.970,0.000,48.970,151.601,148.811,102.631,46.180,UNK - Unknown,Unknown,Department of Water Resources,Voluntary,2,16,2010
Glenn_01.01.2003-06.21.2013.csv,Glenn,39.6299,-122.1007,W001,2013-09-18 13:29:54,396299N1221007W001,21N02W33M001M,3/23/2010,00:00,,,46.800,0.000,46.800,151.601,148.811,104.801,44.010,UNK - Unknown,Unknown,Department of Water Resources,Voluntary,3,23,2010
Glenn_01.01.2003-06.21.2013.csv,Glenn,39.6299,-122.1007,W001,2013-09-18 13:29:54,396299N1221007W001,21N02W33M001M,8/2/2010,00:00,,,43.800,0.000,43.800,151.601,148.811,107.801,41.010,UNK - Unknown,Unknown,Department of Water Resources,Voluntary,8,2,2010
Glenn_01.01.2003-06.21.2013.csv,Glenn,39.6299,-122.1007,W001,2013-09-18 13:29:54,396299N1221007W001,21N02W33M001M,10/18/2010,00:00,,,46.330,0.000,46.330,151.601,148.811,105.271,43.540,UNK - Unknown,Unknown,Department of Water Resources,Voluntary,10,18,2010
Glenn_01.01.2003-06.21.2013.csv,Glenn,39.6299,-122.1007,W001,2013-09-18 13:29:54,396299N1221007W001,21N02W33M001M,4/5/2011,00:00,,,43.420,0.000,43.420,151.601,148.811,108.181,40.630,UNK - Unknown,Unknown,Department of Water Resources,Voluntary,4,5,2011
Glenn_01.01.2003-06.21.2013.csv,Glenn,39.6299,-122.1007,W001,2013-09-18 13:29:54,396299N1221007W001,21N02W33M001M,6/10/2011,00:00,,,42.370,0.000,42.370,151.601,148.811,109.231,39.580,UNK - Unknown,Unknown,Department of Water Resources,Voluntary,6,10,2011
Glenn_01.01.2003-06.21.2013.csv,Glenn,39.6299,-122.1007,W001,2013-09-18 13:29:54,396299N1221007W001,21N02W33M001M,8/3/2011,00:00,,,45.840,0.000,45.840,151.601,148.811,105.761,43.050,UNK - Unknown,Unknown,Department of Water Resources,Voluntary,8,3,2011
Glenn_01.01.2003-06.21.2013.csv,Glenn,39.6299,-122.1007,W002,2013-09-18 13:29:54,396299N1221007W002,21N02W33M002M,10/10/2011,00:00,,,39.390,0.000,39.390,151.261,149.571,111.871,37.700,ES - Electric sounder measurement,0.01 Ft,Department of Water Resources,CASGEM,10,10,2011
Glenn_01.01.2003-06.21.2013.csv,Glenn,39.6299,-122.1007,W002,2013-09-18 13:29:54,396299N1221007W002,21N02W33M002M,3/26/2012,00:00,,,34.090,0.000,34.090,151.261,149.571,117.171,32.400,ES - Electric sounder measurement,0.01 Ft,Department of Water Resources,CASGEM,3,26,2012
Glenn_01.01.2003-06.21.2013.csv,Glenn,39.6299,-122.1007,W002,2013-09-18 13:29:54,396299N1221007W002,21N02W33M002M,7/30/2012,00:00,,,38.800,0.000,38.800,151.261,149.571,112.461,37.110,ES - Electric sounder measurement,0.1 Ft,Department of Water Resources,CASGEM,7,30,2012
Glenn_01.01.2003-06.21.2013.csv,Glenn,39.6299,-122.1007,W002,2013-09-18 13:29:54,396299N1221007W002,21N02W33M002M,10/15/2012,08:12,,,43.000,-0.690,43.690,151.261,149.571,107.571,42.000,ST - Steel tape measurement,0.1 Ft,Department of Water Resources,CASGEM,10,15,2012
Glenn_01.01.2003-06.21.2013.csv,Glenn,39.6299,-122.1007,W002,2013-09-18 13:29:54,396299N1221007W002,21N02W33M002M,3/20/2013,15:40,,,34.000,-0.910,34.910,151.261,149.571,116.351,33.220,ST - Steel tape measurement,0.1 Ft,Department of Water Resources,CASGEM,3,20,2013
Glenn_01.01.2003-06.21.2013.csv,Glenn,39.6299,-122.1007,W002,2013-09-18 13:29:54,396299N1221007W002,21N02W33M002M,2/18/2003,00:00,,,25.490,0.000,25.490,151.261,149.571,125.771,23.800,UNK - Unknown,Unknown,Department of Water Resources,Voluntary,2,18,2003
Glenn_01.01.2003-06.21.2013.csv,Glenn,39.6299,-122.1007,W002,2013-09-18 13:29:54,396299N1221007W002,21N02W33M002M,1/8/2003,00:00,,,28.800,0.000,28.800,151.261,149.571,122.461,27.110,UNK - Unknown,Unknown,Department of Water Resources,Voluntary,1,8,2003
Glenn_01.01.2003-06.21.2013.csv,Glenn,39.6299,-122.1007,W002,2013-09-18 13:29:54,396299N1221007W002,21N02W33M002M,3/13/2003,00:00,,,24.000,0.000,24.000,151.261,149.571,127.261,22.310,UNK - Unknown,Unknown,Department of Water Resources,Voluntary,3,13,2003
Glenn_01.01.2003-06.21.2013.csv,Glenn,39.6299,-122.1007,W002,2013-09-18 13:29:54,396299N1221007W002,21N02W33M002M,4/9/2003,00:00,,,22.600,0.000,22.600,151.261,149.571,128.661,20.910,UNK - Unknown,Unknown,Department of Water Resources,Voluntary,4,9,2003
Glenn_01.01.2003-06.21.2013.csv,Glenn,39.6299,-122.1007,W002,2013-09-18 13:29:54,396299N1221007W002,21N02W33M002M,5/28/2003,00:00,,,20.600,0.000,20.600,151.261,149.571,130.661,18.910,UNK - Unknown,Unknown,Department of Water Resources,Voluntary,5,28,2003
Glenn_01.01.2003-06.21.2013.csv,Glenn,39.6299,-122.1007,W002,2013-09-18 13:29:54,396299N1221007W002,21N02W33M002M,6/19/2003,00:00,,,22.700,0.000,22.700,151.261,149.571,128.561,21.010,UNK - Unknown,Unknown,Department of Water Resources,Voluntary,6,19,2003
Glenn_01.01.2003-06.21.2013.csv,Glenn,39.6299,-122.1007,W002,2013-09-18 13:29:54,396299N1221007W002,21N02W33M002M,7/30/2003,00:00,,,26.500,0.000,26.500,151.261,149.571,124.761,24.810,UNK - Unknown,Unknown,Department of Water Resources,Voluntary,7,30,2003
Glenn_01.01.2003-06.21.2013.csv,Glenn,39.6299,-122.1007,W002,2013-09-18 13:29:54,396299N1221007W002,21N02W33M002M,8/26/2003,00:00,,,29.100,0.000,29.100,151.261,149.571,122.161,27.410,UNK - Unknown,Unknown,Department of Water Resources,Voluntary,8,26,2003
Glenn_01.01.2003-06.21.2013.csv,Glenn,39.6299,-122.1007,W002,2013-09-18 13:29:54,396299N1221007W002,21N02W33M002M,9/22/2003,00:00,,,29.700,0.000,29.700,151.261,149.571,121.561,28.010,UNK - Unknown,Unknown,Department of Water Resources,Voluntary,9,22,2003
Glenn_01.01.2003-06.21.2013.csv,Glenn,39.6299,-122.1007,W002,2013-09-18 13:29:54,396299N1221007W002,21N02W33M002M,10/21/2003,00:00,,,30.000,0.000,30.000,151.261,149.571,121.261,28.310,UNK - Unknown,Unknown,Department of Water Resources,Voluntary,10,21,2003
Glenn_01.01.2003-06.21.2013.csv,Glenn,39.6299,-122.1007,W002,2013-09-18 13:29:54,396299N1221007W002,21N02W33M002M,11/25/2003,00:00,,,28.600,0.000,28.600,151.261,149.571,122.661,26.910,UNK - Unknown,Unknown,Department of Water Resources,Voluntary,11,25,2003
Glenn_01.01.2003-06.21.2013.csv,Glenn,39.6299,-122.1007,W002,2013-09-18 13:29:54,396299N1221007W002,21N02W33M002M,12/9/2003,00:00,,,27.900,0.000,27.900,151.261,149.571,123.361,26.210,UNK - Unknown,Unknown,Department of Water Resources,Voluntary,12,9,2003
Glenn_01.01.2003-06.21.2013.csv,Glenn,39.6299,-122.1007,W002,2013-09-18 13:29:54,396299N1221007W002,21N02W33M002M,4/1/2004,00:00,,,21.130,0.000,21.130,151.261,149.571,130.131,19.440,UNK - Unknown,Unknown,Department of Water Resources,Voluntary,4,1,2004
Glenn_01.01.2003-06.21.2013.csv,Glenn,39.6299,-122.1007,W002,2013-09-18 13:29:54,396299N1221007W002,21N02W33M002M,4/26/2004,00:00,,,20.100,0.000,20.100,151.261,149.571,131.161,18.410,UNK - Unknown,Unknown,Department of Water Resources,Voluntary,4,26,2004
Glenn_01.01.2003-06.21.2013.csv,Glenn,39.6299,-122.1007,W002,2013-09-18 13:29:54,396299N1221007W002,21N02W33M002M,5/21/2004,00:00,,,21.400,0.000,21.400,151.261,149.571,129.861,19.710,UNK - Unknown,Unknown,Department of Water Resources,Voluntary,5,21,2004
Glenn_01.01.2003-06.21.2013.csv,Glenn,39.6299,-122.1007,W002,2013-09-18 13:29:54,396299N1221007W002,21N02W33M002M,2/10/2004,00:00,,,24.300,0.000,24.300,151.261,149.571,126.961,22.610,UNK - Unknown,Unknown,Department of Water Resources,Voluntary,2,10,2004
Glenn_01.01.2003-06.21.2013.csv,Glenn,39.6299,-122.1007,W002,2013-09-18 13:29:54,396299N1221007W002,21N02W33M002M,7/27/2004,00:00,,,27.300,0.000,27.300,151.261,149.571,123.961,25.610,UNK - Unknown,Unknown,Department of Water Resources,Voluntary,7,27,2004
Glenn_01.01.2003-06.21.2013.csv,Glenn,39.6299,-122.1007,W002,2013-09-18 13:29:54,396299N1221007W002,21N02W33M002M,6/21/2004,00:00,,,23.800,0.000,23.800,151.261,149.571,127.461,22.110,UNK - Unknown,Unknown,Department of Water Resources,Voluntary,6,21,2004
Glenn_01.01.2003-06.21.2013.csv,Glenn,39.6299,-122.1007,W002,2013-09-18 13:29:54,396299N1221007W002,21N02W33M002M,8/23/2004,00:00,,,29.500,0.000,29.500,151.261,149.571,121.761,27.810,UNK - Unknown,Unknown,Department of Water Resources,Voluntary,8,23,2004
Glenn_01.01.2003-06.21.2013.csv,Glenn,39.6299,-122.1007,W002,2013-09-18 13:29:54,396299N1221007W002,21N02W33M002M,9/21/2004,00:00,,,30.900,0.000,30.900,151.261,149.571,120.361,29.210,UNK - Unknown,Unknown,Department of Water Resources,Voluntary,9,21,2004
Glenn_01.01.2003-06.21.2013.csv,Glenn,39.6299,-122.1007,W002,2013-09-18 13:29:54,396299N1221007W002,21N02W33M002M,5/18/2004,00:00,,,21.800,0.000,21.800,151.261,149.571,129.461,20.110,UNK - Unknown,Unknown,Department of Water Resources,Voluntary,5,18,2004
Glenn_01.01.2003-06.21.2013.csv,Glenn,39.6299,-122.1007,W002,2013-09-18 13:29:54,396299N1221007W002,21N02W33M002M,6/10/2004,00:00,,,22.580,0.000,22.580,151.261,149.571,128.681,20.890,UNK - Unknown,Unknown,Department of Water Resources,Voluntary,6,10,2004
Glenn_01.01.2003-06.21.2013.csv,Glenn,39.6299,-122.1007,W002,2013-09-18 13:29:54,396299N1221007W002,21N02W33M002M,10/20/2004,00:00,,,31.100,0.000,31.100,151.261,149.571,120.161,29.410,UNK - Unknown,Unknown,Department of Water Resources,Voluntary,10,20,2004
Glenn_01.01.2003-06.21.2013.csv,Glenn,39.6299,-122.1007,W002,2013-09-18 13:29:54,396299N1221007W002,21N02W33M002M,11/22/2004,00:00,,,29.200,0.000,29.200,151.261,149.571,122.061,27.510,UNK - Unknown,Unknown,Department of Water Resources,Voluntary,11,22,2004
Glenn_01.01.2003-06.21.2013.csv,Glenn,39.6299,-122.1007,W002,2013-09-18 13:29:54,396299N1221007W002,21N02W33M002M,3/30/2005,00:00,,,22.000,0.000,22.000,151.261,149.571,129.261,20.310,UNK - Unknown,Unknown,Department of Water Resources,Voluntary,3,30,2005
Glenn_01.01.2003-06.21.2013.csv,Glenn,39.6299,-122.1007,W002,2013-09-18 13:29:54,396299N1221007W002,21N02W33M002M,4/29/2005,00:00,,,20.900,0.000,20.900,151.261,149.571,130.361,19.210,UNK - Unknown,Unknown,Department of Water Resources,Voluntary,4,29,2005
Glenn_01.01.2003-06.21.2013.csv,Glenn,39.6299,-122.1007,W002,2013-09-18 13:29:54,396299N1221007W002,21N02W33M002M,4/13/2005,00:00,,,21.340,0.000,21.340,151.261,149.571,129.921,19.650,UNK - Unknown,Unknown,Department of Water Resources,Voluntary,4,13,2005
Glenn_01.01.2003-06.21.2013.csv,Glenn,39.6299,-122.1007,W002,2013-09-18 13:29:54,396299N1221007W002,21N02W33M002M,5/10/2005,00:00,,,20.710,0.000,20.710,151.261,149.571,130.551,19.020,UNK - Unknown,Unknown,Department of Water Resources,Voluntary,5,10,2005
Glenn_01.01.2003-06.21.2013.csv,Glenn,39.6299,-122.1007,W002,2013-09-18 13:29:54,396299N1221007W002,21N02W33M002M,5/25/2005,00:00,,,20.600,0.000,20.600,151.261,149.571,130.661,18.910,UNK - Unknown,Unknown,Department of Water Resources,Voluntary,5,25,2005
Glenn_01.01.2003-06.21.2013.csv,Glenn,39.6299,-122.1007,W002,2013-09-18 13:29:54,396299N1221007W002,21N02W33M002M,6/15/2005,00:00,,,21.300,0.000,21.300,151.261,149.571,129.961,19.610,UNK - Unknown,Unknown,Department of Water Resources,Voluntary,6,15,2005
Glenn_01.01.2003-06.21.2013.csv,Glenn,39.6299,-122.1007,W002,2013-09-18 13:29:54,396299N1221007W002,21N02W33M002M,6/22/2005,00:00,,,21.400,0.000,21.400,151.261,149.571,129.861,19.710,UNK - Unknown,Unknown,Department of Water Resources,Voluntary,6,22,2005
Glenn_01.01.2003-06.21.2013.csv,Glenn,39.6299,-122.1007,W002,2013-09-18 13:29:54,396299N1221007W002,21N02W33M002M,7/28/2005,00:00,,,24.970,0.000,24.970,151.261,149.571,126.291,23.280,UNK - Unknown,Unknown,Department of Water Resources,Voluntary,7,28,2005
Glenn_01.01.2003-06.21.2013.csv,Glenn,39.6299,-122.1007,W002,2013-09-18 13:29:54,396299N1221007W002,21N02W33M002M,7/21/2005,00:00,,,23.610,0.000,23.610,151.261,149.571,127.651,21.920,UNK - Unknown,Unknown,Department of Water Resources,Voluntary,7,21,2005
Glenn_01.01.2003-06.21.2013.csv,Glenn,39.6299,-122.1007,W002,2013-09-18 13:29:54,396299N1221007W002,21N02W33M002M,8/11/2005,00:00,,,26.170,0.000,26.170,151.261,149.571,125.091,24.480,UNK - Unknown,Unknown,Department of Water Resources,Voluntary,8,11,2005
Glenn_01.01.2003-06.21.2013.csv,Glenn,39.6299,-122.1007,W002,2013-09-18 13:29:54,396299N1221007W002,21N02W33M002M,8/25/2005,00:00,,,27.310,0.000,27.310,151.261,149.571,123.951,25.620,UNK - Unknown,Unknown,Department of Water Resources,Voluntary,8,25,2005
Glenn_01.01.2003-06.21.2013.csv,Glenn,39.6299,-122.1007,W002,2013-09-18 13:29:54,396299N1221007W002,21N02W33M002M,2/3/2005,00:00,,,25.180,0.000,25.180,151.261,149.571,126.081,23.490,UNK - Unknown,Unknown,Department of Water Resources,Voluntary,2,3,2005
Glenn_01.01.2003-06.21.2013.csv,Glenn,39.6299,-122.1007,W002,2013-09-18 13:29:54,396299N1221007W002,21N02W33M002M,9/28/2005,00:00,,,29.560,0.000,29.560,151.261,149.571,121.701,27.870,UNK - Unknown,Unknown,Department of Water Resources,Voluntary,9,28,2005
Glenn_01.01.2003-06.21.2013.csv,Glenn,39.6299,-122.1007,W002,2013-09-18 13:29:54,396299N1221007W002,21N02W33M002M,10/7/2005,00:00,,,29.330,0.000,29.330,151.261,149.571,121.931,27.640,UNK - Unknown,Unknown,Department of Water Resources,Voluntary,10,7,2005
Glenn_01.01.2003-06.21.2013.csv,Glenn,39.6299,-122.1007,W002,2013-09-18 13:29:54,396299N1221007W002,21N02W33M002M,10/19/2005,00:00,,,29.250,0.000,29.250,151.261,149.571,122.011,27.560,UNK - Unknown,Unknown,Department of Water Resources,Voluntary,10,19,2005
Glenn_01.01.2003-06.21.2013.csv,Glenn,39.6299,-122.1007,W002,2013-09-18 13:29:54,396299N1221007W002,21N02W33M002M,11/2/2005,00:00,,,28.920,0.000,28.920,151.261,149.571,122.341,27.230,UNK - Unknown,Unknown,Department of Water Resources,Voluntary,11,2,2005
Glenn_01.01.2003-06.21.2013.csv,Glenn,39.6299,-122.1007,W002,2013-09-18 13:29:54,396299N1221007W002,21N02W33M002M,12/1/2005,00:00,,,27.940,0.000,27.940,151.261,149.571,123.321,26.250,UNK - Unknown,Unknown,Department of Water Resources,Voluntary,12,1,2005
Glenn_01.01.2003-06.21.2013.csv,Glenn,39.6299,-122.1007,W002,2013-09-18 13:29:54,396299N1221007W002,21N02W33M002M,1/12/2006,00:00,,,25.680,0.000,25.680,151.261,149.571,125.581,23.990,UNK - Unknown,Unknown,Department of Water Resources,Voluntary,1,12,2006
Glenn_01.01.2003-06.21.2013.csv,Glenn,39.6299,-122.1007,W002,2013-09-18 13:29:54,396299N1221007W002,21N02W33M002M,2/21/2006,00:00,,,23.580,0.000,23.580,151.261,149.571,127.681,21.890,UNK - Unknown,Unknown,Department of Water Resources,Voluntary,2,21,2006
Glenn_01.01.2003-06.21.2013.csv,Glenn,39.6299,-122.1007,W002,2013-09-18 13:29:54,396299N1221007W002,21N02W33M002M,3/28/2006,00:00,,,21.540,0.000,21.540,151.261,149.571,129.721,19.850,UNK - Unknown,Unknown,Department of Water Resources,Voluntary,3,28,2006
Glenn_01.01.2003-06.21.2013.csv,Glenn,39.6299,-122.1007,W002,2013-09-18 13:29:54,396299N1221007W002,21N02W33M002M,5/10/2006,00:00,,,19.180,0.000,19.180,151.261,149.571,132.081,17.490,UNK - Unknown,Unknown,Department of Water Resources,Voluntary,5,10,2006
Glenn_01.01.2003-06.21.2013.csv,Glenn,39.6299,-122.1007,W002,2013-09-18 13:29:54,396299N1221007W002,21N02W33M002M,5/18/2006,00:00,,,18.900,0.000,18.900,151.261,149.571,132.361,17.210,UNK - Unknown,Unknown,Department of Water Resources,Voluntary,5,18,2006
Glenn_01.01.2003-06.21.2013.csv,Glenn,39.6299,-122.1007,W002,2013-09-18 13:29:54,396299N1221007W002,21N02W33M002M,6/16/2006,00:00,,,19.410,0.000,19.410,151.261,149.571,131.851,17.720,UNK - Unknown,Unknown,Department of Water Resources,Voluntary,6,16,2006
Glenn_01.01.2003-06.21.2013.csv,Glenn,39.6299,-122.1007,W002,2013-09-18 13:29:54,396299N1221007W002,21N02W33M002M,7/31/2006,00:00,,,23.800,0.000,23.800,151.261,149.571,127.461,22.110,UNK - Unknown,Unknown,Department of Water Resources,Voluntary,7,31,2006
Glenn_01.01.2003-06.21.2013.csv,Glenn,39.6299,-122.1007,W002,2013-09-18 13:29:54,396299N1221007W002,21N02W33M002M,9/5/2006,00:00,,,26.680,0.000,26.680,151.261,149.571,124.581,24.990,UNK - Unknown,Unknown,Department of Water Resources,Voluntary,9,5,2006
Glenn_01.01.2003-06.21.2013.csv,Glenn,39.6299,-122.1007,W002,2013-09-18 13:29:54,396299N1221007W002,21N02W33M002M,10/10/2006,00:00,,,27.900,0.000,27.900,151.261,149.571,123.361,26.210,UNK - Unknown,Unknown,Department of Water Resources,Voluntary,10,10,2006
Glenn_01.01.2003-06.21.2013.csv,Glenn,39.6299,-122.1007,W002,2013-09-18 13:29:54,396299N1221007W002,21N02W33M002M,11/21/2006,00:00,,,27.120,0.000,27.120,151.261,149.571,124.141,25.430,UNK - Unknown,Unknown,Department of Water Resources,Voluntary,11,21,2006
Glenn_01.01.2003-06.21.2013.csv,Glenn,39.6299,-122.1007,W002,2013-09-18 13:29:54,396299N1221007W002,21N02W33M002M,1/18/2007,00:00,,,24.870,0.000,24.870,151.261,149.571,126.391,23.180,UNK - Unknown,Unknown,Department of Water Resources,Voluntary,1,18,2007
Glenn_01.01.2003-06.21.2013.csv,Glenn,39.6299,-122.1007,W002,2013-09-18 13:29:54,396299N1221007W002,21N02W33M002M,3/7/2007,00:00,,,23.330,0.000,23.330,151.261,149.571,127.931,21.640,UNK - Unknown,Unknown,Department of Water Resources,Voluntary,3,7,2007
Glenn_01.01.2003-06.21.2013.csv,Glenn,39.6299,-122.1007,W002,2013-09-18 13:29:54,396299N1221007W002,21N02W33M002M,3/19/2007,00:00,,,23.110,0.000,23.110,151.261,149.571,128.151,21.420,UNK - Unknown,Unknown,Department of Water Resources,Voluntary,3,19,2007
Glenn_01.01.2003-06.21.2013.csv,Glenn,39.6299,-122.1007,W002,2013-09-18 13:29:54,396299N1221007W002,21N02W33M002M,4/26/2007,00:00,,,23.760,0.000,23.760,151.261,149.571,127.501,22.070,UNK - Unknown,Unknown,Department of Water Resources,Voluntary,4,26,2007
Glenn_01.01.2003-06.21.2013.csv,Glenn,39.6299,-122.1007,W002,2013-09-18 13:29:54,396299N1221007W002,21N02W33M002M,5/7/2007,00:00,,,24.480,0.000,24.480,151.261,149.571,126.781,22.790,UNK - Unknown,Unknown,Department of Water Resources,Voluntary,5,7,2007
Glenn_01.01.2003-06.21.2013.csv,Glenn,39.6299,-122.1007,W002,2013-09-18 13:29:54,396299N1221007W002,21N02W33M002M,5/18/2007,00:00,,,25.200,0.000,25.200,151.261,149.571,126.061,23.510,UNK - Unknown,Unknown,Department of Water Resources,Voluntary,5,18,2007
Glenn_01.01.2003-06.21.2013.csv,Glenn,39.6299,-122.1007,W002,2013-09-18 13:29:54,396299N1221007W002,21N02W33M002M,5/30/2007,00:00,,,26.600,0.000,26.600,151.261,149.571,124.661,24.910,UNK - Unknown,Unknown,Department of Water Resources,Voluntary,5,30,2007
Glenn_01.01.2003-06.21.2013.csv,Glenn,39.6299,-122.1007,W002,2013-09-18 13:29:54,396299N1221007W002,21N02W33M002M,7/18/2007,00:00,,,32.400,0.000,32.400,151.261,149.571,118.861,30.710,UNK - Unknown,Unknown,Department of Water Resources,Voluntary,7,18,2007
Glenn_01.01.2003-06.21.2013.csv,Glenn,39.6299,-122.1007,W002,2013-09-18 13:29:54,396299N1221007W002,21N02W33M002M,8/8/2007,00:00,,,35.110,0.000,35.110,151.261,149.571,116.151,33.420,UNK - Unknown,Unknown,Department of Water Resources,Voluntary,8,8,2007
Glenn_01.01.2003-06.21.2013.csv,Glenn,39.6299,-122.1007,W002,2013-09-18 13:29:54,396299N1221007W002,21N02W33M002M,8/31/2007,00:00,,,36.790,0.000,36.790,151.261,149.571,114.471,35.100,UNK - Unknown,Unknown,Department of Water Resources,Voluntary,8,31,2007
Glenn_01.01.2003-06.21.2013.csv,Glenn,39.6299,-122.1007,W002,2013-09-18 13:29:54,396299N1221007W002,21N02W33M002M,10/1/2007,00:00,,,38.050,0.000,38.050,151.261,149.571,113.211,36.360,UNK - Unknown,Unknown,Department of Water Resources,Voluntary,10,1,2007
Glenn_01.01.2003-06.21.2013.csv,Glenn,39.6299,-122.1007,W002,2013-09-18 13:29:54,396299N1221007W002,21N02W33M002M,10/16/2007,00:00,,,37.510,0.000,37.510,151.261,149.571,113.751,35.820,UNK - Unknown,Unknown,Department of Water Resources,Voluntary,10,16,2007
Glenn_01.01.2003-06.21.2013.csv,Glenn,39.6299,-122.1007,W002,2013-09-18 13:29:54,396299N1221007W002,21N02W33M002M,11/29/2007,00:00,,,35.470,0.000,35.470,151.261,149.571,115.791,33.780,UNK - Unknown,Unknown,Department of Water Resources,Voluntary,11,29,2007
Glenn_01.01.2003-06.21.2013.csv,Glenn,39.6299,-122.1007,W002,2013-09-18 13:29:54,396299N1221007W002,21N02W33M002M,1/15/2008,00:00,,,32.770,0.000,32.770,151.261,149.571,118.491,31.080,UNK - Unknown,Unknown,Department of Water Resources,Voluntary,1,15,2008
Glenn_01.01.2003-06.21.2013.csv,Glenn,39.6299,-122.1007,W002,2013-09-18 13:29:54,396299N1221007W002,21N02W33M002M,3/10/2008,00:00,,,29.480,0.000,29.480,151.261,149.571,121.781,27.790,UNK - Unknown,Unknown,Department of Water Resources,Voluntary,3,10,2008
Glenn_01.01.2003-06.21.2013.csv,Glenn,39.6299,-122.1007,W002,2013-09-18 13:29:54,396299N1221007W002,21N02W33M002M,7/25/2008,00:00,,,37.020,0.000,37.020,151.261,149.571,114.241,35.330,UNK - Unknown,Unknown,Department of Water Resources,Voluntary,7,25,2008
Glenn_01.01.2003-06.21.2013.csv,Glenn,39.6299,-122.1007,W002,2013-09-18 13:29:54,396299N1221007W002,21N02W33M002M,8/4/2008,00:00,,,38.420,0.000,38.420,151.261,149.571,112.841,36.730,UNK - Unknown,Unknown,Department of Water Resources,Voluntary,8,4,2008
Glenn_01.01.2003-06.21.2013.csv,Glenn,39.6299,-122.1007,W002,2013-09-18 13:29:54,396299N1221007W002,21N02W33M002M,8/8/2007,00:00,,,34.950,0.000,34.950,151.261,149.571,116.311,33.260,UNK - Unknown,Unknown,Department of Water Resources,Voluntary,TROLL DATA POINT8,8,2007
Glenn_01.01.2003-06.21.2013.csv,Glenn,39.6299,-122.1007,W002,2013-09-18 13:29:54,396299N1221007W002,21N02W33M002M,10/21/2008,00:00,,,42.610,0.000,42.610,151.261,149.571,108.651,40.920,UNK - Unknown,Unknown,Department of Water Resources,Voluntary,10,21,2008
Glenn_01.01.2003-06.21.2013.csv,Glenn,39.6299,-122.1007,W002,2013-09-18 13:29:54,396299N1221007W002,21N02W33M002M,1/12/2009,00:00,,,38.460,0.000,38.460,151.261,149.571,112.801,36.770,UNK - Unknown,Unknown,Department of Water Resources,Voluntary,1,12,2009
Glenn_01.01.2003-06.21.2013.csv,Glenn,39.6299,-122.1007,W002,2013-09-18 13:29:54,396299N1221007W002,21N02W33M002M,1/23/2009,00:00,,,37.740,0.000,37.740,151.261,149.571,113.521,36.050,UNK - Unknown,Unknown,Department of Water Resources,Voluntary,1,23,2009
Glenn_01.01.2003-06.21.2013.csv,Glenn,39.6299,-122.1007,W002,2013-09-18 13:29:54,396299N1221007W002,21N02W33M002M,3/23/2009,00:00,,,34.330,0.000,34.330,151.261,149.571,116.931,32.640,UNK - Unknown,Unknown,Department of Water Resources,Voluntary,3,23,2009
Glenn_01.01.2003-06.21.2013.csv,Glenn,39.6299,-122.1007,W002,2013-09-18 13:29:54,396299N1221007W002,21N02W33M002M,5/14/2009,00:00,,,34.110,0.000,34.110,151.261,149.571,117.151,32.420,UNK - Unknown,Unknown,Department of Water Resources,Voluntary,5,14,2009
Glenn_01.01.2003-06.21.2013.csv,Glenn,39.6299,-122.1007,W002,2013-09-18 13:29:54,396299N1221007W002,21N02W33M002M,6/22/2009,00:00,,,37.070,0.000,37.070,151.261,149.571,114.191,35.380,UNK - Unknown,Unknown,Department of Water Resources,Voluntary,6,22,2009
Glenn_01.01.2003-06.21.2013.csv,Glenn,39.6299,-122.1007,W002,2013-09-18 13:29:54,396299N1221007W002,21N02W33M002M,8/3/2009,00:00,,,42.910,0.000,42.910,151.261,149.571,108.351,41.220,UNK - Unknown,Unknown,Department of Water Resources,Voluntary,8,3,2009
Glenn_01.01.2003-06.21.2013.csv,Glenn,39.6299,-122.1007,W002,2013-09-18 13:29:54,396299N1221007W002,21N02W33M002M,9/16/2009,00:00,,,47.770,0.000,47.770,151.261,149.571,103.491,46.080,UNK - Unknown,Unknown,Department of Water Resources,Voluntary,9,16,2009
Glenn_01.01.2003-06.21.2013.csv,Glenn,39.6299,-122.1007,W002,2013-09-18 13:29:54,396299N1221007W002,21N02W33M002M,10/22/2009,00:00,,,47.260,0.000,47.260,151.261,149.571,104.001,45.570,UNK - Unknown,Unknown,Department of Water Resources,Voluntary,10,22,2009
Glenn_01.01.2003-06.21.2013.csv,Glenn,39.6299,-122.1007,W002,2013-09-18 13:29:54,396299N1221007W002,21N02W33M002M,2/16/2010,00:00,,,38.450,0.000,38.450,151.261,149.571,112.811,36.760,UNK - Unknown,Unknown,Department of Water Resources,Voluntary,2,16,2010
Glenn_01.01.2003-06.21.2013.csv,Glenn,39.6299,-122.1007,W002,2013-09-18 13:29:54,396299N1221007W002,21N02W33M002M,3/23/2010,00:00,,,35.760,0.000,35.760,151.261,149.571,115.501,34.070,UNK - Unknown,Unknown,Department of Water Resources,Voluntary,3,23,2010
Glenn_01.01.2003-06.21.2013.csv,Glenn,39.6299,-122.1007,W002,2013-09-18 13:29:54,396299N1221007W002,21N02W33M002M,8/2/2010,00:00,,,37.680,0.000,37.680,151.261,149.571,113.581,35.990,UNK - Unknown,Unknown,Department of Water Resources,Voluntary,8,2,2010
Glenn_01.01.2003-06.21.2013.csv,Glenn,39.6299,-122.1007,W002,2013-09-18 13:29:54,396299N1221007W002,21N02W33M002M,10/18/2010,00:00,,,41.180,0.000,41.180,151.261,149.571,110.081,39.490,UNK - Unknown,Unknown,Department of Water Resources,Voluntary,10,18,2010
Glenn_01.01.2003-06.21.2013.csv,Glenn,39.6299,-122.1007,W002,2013-09-18 13:29:54,396299N1221007W002,21N02W33M002M,4/5/2011,00:00,,,31.750,0.000,31.750,151.261,149.571,119.511,30.060,UNK - Unknown,Unknown,Department of Water Resources,Voluntary,4,5,2011
Glenn_01.01.2003-06.21.2013.csv,Glenn,39.6299,-122.1007,W002,2013-09-18 13:29:54,396299N1221007W002,21N02W33M002M,6/10/2011,00:00,,,30.920,0.000,30.920,151.261,149.571,120.341,29.230,UNK - Unknown,Unknown,Department of Water Resources,Voluntary,6,10,2011
Glenn_01.01.2003-06.21.2013.csv,Glenn,39.6299,-122.1007,W002,2013-09-18 13:29:54,396299N1221007W002,21N02W33M002M,8/3/2011,00:00,,,34.570,0.000,34.570,151.261,149.571,116.691,32.880,UNK - Unknown,Unknown,Department of Water Resources,Voluntary,8,3,2011
Glenn_01.01.2003-06.21.2013.csv,Glenn,39.6299,-122.1007,W003,2013-09-18 13:29:54,396299N1221007W003,21N02W33M003M,10/10/2011,00:00,,,24.750,0.000,24.750,151.493,148.903,126.743,22.160,ES - Electric sounder measurement,0.01 Ft,Department of Water Resources,CASGEM,10,10,2011
Glenn_01.01.2003-06.21.2013.csv,Glenn,39.6299,-122.1007,W003,2013-09-18 13:29:54,396299N1221007W003,21N02W33M003M,3/26/2012,00:00,,,22.400,0.000,22.400,151.493,148.903,129.093,19.810,ES - Electric sounder measurement,0.01 Ft,Department of Water Resources,CASGEM,3,26,2012
Glenn_01.01.2003-06.21.2013.csv,Glenn,39.6299,-122.1007,W003,2013-09-18 13:29:54,396299N1221007W003,21N02W33M003M,7/30/2012,00:00,,,33.450,0.000,33.450,151.493,148.903,118.043,30.860,ES - Electric sounder measurement,0.1 Ft,Department of Water Resources,CASGEM,7,30,2012
Glenn_01.01.2003-06.21.2013.csv,Glenn,39.6299,-122.1007,W003,2013-09-18 13:29:54,396299N1221007W003,21N02W33M003M,10/15/2012,08:14,,,30.000,-0.260,30.260,151.493,148.903,121.233,27.670,ST - Steel tape measurement,0.1 Ft,Department of Water Resources,CASGEM,10,15,2012
Glenn_01.01.2003-06.21.2013.csv,Glenn,39.6299,-122.1007,W003,2013-09-18 13:29:54,396299N1221007W003,21N02W33M003M,3/20/2013,15:49,,,25.000,-0.310,25.310,151.493,148.903,126.183,22.720,ST - Steel tape measurement,0.1 Ft,Department of Water Resources,CASGEM,3,20,2013
Glenn_01.01.2003-06.21.2013.csv,Glenn,39.6299,-122.1007,W003,2013-09-18 13:29:54,396299N1221007W003,21N02W33M003M,2/18/2003,00:00,,,13.600,0.000,13.600,151.493,148.903,137.893,11.010,UNK - Unknown,Unknown,Department of Water Resources,Voluntary,2,18,2003
Glenn_01.01.2003-06.21.2013.csv,Glenn,39.6299,-122.1007,W003,2013-09-18 13:29:54,396299N1221007W003,21N02W33M003M,1/8/2003,00:00,,,15.550,0.000,15.550,151.493,148.903,135.943,12.960,UNK - Unknown,Unknown,Department of Water Resources,Voluntary,1,8,2003
Glenn_01.01.2003-06.21.2013.csv,Glenn,39.6299,-122.1007,W003,2013-09-18 13:29:54,396299N1221007W003,21N02W33M003M,3/13/2003,00:00,,,14.000,0.000,14.000,151.493,148.903,137.493,11.410,UNK - Unknown,Unknown,Department of Water Resources,Voluntary,3,13,2003
Glenn_01.01.2003-06.21.2013.csv,Glenn,39.6299,-122.1007,W003,2013-09-18 13:29:54,396299N1221007W003,21N02W33M003M,4/9/2003,00:00,,,13.900,0.000,13.900,151.493,148.903,137.593,11.310,UNK - Unknown,Unknown,Department of Water Resources,Voluntary,4,9,2003
Glenn_01.01.2003-06.21.2013.csv,Glenn,39.6299,-122.1007,W003,2013-09-18 13:29:54,396299N1221007W003,21N02W33M003M,5/28/2003,00:00,,,24.300,0.000,24.300,151.493,148.903,127.193,21.710,UNK - Unknown,Unknown,Department of Water Resources,Voluntary,5,28,2003
Glenn_01.01.2003-06.21.2013.csv,Glenn,39.6299,-122.1007,W003,2013-09-18 13:29:54,396299N1221007W003,21N02W33M003M,6/19/2003,00:00,,,25.100,0.000,25.100,151.493,148.903,126.393,22.510,UNK - Unknown,Unknown,Department of Water Resources,Voluntary,6,19,2003
Glenn_01.01.2003-06.21.2013.csv,Glenn,39.6299,-122.1007,W003,2013-09-18 13:29:54,396299N1221007W003,21N02W33M003M,7/30/2003,00:00,,,33.300,0.000,33.300,151.493,148.903,118.193,30.710,UNK - Unknown,Unknown,Department of Water Resources,Voluntary,7,30,2003
Glenn_01.01.2003-06.21.2013.csv,Glenn,39.6299,-122.1007,W003,2013-09-18 13:29:54,396299N1221007W003,21N02W33M003M,8/26/2003,00:00,,,19.900,0.000,19.900,151.493,148.903,131.593,17.310,UNK - Unknown,Unknown,Department of Water Resources,Voluntary,8,26,2003
Glenn_01.01.2003-06.21.2013.csv,Glenn,39.6299,-122.1007,W003,2013-09-18 13:29:54,396299N1221007W003,21N02W33M003M,9/22/2003,00:00,,,21.500,0.000,21.500,151.493,148.903,129.993,18.910,UNK - Unknown,Unknown,Department of Water Resources,Voluntary,9,22,2003
Glenn_01.01.2003-06.21.2013.csv,Glenn,39.6299,-122.1007,W003,2013-09-18 13:29:54,396299N1221007W003,21N02W33M003M,10/21/2003,00:00,,,20.200,0.000,20.200,151.493,148.903,131.293,17.610,UNK - Unknown,Unknown,Department of Water Resources,Voluntary,10,21,2003
Glenn_01.01.2003-06.21.2013.csv,Glenn,39.6299,-122.1007,W003,2013-09-18 13:29:54,396299N1221007W003,21N02W33M003M,11/25/2003,00:00,,,18.400,0.000,18.400,151.493,148.903,133.093,15.810,UNK - Unknown,Unknown,Department of Water Resources,Voluntary,11,25,2003
Glenn_01.01.2003-06.21.2013.csv,Glenn,39.6299,-122.1007,W003,2013-09-18 13:29:54,396299N1221007W003,21N02W33M003M,12/9/2003,00:00,,,18.100,0.000,18.100,151.493,148.903,133.393,15.510,UNK - Unknown,Unknown,Department of Water Resources,Voluntary,12,9,2003
Glenn_01.01.2003-06.21.2013.csv,Glenn,39.6299,-122.1007,W003,2013-09-18 13:29:54,396299N1221007W003,21N02W33M003M,4/1/2004,00:00,,,12.800,0.000,12.800,151.493,148.903,138.693,10.210,UNK - Unknown,Unknown,Department of Water Resources,Voluntary,4,1,2004
Glenn_01.01.2003-06.21.2013.csv,Glenn,39.6299,-122.1007,W003,2013-09-18 13:29:54,396299N1221007W003,21N02W33M003M,4/26/2004,00:00,,,20.500,0.000,20.500,151.493,148.903,130.993,17.910,UNK - Unknown,Unknown,Department of Water Resources,Voluntary,4,26,2004
Glenn_01.01.2003-06.21.2013.csv,Glenn,39.6299,-122.1007,W003,2013-09-18 13:29:54,396299N1221007W003,21N02W33M003M,5/21/2004,00:00,,,20.900,0.000,20.900,151.493,148.903,130.593,18.310,UNK - Unknown,Unknown,Department of Water Resources,Voluntary,5,21,2004
Glenn_01.01.2003-06.21.2013.csv,Glenn,39.6299,-122.1007,W003,2013-09-18 13:29:54,396299N1221007W003,21N02W33M003M,2/10/2004,00:00,,,13.300,0.000,13.300,151.493,148.903,138.193,10.710,UNK - Unknown,Unknown,Department of Water Resources,Voluntary,2,10,2004
Glenn_01.01.2003-06.21.2013.csv,Glenn,39.6299,-122.1007,W003,2013-09-18 13:29:54,396299N1221007W003,21N02W33M003M,7/27/2004,00:00,,,24.500,0.000,24.500,151.493,148.903,126.993,21.910,UNK - Unknown,Unknown,Department of Water Resources,Voluntary,7,27,2004
Glenn_01.01.2003-06.21.2013.csv,Glenn,39.6299,-122.1007,W003,2013-09-18 13:29:54,396299N1221007W003,21N02W33M003M,6/21/2004,00:00,,,22.200,0.000,22.200,151.493,148.903,129.293,19.610,UNK - Unknown,Unknown,Department of Water Resources,Voluntary,6,21,2004
Glenn_01.01.2003-06.21.2013.csv,Glenn,39.6299,-122.1007,W003,2013-09-18 13:29:54,396299N1221007W003,21N02W33M003M,8/23/2004,00:00,,,24.500,0.000,24.500,151.493,148.903,126.993,21.910,UNK - Unknown,Unknown,Department of Water Resources,Voluntary,8,23,2004
Glenn_01.01.2003-06.21.2013.csv,Glenn,39.6299,-122.1007,W003,2013-09-18 13:29:54,396299N1221007W003,21N02W33M003M,9/21/2004,00:00,,,28.100,0.000,28.100,151.493,148.903,123.393,25.510,UNK - Unknown,Unknown,Department of Water Resources,Voluntary,9,21,2004
Glenn_01.01.2003-06.21.2013.csv,Glenn,39.6299,-122.1007,W003,2013-09-18 13:29:54,396299N1221007W003,21N02W33M003M,5/18/2004,00:00,,,21.120,0.000,21.120,151.493,148.903,130.373,18.530,UNK - Unknown,Unknown,Department of Water Resources,Voluntary,5,18,2004
Glenn_01.01.2003-06.21.2013.csv,Glenn,39.6299,-122.1007,W003,2013-09-18 13:29:54,396299N1221007W003,21N02W33M003M,6/10/2004,00:00,,,23.160,0.000,23.160,151.493,148.903,128.333,20.570,UNK - Unknown,Unknown,Department of Water Resources,Voluntary,6,10,2004
Glenn_01.01.2003-06.21.2013.csv,Glenn,39.6299,-122.1007,W003,2013-09-18 13:29:54,396299N1221007W003,21N02W33M003M,10/20/2004,00:00,,,20.200,0.000,20.200,151.493,148.903,131.293,17.610,UNK - Unknown,Unknown,Department of Water Resources,Voluntary,10,20,2004
Glenn_01.01.2003-06.21.2013.csv,Glenn,39.6299,-122.1007,W003,2013-09-18 13:29:54,396299N1221007W003,21N02W33M003M,11/22/2004,00:00,,,18.200,0.000,18.200,151.493,148.903,133.293,15.610,UNK - Unknown,Unknown,Department of Water Resources,Voluntary,11,22,2004
Glenn_01.01.2003-06.21.2013.csv,Glenn,39.6299,-122.1007,W003,2013-09-18 13:29:54,396299N1221007W003,21N02W33M003M,3/30/2005,00:00,,,11.800,0.000,11.800,151.493,148.903,139.693,9.210,UNK - Unknown,Unknown,Department of Water Resources,Voluntary,3,30,2005
Glenn_01.01.2003-06.21.2013.csv,Glenn,39.6299,-122.1007,W003,2013-09-18 13:29:54,396299N1221007W003,21N02W33M003M,4/29/2005,00:00,,,14.700,0.000,14.700,151.493,148.903,136.793,12.110,UNK - Unknown,Unknown,Department of Water Resources,Voluntary,4,29,2005
Glenn_01.01.2003-06.21.2013.csv,Glenn,39.6299,-122.1007,W003,2013-09-18 13:29:54,396299N1221007W003,21N02W33M003M,4/13/2005,00:00,,,12.100,0.000,12.100,151.493,148.903,139.393,9.510,UNK - Unknown,Unknown,Department of Water Resources,Voluntary,4,13,2005
Glenn_01.01.2003-06.21.2013.csv,Glenn,39.6299,-122.1007,W003,2013-09-18 13:29:54,396299N1221007W003,21N02W33M003M,5/10/2005,00:00,,,14.030,0.000,14.030,151.493,148.903,137.463,11.440,UNK - Unknown,Unknown,Department of Water Resources,Voluntary,5,10,2005
Glenn_01.01.2003-06.21.2013.csv,Glenn,39.6299,-122.1007,W003,2013-09-18 13:29:54,396299N1221007W003,21N02W33M003M,5/25/2005,00:00,,,13.500,0.000,13.500,151.493,148.903,137.993,10.910,UNK - Unknown,Unknown,Department of Water Resources,Voluntary,5,25,2005
Glenn_01.01.2003-06.21.2013.csv,Glenn,39.6299,-122.1007,W003,2013-09-18 13:29:54,396299N1221007W003,21N02W33M003M,6/15/2005,00:00,,,16.230,0.000,16.230,151.493,148.903,135.263,13.640,UNK - Unknown,Unknown,Department of Water Resources,Voluntary,6,15,2005
Glenn_01.01.2003-06.21.2013.csv,Glenn,39.6299,-122.1007,W003,2013-09-18 13:29:54,396299N1221007W003,21N02W33M003M,6/22/2005,00:00,,,23.000,0.000,23.000,151.493,148.903,128.493,20.410,UNK - Unknown,Unknown,Department of Water Resources,Voluntary,6,22,2005
Glenn_01.01.2003-06.21.2013.csv,Glenn,39.6299,-122.1007,W003,2013-09-18 13:29:54,396299N1221007W003,21N02W33M003M,7/28/2005,00:00,,,22.830,0.000,22.830,151.493,148.903,128.663,20.240,UNK - Unknown,Unknown,Department of Water Resources,Voluntary,7,28,2005
Glenn_01.01.2003-06.21.2013.csv,Glenn,39.6299,-122.1007,W003,2013-09-18 13:29:54,396299N1221007W003,21N02W33M003M,7/21/2005,00:00,,,27.500,0.000,27.500,151.493,148.903,123.993,24.910,UNK - Unknown,Unknown,Department of Water Resources,Voluntary,7,21,2005
Glenn_01.01.2003-06.21.2013.csv,Glenn,39.6299,-122.1007,W003,2013-09-18 13:29:54,396299N1221007W003,21N02W33M003M,8/11/2005,00:00,,,21.690,0.000,21.690,151.493,148.903,129.803,19.100,UNK - Unknown,Unknown,Department of Water Resources,Voluntary,8,11,2005
Glenn_01.01.2003-06.21.2013.csv,Glenn,39.6299,-122.1007,W003,2013-09-18 13:29:54,396299N1221007W003,21N02W33M003M,8/25/2005,00:00,,,23.940,0.000,23.940,151.493,148.903,127.553,21.350,UNK - Unknown,Unknown,Department of Water Resources,Voluntary,8,25,2005
Glenn_01.01.2003-06.21.2013.csv,Glenn,39.6299,-122.1007,W003,2013-09-18 13:29:54,396299N1221007W003,21N02W33M003M,2/3/2005,00:00,,,12.320,0.000,12.320,151.493,148.903,139.173,9.730,UNK - Unknown,Unknown,Department of Water Resources,Voluntary,2,3,2005
Glenn_01.01.2003-06.21.2013.csv,Glenn,39.6299,-122.1007,W003,2013-09-18 13:29:54,396299N1221007W003,21N02W33M003M,9/28/2005,00:00,,,19.690,0.000,19.690,151.493,148.903,131.803,17.100,UNK - Unknown,Unknown,Department of Water Resources,Voluntary,9,28,2005
Glenn_01.01.2003-06.21.2013.csv,Glenn,39.6299,-122.1007,W003,2013-09-18 13:29:54,396299N1221007W003,21N02W33M003M,10/7/2005,00:00,,,19.450,0.000,19.450,151.493,148.903,132.043,16.860,UNK - Unknown,Unknown,Department of Water Resources,Voluntary,10,7,2005
Glenn_01.01.2003-06.21.2013.csv,Glenn,39.6299,-122.1007,W003,2013-09-18 13:29:54,396299N1221007W003,21N02W33M003M,10/19/2005,00:00,,,20.000,0.000,20.000,151.493,148.903,131.493,17.410,UNK - Unknown,Unknown,Department of Water Resources,Voluntary,10,19,2005
Glenn_01.01.2003-06.21.2013.csv,Glenn,39.6299,-122.1007,W003,2013-09-18 13:29:54,396299N1221007W003,21N02W33M003M,11/2/2005,00:00,,,19.220,0.000,19.220,151.493,148.903,132.273,16.630,UNK - Unknown,Unknown,Department of Water Resources,Voluntary,11,2,2005
Glenn_01.01.2003-06.21.2013.csv,Glenn,39.6299,-122.1007,W003,2013-09-18 13:29:54,396299N1221007W003,21N02W33M003M,12/1/2005,00:00,,,17.930,0.000,17.930,151.493,148.903,133.563,15.340,UNK - Unknown,Unknown,Department of Water Resources,Voluntary,12,1,2005
Glenn_01.01.2003-06.21.2013.csv,Glenn,39.6299,-122.1007,W003,2013-09-18 13:29:54,396299N1221007W003,21N02W33M003M,1/12/2006,00:00,,,12.960,0.000,12.960,151.493,148.903,138.533,10.370,UNK - Unknown,Unknown,Department of Water Resources,Voluntary,1,12,2006
Glenn_01.01.2003-06.21.2013.csv,Glenn,39.6299,-122.1007,W003,2013-09-18 13:29:54,396299N1221007W003,21N02W33M003M,2/21/2006,00:00,,,15.780,0.000,15.780,151.493,148.903,135.713,13.190,UNK - Unknown,Unknown,Department of Water Resources,Voluntary,2,21,2006
Glenn_01.01.2003-06.21.2013.csv,Glenn,39.6299,-122.1007,W003,2013-09-18 13:29:54,396299N1221007W003,21N02W33M003M,3/28/2006,00:00,,,10.840,0.000,10.840,151.493,148.903,140.653,8.250,UNK - Unknown,Unknown,Department of Water Resources,Voluntary,3,28,2006
Glenn_01.01.2003-06.21.2013.csv,Glenn,39.6299,-122.1007,W003,2013-09-18 13:29:54,396299N1221007W003,21N02W33M003M,5/10/2006,00:00,,,10.860,0.000,10.860,151.493,148.903,140.633,8.270,UNK - Unknown,Unknown,Department of Water Resources,Voluntary,5,10,2006
Glenn_01.01.2003-06.21.2013.csv,Glenn,39.6299,-122.1007,W003,2013-09-18 13:29:54,396299N1221007W003,21N02W33M003M,5/11/2006,00:00,,,13.850,0.000,13.850,151.493,148.903,137.643,11.260,UNK - Unknown,Unknown,Department of Water Resources,Voluntary,5,11,2006
Glenn_01.01.2003-06.21.2013.csv,Glenn,39.6299,-122.1007,W003,2013-09-18 13:29:54,396299N1221007W003,21N02W33M003M,5/18/2006,00:00,,,12.330,0.000,12.330,151.493,148.903,139.163,9.740,UNK - Unknown,Unknown,Department of Water Resources,Voluntary,5,18,2006
Glenn_01.01.2003-06.21.2013.csv,Glenn,39.6299,-122.1007,W003,2013-09-18 13:29:54,396299N1221007W003,21N02W33M003M,6/16/2006,00:00,,,22.960,0.000,22.960,151.493,148.903,128.533,20.370,UNK - Unknown,Unknown,Department of Water Resources,Voluntary,6,16,2006
Glenn_01.01.2003-06.21.2013.csv,Glenn,39.6299,-122.1007,W003,2013-09-18 13:29:54,396299N1221007W003,21N02W33M003M,7/31/2006,00:00,,,19.290,0.000,19.290,151.493,148.903,132.203,16.700,UNK - Unknown,Unknown,Department of Water Resources,Voluntary,7,31,2006
Glenn_01.01.2003-06.21.2013.csv,Glenn,39.6299,-122.1007,W003,2013-09-18 13:29:54,396299N1221007W003,21N02W33M003M,9/5/2006,00:00,,,22.930,0.000,22.930,151.493,148.903,128.563,20.340,UNK - Unknown,Unknown,Department of Water Resources,Voluntary,9,5,2006
Glenn_01.01.2003-06.21.2013.csv,Glenn,39.6299,-122.1007,W003,2013-09-18 13:29:54,396299N1221007W003,21N02W33M003M,10/10/2006,00:00,,,18.500,0.000,18.500,151.493,148.903,132.993,15.910,UNK - Unknown,Unknown,Department of Water Resources,Voluntary,10,10,2006
Glenn_01.01.2003-06.21.2013.csv,Glenn,39.6299,-122.1007,W003,2013-09-18 13:29:54,396299N1221007W003,21N02W33M003M,11/21/2006,00:00,,,17.210,0.000,17.210,151.493,148.903,134.283,14.620,UNK - Unknown,Unknown,Department of Water Resources,Voluntary,11,21,2006
Glenn_01.01.2003-06.21.2013.csv,Glenn,39.6299,-122.1007,W003,2013-09-18 13:29:54,396299N1221007W003,21N02W33M003M,1/18/2007,00:00,,,15.840,0.000,15.840,151.493,148.903,135.653,13.250,UNK - Unknown,Unknown,Department of Water Resources,Voluntary,1,18,2007
Glenn_01.01.2003-06.21.2013.csv,Glenn,39.6299,-122.1007,W003,2013-09-18 13:29:54,396299N1221007W003,21N02W33M003M,3/7/2007,00:00,,,15.460,0.000,15.460,151.493,148.903,136.033,12.870,UNK - Unknown,Unknown,Department of Water Resources,Voluntary,3,7,2007
Glenn_01.01.2003-06.21.2013.csv,Glenn,39.6299,-122.1007,W003,2013-09-18 13:29:54,396299N1221007W003,21N02W33M003M,3/19/2007,00:00,,,18.420,0.000,18.420,151.493,148.903,133.073,15.830,UNK - Unknown,Unknown,Department of Water Resources,Voluntary,3,19,2007
Glenn_01.01.2003-06.21.2013.csv,Glenn,39.6299,-122.1007,W003,2013-09-18 13:29:54,396299N1221007W003,21N02W33M003M,4/26/2007,00:00,,,22.270,0.000,22.270,151.493,148.903,129.223,19.680,UNK - Unknown,Unknown,Department of Water Resources,Voluntary,4,26,2007
Glenn_01.01.2003-06.21.2013.csv,Glenn,39.6299,-122.1007,W003,2013-09-18 13:29:54,396299N1221007W003,21N02W33M003M,5/18/2007,00:00,,,24.500,0.000,24.500,151.493,148.903,126.993,21.910,UNK - Unknown,Unknown,Department of Water Resources,Voluntary,5,18,2007
Glenn_01.01.2003-06.21.2013.csv,Glenn,39.6299,-122.1007,W003,2013-09-18 13:29:54,396299N1221007W003,21N02W33M003M,5/30/2007,00:00,,,25.600,0.000,25.600,151.493,148.903,125.893,23.010,UNK - Unknown,Unknown,Department of Water Resources,Voluntary,5,30,2007
Glenn_01.01.2003-06.21.2013.csv,Glenn,39.6299,-122.1007,W003,2013-09-18 13:29:54,396299N1221007W003,21N02W33M003M,8/7/2007,00:00,,,27.290,0.000,27.290,151.493,148.903,124.203,24.700,UNK - Unknown,Unknown,Department of Water Resources,Voluntary,8,7,2007
Glenn_01.01.2003-06.21.2013.csv,Glenn,39.6299,-122.1007,W003,2013-09-18 13:29:54,396299N1221007W003,21N02W33M003M,7/18/2007,00:00,,,27.070,0.000,27.070,151.493,148.903,124.423,24.480,UNK - Unknown,Unknown,Department of Water Resources,Voluntary,7,18,2007
Glenn_01.01.2003-06.21.2013.csv,Glenn,39.6299,-122.1007,W003,2013-09-18 13:29:54,396299N1221007W003,21N02W33M003M,8/8/2007,00:00,,,27.060,0.000,27.060,151.493,148.903,124.433,24.470,UNK - Unknown,Unknown,Department of Water Resources,Voluntary,8,8,2007
Glenn_01.01.2003-06.21.2013.csv,Glenn,39.6299,-122.1007,W003,2013-09-18 13:29:54,396299N1221007W003,21N02W33M003M,8/31/2007,00:00,,,30.980,0.000,30.980,151.493,148.903,120.513,28.390,UNK - Unknown,Unknown,Department of Water Resources,Voluntary,8,31,2007
Glenn_01.01.2003-06.21.2013.csv,Glenn,39.6299,-122.1007,W003,2013-09-18 13:29:54,396299N1221007W003,21N02W33M003M,10/1/2007,00:00,,,25.210,0.000,25.210,151.493,148.903,126.283,22.620,UNK - Unknown,Unknown,Department of Water Resources,Voluntary,10,1,2007
Glenn_01.01.2003-06.21.2013.csv,Glenn,39.6299,-122.1007,W003,2013-09-18 13:29:54,396299N1221007W003,21N02W33M003M,10/16/2007,00:00,,,24.380,0.000,24.380,151.493,148.903,127.113,21.790,UNK - Unknown,Unknown,Department of Water Resources,Voluntary,10,16,2007
Glenn_01.01.2003-06.21.2013.csv,Glenn,39.6299,-122.1007,W003,2013-09-18 13:29:54,396299N1221007W003,21N02W33M003M,11/29/2007,00:00,,,23.280,0.000,23.280,151.493,148.903,128.213,20.690,UNK - Unknown,Unknown,Department of Water Resources,Voluntary,11,29,2007
Glenn_01.01.2003-06.21.2013.csv,Glenn,39.6299,-122.1007,W003,2013-09-18 13:29:54,396299N1221007W003,21N02W33M003M,1/15/2008,00:00,,,20.890,0.000,20.890,151.493,148.903,130.603,18.300,UNK - Unknown,Unknown,Department of Water Resources,Voluntary,1,15,2008
Glenn_01.01.2003-06.21.2013.csv,Glenn,39.6299,-122.1007,W003,2013-09-18 13:29:54,396299N1221007W003,21N02W33M003M,3/10/2008,00:00,,,17.960,0.000,17.960,151.493,148.903,133.533,15.370,UNK - Unknown,Unknown,Department of Water Resources,Voluntary,3,10,2008
Glenn_01.01.2003-06.21.2013.csv,Glenn,39.6299,-122.1007,W003,2013-09-18 13:29:54,396299N1221007W003,21N02W33M003M,7/25/2008,00:00,,,34.040,0.000,34.040,151.493,148.903,117.453,31.450,UNK - Unknown,Unknown,Department of Water Resources,Voluntary,7,25,2008
Glenn_01.01.2003-06.21.2013.csv,Glenn,39.6299,-122.1007,W003,2013-09-18 13:29:54,396299N1221007W003,21N02W33M003M,8/4/2008,00:00,,,29.690,0.000,29.690,151.493,148.903,121.803,27.100,UNK - Unknown,Unknown,Department of Water Resources,Voluntary,8,4,2008
Glenn_01.01.2003-06.21.2013.csv,Glenn,39.6299,-122.1007,W003,2013-09-18 13:29:54,396299N1221007W003,21N02W33M003M,8/8/2007,00:00,,,26.770,0.000,26.770,151.493,148.903,124.723,24.180,UNK - Unknown,Unknown,Department of Water Resources,Voluntary,TROLL DATA POINT8,8,2007
Glenn_01.01.2003-06.21.2013.csv,Glenn,39.6299,-122.1007,W003,2013-09-18 13:29:54,396299N1221007W003,21N02W33M003M,10/21/2008,00:00,,,28.660,0.000,28.660,151.493,148.903,122.833,26.070,UNK - Unknown,Unknown,Department of Water Resources,Voluntary,10,21,2008
Glenn_01.01.2003-06.21.2013.csv,Glenn,39.6299,-122.1007,W003,2013-09-18 13:29:54,396299N1221007W003,21N02W33M003M,1/12/2009,00:00,,,25.850,0.000,25.850,151.493,148.903,125.643,23.260,UNK - Unknown,Unknown,Department of Water Resources,Voluntary,1,12,2009
Glenn_01.01.2003-06.21.2013.csv,Glenn,39.6299,-122.1007,W003,2013-09-18 13:29:54,396299N1221007W003,21N02W33M003M,1/23/2009,00:00,,,26.130,0.000,26.130,151.493,148.903,125.363,23.540,UNK - Unknown,Unknown,Department of Water Resources,Voluntary,1,23,2009
Glenn_01.01.2003-06.21.2013.csv,Glenn,39.6299,-122.1007,W003,2013-09-18 13:29:54,396299N1221007W003,21N02W33M003M,3/23/2009,00:00,,,22.200,0.000,22.200,151.493,148.903,129.293,19.610,UNK - Unknown,Unknown,Department of Water Resources,Voluntary,3,23,2009
Glenn_01.01.2003-06.21.2013.csv,Glenn,39.6299,-122.1007,W003,2013-09-18 13:29:54,396299N1221007W003,21N02W33M003M,5/14/2009,00:00,,,32.040,0.000,32.040,151.493,148.903,119.453,29.450,UNK - Unknown,Unknown,Department of Water Resources,Voluntary,5,14,2009
Glenn_01.01.2003-06.21.2013.csv,Glenn,39.6299,-122.1007,W003,2013-09-18 13:29:54,396299N1221007W003,21N02W33M003M,6/22/2009,00:00,,,31.920,0.000,31.920,151.493,148.903,119.573,29.330,UNK - Unknown,Unknown,Department of Water Resources,Voluntary,6,22,2009
Glenn_01.01.2003-06.21.2013.csv,Glenn,39.6299,-122.1007,W003,2013-09-18 13:29:54,396299N1221007W003,21N02W33M003M,8/3/2009,00:00,,,36.990,0.000,36.990,151.493,148.903,114.503,34.400,UNK - Unknown,Unknown,Department of Water Resources,Voluntary,8,3,2009
Glenn_01.01.2003-06.21.2013.csv,Glenn,39.6299,-122.1007,W003,2013-09-18 13:29:54,396299N1221007W003,21N02W33M003M,9/16/2009,00:00,,,34.280,0.000,34.280,151.493,148.903,117.213,31.690,UNK - Unknown,Unknown,Department of Water Resources,Voluntary,9,16,2009
Glenn_01.01.2003-06.21.2013.csv,Glenn,39.6299,-122.1007,W003,2013-09-18 13:29:54,396299N1221007W003,21N02W33M003M,10/22/2009,00:00,,,30.620,0.000,30.620,151.493,148.903,120.873,28.030,UNK - Unknown,Unknown,Department of Water Resources,Voluntary,10,22,2009
Glenn_01.01.2003-06.21.2013.csv,Glenn,39.6299,-122.1007,W003,2013-09-18 13:29:54,396299N1221007W003,21N02W33M003M,2/16/2010,00:00,,,21.750,0.000,21.750,151.493,148.903,129.743,19.160,UNK - Unknown,Unknown,Department of Water Resources,Voluntary,2,16,2010
Glenn_01.01.2003-06.21.2013.csv,Glenn,39.6299,-122.1007,W003,2013-09-18 13:29:54,396299N1221007W003,21N02W33M003M,3/23/2010,00:00,,,21.910,0.000,21.910,151.493,148.903,129.583,19.320,UNK - Unknown,Unknown,Department of Water Resources,Voluntary,3,23,2010
Glenn_01.01.2003-06.21.2013.csv,Glenn,39.6299,-122.1007,W003,2013-09-18 13:29:54,396299N1221007W003,21N02W33M003M,8/2/2010,00:00,,,29.390,0.000,29.390,151.493,148.903,122.103,26.800,UNK - Unknown,Unknown,Department of Water Resources,Voluntary,8,2,2010
Glenn_01.01.2003-06.21.2013.csv,Glenn,39.6299,-122.1007,W003,2013-09-18 13:29:54,396299N1221007W003,21N02W33M003M,10/18/2010,00:00,,,28.030,0.000,28.030,151.493,148.903,123.463,25.440,UNK - Unknown,Unknown,Department of Water Resources,Voluntary,10,18,2010
Glenn_01.01.2003-06.21.2013.csv,Glenn,39.6299,-122.1007,W003,2013-09-18 13:29:54,396299N1221007W003,21N02W33M003M,4/5/2011,00:00,,,19.390,0.000,19.390,151.493,148.903,132.103,16.800,UNK - Unknown,Unknown,Department of Water Resources,Voluntary,4,5,2011
Glenn_01.01.2003-06.21.2013.csv,Glenn,39.6299,-122.1007,W003,2013-09-18 13:29:54,396299N1221007W003,21N02W33M003M,6/10/2011,00:00,,,20.330,0.000,20.330,151.493,148.903,131.163,17.740,UNK - Unknown,Unknown,Department of Water Resources,Voluntary,6,10,2011
Glenn_01.01.2003-06.21.2013.csv,Glenn,39.6299,-122.1007,W003,2013-09-18 13:29:54,396299N1221007W003,21N02W33M003M,8/3/2011,00:00,,,27.040,0.000,27.040,151.493,148.903,124.453,24.450,UNK - Unknown,Unknown,Department of Water Resources,Voluntary,8,3,2011
Glenn_01.01.2003-06.21.2013.csv,Glenn,39.631,-122.1411,W001,2013-09-18 13:29:54,396310N1221411W001,21N02W31M001M,10/11/2011,00:00,,,41.810,0.000,41.810,164.530,163.430,122.720,40.710,ES - Electric sounder measurement,0.01 Ft,Department of Water Resources,Voluntary,10,11,2011
Glenn_01.01.2003-06.21.2013.csv,Glenn,39.631,-122.1411,W001,2013-09-18 13:29:54,396310N1221411W001,21N02W31M001M,3/28/2012,00:00,,,34.610,0.000,34.610,164.530,163.430,129.920,33.510,ES - Electric sounder measurement,0.01 Ft,Department of Water Resources,Voluntary,3,28,2012
Glenn_01.01.2003-06.21.2013.csv,Glenn,39.631,-122.1411,W001,2013-09-18 13:29:54,396310N1221411W001,21N02W31M001M,8/2/2012,00:00,,,49.710,0.000,49.710,164.530,163.430,114.820,48.610,ES - Electric sounder measurement,0.01 Ft,Department of Water Resources,Voluntary,8,2,2012
Glenn_01.01.2003-06.21.2013.csv,Glenn,39.631,-122.1411,W001,2013-09-18 13:29:54,396310N1221411W001,21N02W31M001M,10/17/2012,00:00,,,46.260,0.000,46.260,164.530,163.430,118.270,45.160,ES - Electric sounder measurement,0.01 Ft,Department of Water Resources,Voluntary,10,17,2012
Glenn_01.01.2003-06.21.2013.csv,Glenn,39.631,-122.1411,W001,2013-09-18 13:29:54,396310N1221411W001,21N02W31M001M,3/21/2013,00:00,,,46.000,5.400,40.600,164.530,163.430,123.930,39.500,ST - Steel tape measurement,0.1 Ft,Department of Water Resources,Voluntary,3,21,2013
Glenn_01.01.2003-06.21.2013.csv,Glenn,39.6332,-122.2356,W001,2013-09-18 13:29:54,396332N1222356W001,21N03W31H001M,10/11/2011,00:00,,,85.370,0.000,85.370,189.940,189.460,104.570,84.890,ES - Electric sounder measurement,0.01 Ft,Department of Water Resources,Voluntary,10,11,2011
Glenn_01.01.2003-06.21.2013.csv,Glenn,39.6332,-122.2356,W001,2013-09-18 13:29:54,396332N1222356W001,21N03W31H001M,3/27/2012,00:00,,,74.400,0.000,74.400,189.940,189.460,115.540,73.920,ES - Electric sounder measurement,0.01 Ft,Department of Water Resources,Voluntary,3,27,2012
Glenn_01.01.2003-06.21.2013.csv,Glenn,39.6332,-122.2356,W001,2013-09-18 13:29:54,396332N1222356W001,21N03W31H001M,7/31/2012,00:00,,,100.210,0.000,100.210,189.940,189.460,89.730,99.730,ES - Electric sounder measurement,0.01 Ft,Department of Water Resources,Voluntary,7,31,2012
Glenn_01.01.2003-06.21.2013.csv,Glenn,39.6332,-122.2356,W001,2013-09-18 13:29:54,396332N1222356W001,21N03W31H001M,10/16/2012,00:00,,,93.120,0.000,93.120,189.940,189.460,96.820,92.640,ES - Electric sounder measurement,0.01 Ft,Department of Water Resources,Voluntary,10,16,2012
Glenn_01.01.2003-06.21.2013.csv,Glenn,39.6332,-122.2356,W001,2013-09-18 13:29:54,396332N1222356W001,21N03W31H001M,3/21/2013,00:00,,,82.300,0.000,82.300,189.940,189.460,107.640,81.820,ES - Electric sounder measurement,0.01 Ft,Department of Water Resources,Voluntary,3,21,2013
Glenn_01.01.2003-06.21.2013.csv,Glenn,39.6352,-122.033,W001,2013-09-18 13:29:54,396352N1220330W001,21N02W36A001M,10/11/2011,00:00,,,28.470,0.000,28.470,137.090,135.390,108.620,26.770,ES - Electric sounder measurement,0.01 Ft,Department of Water Resources,Voluntary,10,11,2011
Glenn_01.01.2003-06.21.2013.csv,Glenn,39.6352,-122.033,W001,2013-09-18 13:29:54,396352N1220330W001,21N02W36A001M,10/11/2011,00:00,,,28.470,0.000,28.470,137.090,135.390,108.620,26.770,ES - Electric sounder measurement,0.01 Ft,Department of Water Resources,Voluntary,10,11,2011
Glenn_01.01.2003-06.21.2013.csv,Glenn,39.6352,-122.033,W001,2013-09-18 13:29:54,396352N1220330W001,21N02W36A001M,3/29/2012,00:00,,,27.600,0.000,27.600,137.090,135.390,109.490,25.900,ES - Electric sounder measurement,0.01 Ft,Department of Water Resources,Voluntary,3,29,2012
Glenn_01.01.2003-06.21.2013.csv,Glenn,39.6352,-122.033,W001,2013-09-18 13:29:54,396352N1220330W001,21N02W36A001M,7/31/2012,00:00,,,36.100,0.000,36.100,137.090,135.390,100.990,34.400,ES - Electric sounder measurement,0.01 Ft,Department of Water Resources,Voluntary,7,31,2012
Glenn_01.01.2003-06.21.2013.csv,Glenn,39.6352,-122.033,W001,2013-09-18 13:29:54,396352N1220330W001,21N02W36A001M,10/18/2012,00:00,,,32.370,0.000,32.370,137.090,135.390,104.720,30.670,ES - Electric sounder measurement,0.01 Ft,Department of Water Resources,Voluntary,10,18,2012
Glenn_01.01.2003-06.21.2013.csv,Glenn,39.6352,-122.033,W001,2013-09-18 13:29:54,396352N1220330W001,21N02W36A001M,3/18/2013,00:00,,,31.560,0.000,31.560,137.090,135.390,105.530,29.860,ES - Electric sounder measurement,0.01 Ft,Department of Water Resources,Voluntary,3,18,2013
Glenn_01.01.2003-06.21.2013.csv,Glenn,39.6352,-122.033,W001,2013-09-18 13:29:54,396352N1220330W001,21N02W36A001M,5/24/2013,00:00,,,38.300,0.000,38.300,137.090,135.390,98.790,36.600,ES - Electric sounder measurement,0.1 Ft,Department of Water Resources,Voluntary,5,24,2013
Glenn_01.01.2003-06.21.2013.csv,Glenn,39.6355,-122.0331,W001,2013-09-18 13:29:54,396355N1220331W001,21N02W36A002M,10/11/2011,00:00,,,24.950,0.000,24.950,137.490,135.390,112.540,22.850,ES - Electric sounder measurement,0.01 Ft,Department of Water Resources,CASGEM,10,11,2011
Glenn_01.01.2003-06.21.2013.csv,Glenn,39.6355,-122.0331,W001,2013-09-18 13:29:54,396355N1220331W001,21N02W36A002M,10/11/2011,00:00,,,24.950,0.000,24.950,137.490,135.390,112.540,22.850,ES - Electric sounder measurement,0.01 Ft,Department of Water Resources,CASGEM,10,11,2011
Glenn_01.01.2003-06.21.2013.csv,Glenn,39.6355,-122.0331,W001,2013-09-18 13:29:54,396355N1220331W001,21N02W36A002M,3/29/2012,00:00,,,24.500,0.000,24.500,137.490,135.390,112.990,22.400,ES - Electric sounder measurement,0.01 Ft,Department of Water Resources,CASGEM,3,29,2012
Glenn_01.01.2003-06.21.2013.csv,Glenn,39.6355,-122.0331,W001,2013-09-18 13:29:54,396355N1220331W001,21N02W36A002M,7/31/2012,00:00,,,29.670,0.000,29.670,137.490,135.390,107.820,27.570,ES - Electric sounder measurement,0.01 Ft,Department of Water Resources,CASGEM,7,31,2012
Glenn_01.01.2003-06.21.2013.csv,Glenn,39.6355,-122.0331,W001,2013-09-18 13:29:54,396355N1220331W001,21N02W36A002M,10/16/2012,00:00,,,27.830,0.000,27.830,137.490,135.390,109.660,25.730,ES - Electric sounder measurement,0.01 Ft,Department of Water Resources,CASGEM,10,16,2012
Glenn_01.01.2003-06.21.2013.csv,Glenn,39.6355,-122.0331,W001,2013-09-18 13:29:54,396355N1220331W001,21N02W36A002M,3/18/2013,00:00,,,27.290,0.000,27.290,137.490,135.390,110.200,25.190,ES - Electric sounder measurement,0.01 Ft,Department of Water Resources,CASGEM,3,18,2013
Glenn_01.01.2003-06.21.2013.csv,Glenn,39.6355,-122.0331,W001,2013-09-18 13:29:54,396355N1220331W001,21N02W36A002M,5/23/2013,00:00,,,29.400,0.000,29.400,137.490,135.390,108.090,27.300,ES - Electric sounder measurement,0.1 Ft,Department of Water Resources,Voluntary,5,23,2013
Glenn_01.01.2003-06.21.2013.csv,Glenn,39.6387,-122.2011,W001,2013-09-18 13:29:54,396387N1222011W001,21N03W33A004M,3/28/2012,11:00,,,55.550,0.000,55.550,176.450,176.450,120.900,55.550,ES - Electric sounder measurement,0.01 Ft,"County of Glenn, Department of Agriculture",Voluntary,3,28,2012
Glenn_01.01.2003-06.21.2013.csv,Glenn,39.6387,-122.2011,W001,2013-09-18 13:29:54,396387N1222011W001,21N03W33A004M,10/15/2012,00:00,,4 - Pumped recently,79.320,0.000,79.320,176.450,176.450,97.130,79.320,ES - Electric sounder measurement,0.01 Ft,"County of Glenn, Department of Agriculture",Voluntary,10,15,2012
Glenn_01.01.2003-06.21.2013.csv,Glenn,39.6387,-122.2011,W001,2013-09-18 13:29:54,396387N1222011W001,21N03W33A004M,3/20/2013,00:00,,,68.360,0.000,68.360,176.450,176.450,108.090,68.360,ES - Electric sounder measurement,0.01 Ft,"County of Glenn, Department of Agriculture",Voluntary,3,20,2013
Glenn_01.01.2003-06.21.2013.csv,Glenn,39.6391,-122.2438,W001,2013-09-18 13:29:54,396391N1222438W001,,10/15/2012,00:00,1 - Pumping,,NULL,NULL,NULL,201.970,201.470,NULL,NULL,,,Bureau of Reclamation,Voluntary,10,15,2012
Glenn_01.01.2003-06.21.2013.csv,Glenn,39.6391,-122.2438,W001,2013-09-18 13:29:54,396391N1222438W001,,4/15/2013,00:00,0 - Measurement Discontinued,,NULL,NULL,NULL,201.970,201.470,NULL,NULL,,,Bureau of Reclamation,Voluntary,TERMINATED4,15,2013
Glenn_01.01.2003-06.21.2013.csv,Glenn,39.6391,-122.2438,W001,2013-09-18 13:29:54,396391N1222438W001,,4/7/2003,00:00,,,61.500,0.000,61.500,201.970,201.470,140.470,61.000,UNK - Unknown,Unknown,Bureau of Reclamation,Voluntary,4,7,2003
Glenn_01.01.2003-06.21.2013.csv,Glenn,39.6391,-122.2438,W001,2013-09-18 13:29:54,396391N1222438W001,,10/14/2003,00:00,,,73.500,0.000,73.500,201.970,201.470,128.470,73.000,UNK - Unknown,Unknown,Bureau of Reclamation,Voluntary,10,14,2003
Glenn_01.01.2003-06.21.2013.csv,Glenn,39.6391,-122.2438,W001,2013-09-18 13:29:54,396391N1222438W001,,4/1/2004,00:00,,,61.300,0.000,61.300,201.970,201.470,140.670,60.800,UNK - Unknown,Unknown,Bureau of Reclamation,Voluntary,4,1,2004
Glenn_01.01.2003-06.21.2013.csv,Glenn,39.6391,-122.2438,W001,2013-09-18 13:29:54,396391N1222438W001,,11/5/2004,00:00,,,73.200,0.000,73.200,201.970,201.470,128.770,72.700,UNK - Unknown,Unknown,Bureau of Reclamation,Voluntary,11,5,2004
Glenn_01.01.2003-06.21.2013.csv,Glenn,39.6391,-122.2438,W001,2013-09-18 13:29:54,396391N1222438W001,,4/14/2005,00:00,,,61.900,0.000,61.900,201.970,201.470,140.070,61.400,UNK - Unknown,Unknown,Bureau of Reclamation,Voluntary,4,14,2005
Glenn_01.01.2003-06.21.2013.csv,Glenn,39.6391,-122.2438,W001,2013-09-18 13:29:54,396391N1222438W001,,10/18/2005,00:00,,,69.000,0.000,69.000,201.970,201.470,132.970,68.500,UNK - Unknown,Unknown,Bureau of Reclamation,Voluntary,10,18,2005
Glenn_01.01.2003-06.21.2013.csv,Glenn,39.6391,-122.2438,W001,2013-09-18 13:29:54,396391N1222438W001,,3/30/2006,00:00,,,59.800,0.000,59.800,201.970,201.470,142.170,59.300,UNK - Unknown,Unknown,Bureau of Reclamation,Voluntary,3,30,2006
Glenn_01.01.2003-06.21.2013.csv,Glenn,39.6391,-122.2438,W001,2013-09-18 13:29:54,396391N1222438W001,,3/28/2007,00:00,,,61.200,0.000,61.200,201.970,201.470,140.770,60.700,UNK - Unknown,Unknown,Bureau of Reclamation,Voluntary,3,28,2007
Glenn_01.01.2003-06.21.2013.csv,Glenn,39.6391,-122.2438,W001,2013-09-18 13:29:54,396391N1222438W001,,10/17/2006,00:00,,,65.100,0.000,65.100,201.970,201.470,136.870,64.600,UNK - Unknown,Unknown,Bureau of Reclamation,Voluntary,10,17,2006
Glenn_01.01.2003-06.21.2013.csv,Glenn,39.6391,-122.2438,W001,2013-09-18 13:29:54,396391N1222438W001,,10/23/2007,00:00,9 - Temporarily inaccessible,,NULL,NULL,NULL,201.970,201.470,NULL,NULL,,,Bureau of Reclamation,Voluntary,LOTS OF ANGRY BEES10,23,2007
Glenn_01.01.2003-06.21.2013.csv,Glenn,39.6391,-122.2438,W001,2013-09-18 13:29:54,396391N1222438W001,,3/14/2008,00:00,9 - Temporarily inaccessible,,NULL,NULL,NULL,201.970,201.470,NULL,NULL,,,Bureau of Reclamation,Voluntary,BEES EVERYWHERE3,14,2008
Glenn_01.01.2003-06.21.2013.csv,Glenn,39.6391,-122.2438,W001,2013-09-18 13:29:54,396391N1222438W001,,9/30/2008,00:00,,,90.700,0.000,90.700,201.970,201.470,111.270,90.200,UNK - Unknown,Unknown,Bureau of Reclamation,Voluntary,9,30,2008
Glenn_01.01.2003-06.21.2013.csv,Glenn,39.6391,-122.2438,W001,2013-09-18 13:29:54,396391N1222438W001,,3/23/2009,00:00,,,79.800,0.000,79.800,201.970,201.470,122.170,79.300,UNK - Unknown,Unknown,Bureau of Reclamation,Voluntary,3,23,2009
Glenn_01.01.2003-06.21.2013.csv,Glenn,39.6391,-122.2438,W001,2013-09-18 13:29:54,396391N1222438W001,,10/20/2009,00:00,,,99.300,0.000,99.300,201.970,201.470,102.670,98.800,UNK - Unknown,Unknown,Bureau of Reclamation,Voluntary,10,20,2009
Glenn_01.01.2003-06.21.2013.csv,Glenn,39.6391,-122.2438,W001,2013-09-18 13:29:54,396391N1222438W001,,4/8/2010,00:00,9 - Temporarily inaccessible,,NULL,NULL,NULL,201.970,201.470,NULL,NULL,,,Bureau of Reclamation,Voluntary,GATE LOCKED/NOBODY HOME4,8,2010
Glenn_01.01.2003-06.21.2013.csv,Glenn,39.6391,-122.2438,W001,2013-09-18 13:29:54,396391N1222438W001,,10/18/2010,00:00,9 - Temporarily inaccessible,,NULL,NULL,NULL,201.970,201.470,NULL,NULL,,,Bureau of Reclamation,Voluntary,GATE LOCKED/NOBODY HOME10,18,2010
Glenn_01.01.2003-06.21.2013.csv,Glenn,39.6391,-122.2438,W001,2013-09-18 13:29:54,396391N1222438W001,,4/4/2011,00:00,9 - Temporarily inaccessible,,NULL,NULL,NULL,201.970,201.470,NULL,NULL,,,Bureau of Reclamation,Voluntary,GATE LOCKED/NOBODY HOME4,4,2011
Glenn_01.01.2003-06.21.2013.csv,Glenn,39.6391,-122.2438,W001,2013-09-18 13:29:54,396391N1222438W001,,10/11/2011,00:00,9 - Temporarily inaccessible,,NULL,NULL,NULL,201.970,201.470,NULL,NULL,,,Bureau of Reclamation,Voluntary,GATE LOCKED/NOBODY HOME10,11,2011
Glenn_01.01.2003-06.21.2013.csv,Glenn,39.6391,-122.2438,W001,2013-09-18 13:29:54,396391N1222438W001,,3/26/2012,00:00,9 - Temporarily inaccessible,,NULL,NULL,NULL,201.970,201.470,NULL,NULL,,,Bureau of Reclamation,Voluntary,GATE LOCKED/NOBODY HOME3,26,2012
Glenn_01.01.2003-06.21.2013.csv,Glenn,39.6415,-122.0433,W001,2013-09-18 13:29:54,396415N1220433W001,21N02W25N001M,10/12/2011,00:00,,,25.360,0.000,25.360,141.900,141.400,116.540,24.860,ES - Electric sounder measurement,0.01 Ft,Department of Water Resources,Voluntary,10,12,2011
Glenn_01.01.2003-06.21.2013.csv,Glenn,39.6415,-122.0433,W001,2013-09-18 13:29:54,396415N1220433W001,21N02W25N001M,3/29/2012,00:00,,,25.150,0.000,25.150,141.900,141.400,116.750,24.650,ES - Electric sounder measurement,0.01 Ft,Department of Water Resources,Voluntary,3,29,2012
Glenn_01.01.2003-06.21.2013.csv,Glenn,39.6415,-122.0433,W001,2013-09-18 13:29:54,396415N1220433W001,21N02W25N001M,7/31/2012,00:00,1 - Pumping,,NULL,NULL,NULL,141.900,141.400,NULL,NULL,,,Department of Water Resources,Voluntary,7,31,2012
Glenn_01.01.2003-06.21.2013.csv,Glenn,39.6415,-122.0433,W001,2013-09-18 13:29:54,396415N1220433W001,21N02W25N001M,10/16/2012,00:00,,,28.890,0.000,28.890,141.900,141.400,113.010,28.390,ES - Electric sounder measurement,0.01 Ft,Department of Water Resources,Voluntary,10,16,2012
Glenn_01.01.2003-06.21.2013.csv,Glenn,39.6415,-122.0433,W001,2013-09-18 13:29:54,396415N1220433W001,21N02W25N001M,3/13/2003,00:00,,,20.200,0.000,20.200,141.900,141.400,121.700,19.700,UNK - Unknown,Unknown,Department of Water Resources,Voluntary,3,13,2003
Glenn_01.01.2003-06.21.2013.csv,Glenn,39.6415,-122.0433,W001,2013-09-18 13:29:54,396415N1220433W001,21N02W25N001M,4/8/2003,00:00,,,20.100,0.000,20.100,141.900,141.400,121.800,19.600,UNK - Unknown,Unknown,Department of Water Resources,Voluntary,4,8,2003
Glenn_01.01.2003-06.21.2013.csv,Glenn,39.6415,-122.0433,W001,2013-09-18 13:29:54,396415N1220433W001,21N02W25N001M,5/20/2003,00:00,7 - Special/Other,,NULL,NULL,NULL,141.900,141.400,NULL,NULL,,,Department of Water Resources,Voluntary,5,20,2003
Glenn_01.01.2003-06.21.2013.csv,Glenn,39.6415,-122.0433,W001,2013-09-18 13:29:54,396415N1220433W001,21N02W25N001M,6/19/2003,00:00,,,23.300,0.000,23.300,141.900,141.400,118.600,22.800,UNK - Unknown,Unknown,Department of Water Resources,Voluntary,6,19,2003
Glenn_01.01.2003-06.21.2013.csv,Glenn,39.6415,-122.0433,W001,2013-09-18 13:29:54,396415N1220433W001,21N02W25N001M,8/7/2003,00:00,,1 - Pumping,35.000,0.000,35.000,141.900,141.400,106.900,34.500,UNK - Unknown,Unknown,Department of Water Resources,Voluntary,8,7,2003
Glenn_01.01.2003-06.21.2013.csv,Glenn,39.6415,-122.0433,W001,2013-09-18 13:29:54,396415N1220433W001,21N02W25N001M,8/28/2003,00:00,,,25.300,0.000,25.300,141.900,141.400,116.600,24.800,UNK - Unknown,Unknown,Department of Water Resources,Voluntary,8,28,2003
Glenn_01.01.2003-06.21.2013.csv,Glenn,39.6415,-122.0433,W001,2013-09-18 13:29:54,396415N1220433W001,21N02W25N001M,9/18/2003,00:00,,1 - Pumping,35.200,0.000,35.200,141.900,141.400,106.700,34.700,UNK - Unknown,Unknown,Department of Water Resources,Voluntary,9,18,2003
Glenn_01.01.2003-06.21.2013.csv,Glenn,39.6415,-122.0433,W001,2013-09-18 13:29:54,396415N1220433W001,21N02W25N001M,10/16/2003,00:00,,,24.200,0.000,24.200,141.900,141.400,117.700,23.700,UNK - Unknown,Unknown,Department of Water Resources,Voluntary,10,16,2003
Glenn_01.01.2003-06.21.2013.csv,Glenn,39.6415,-122.0433,W001,2013-09-18 13:29:54,396415N1220433W001,21N02W25N001M,11/18/2003,00:00,,,23.500,0.000,23.500,141.900,141.400,118.400,23.000,UNK - Unknown,Unknown,Department of Water Resources,Voluntary,11,18,2003
Glenn_01.01.2003-06.21.2013.csv,Glenn,39.6415,-122.0433,W001,2013-09-18 13:29:54,396415N1220433W001,21N02W25N001M,4/1/2004,00:00,,,18.400,0.000,18.400,141.900,141.400,123.500,17.900,UNK - Unknown,Unknown,Department of Water Resources,Voluntary,4,1,2004
Glenn_01.01.2003-06.21.2013.csv,Glenn,39.6415,-122.0433,W001,2013-09-18 13:29:54,396415N1220433W001,21N02W25N001M,4/27/2004,00:00,,1 - Pumping,31.800,0.000,31.800,141.900,141.400,110.100,31.300,UNK - Unknown,Unknown,Department of Water Resources,Voluntary,4,27,2004
Glenn_01.01.2003-06.21.2013.csv,Glenn,39.6415,-122.0433,W001,2013-09-18 13:29:54,396415N1220433W001,21N02W25N001M,5/21/2004,00:00,,,21.600,0.000,21.600,141.900,141.400,120.300,21.100,UNK - Unknown,Unknown,Department of Water Resources,Voluntary,5,21,2004
Glenn_01.01.2003-06.21.2013.csv,Glenn,39.6415,-122.0433,W001,2013-09-18 13:29:54,396415N1220433W001,21N02W25N001M,6/22/2004,00:00,,,22.800,0.000,22.800,141.900,141.400,119.100,22.300,UNK - Unknown,Unknown,Department of Water Resources,Voluntary,6,22,2004
Glenn_01.01.2003-06.21.2013.csv,Glenn,39.6415,-122.0433,W001,2013-09-18 13:29:54,396415N1220433W001,21N02W25N001M,7/28/2004,00:00,,,24.900,0.000,24.900,141.900,141.400,117.000,24.400,UNK - Unknown,Unknown,Department of Water Resources,Voluntary,7,28,2004
Glenn_01.01.2003-06.21.2013.csv,Glenn,39.6415,-122.0433,W001,2013-09-18 13:29:54,396415N1220433W001,21N02W25N001M,8/25/2004,00:00,,,24.900,0.000,24.900,141.900,141.400,117.000,24.400,UNK - Unknown,Unknown,Department of Water Resources,Voluntary,8,25,2004
Glenn_01.01.2003-06.21.2013.csv,Glenn,39.6415,-122.0433,W001,2013-09-18 13:29:54,396415N1220433W001,21N02W25N001M,9/22/2004,00:00,,,24.400,0.000,24.400,141.900,141.400,117.500,23.900,UNK - Unknown,Unknown,Department of Water Resources,Voluntary,9,22,2004
Glenn_01.01.2003-06.21.2013.csv,Glenn,39.6415,-122.0433,W001,2013-09-18 13:29:54,396415N1220433W001,21N02W25N001M,10/20/2004,00:00,,,23.900,0.000,23.900,141.900,141.400,118.000,23.400,UNK - Unknown,Unknown,Department of Water Resources,Voluntary,10,20,2004
Glenn_01.01.2003-06.21.2013.csv,Glenn,39.6415,-122.0433,W001,2013-09-18 13:29:54,396415N1220433W001,21N02W25N001M,11/16/2004,00:00,,,23.000,0.000,23.000,141.900,141.400,118.900,22.500,UNK - Unknown,Unknown,Department of Water Resources,Voluntary,11,16,2004
Glenn_01.01.2003-06.21.2013.csv,Glenn,39.6415,-122.0433,W001,2013-09-18 13:29:54,396415N1220433W001,21N02W25N001M,3/29/2005,00:00,1 - Pumping,,NULL,NULL,NULL,141.900,141.400,NULL,NULL,,,Department of Water Resources,Voluntary,3,29,2005
Glenn_01.01.2003-06.21.2013.csv,Glenn,39.6415,-122.0433,W001,2013-09-18 13:29:54,396415N1220433W001,21N02W25N001M,4/29/2005,00:00,,,20.800,0.000,20.800,141.900,141.400,121.100,20.300,UNK - Unknown,Unknown,Department of Water Resources,Voluntary,4,29,2005
Glenn_01.01.2003-06.21.2013.csv,Glenn,39.6415,-122.0433,W001,2013-09-18 13:29:54,396415N1220433W001,21N02W25N001M,5/26/2005,00:00,,,21.000,0.000,21.000,141.900,141.400,120.900,20.500,UNK - Unknown,Unknown,Department of Water Resources,Voluntary,5,26,2005
Glenn_01.01.2003-06.21.2013.csv,Glenn,39.6415,-122.0433,W001,2013-09-18 13:29:54,396415N1220433W001,21N02W25N001M,6/22/2005,00:00,,,22.000,0.000,22.000,141.900,141.400,119.900,21.500,UNK - Unknown,Unknown,Department of Water Resources,Voluntary,6,22,2005
Glenn_01.01.2003-06.21.2013.csv,Glenn,39.6415,-122.0433,W001,2013-09-18 13:29:54,396415N1220433W001,21N02W25N001M,7/28/2005,00:00,,,24.100,0.000,24.100,141.900,141.400,117.800,23.600,UNK - Unknown,Unknown,Department of Water Resources,Voluntary,7,28,2005
Glenn_01.01.2003-06.21.2013.csv,Glenn,39.6415,-122.0433,W001,2013-09-18 13:29:54,396415N1220433W001,21N02W25N001M,8/25/2005,00:00,,,24.200,0.000,24.200,141.900,141.400,117.700,23.700,UNK - Unknown,Unknown,Department of Water Resources,Voluntary,8,25,2005
Glenn_01.01.2003-06.21.2013.csv,Glenn,39.6415,-122.0433,W001,2013-09-18 13:29:54,396415N1220433W001,21N02W25N001M,9/28/2005,00:00,,,24.000,0.000,24.000,141.900,141.400,117.900,23.500,UNK - Unknown,Unknown,Department of Water Resources,Voluntary,9,28,2005
Glenn_01.01.2003-06.21.2013.csv,Glenn,39.6415,-122.0433,W001,2013-09-18 13:29:54,396415N1220433W001,21N02W25N001M,10/20/2005,00:00,,,24.000,0.000,24.000,141.900,141.400,117.900,23.500,UNK - Unknown,Unknown,Department of Water Resources,Voluntary,10,20,2005
Glenn_01.01.2003-06.21.2013.csv,Glenn,39.6415,-122.0433,W001,2013-09-18 13:29:54,396415N1220433W001,21N02W25N001M,3/28/2006,00:00,,,17.200,0.000,17.200,141.900,141.400,124.700,16.700,UNK - Unknown,Unknown,Department of Water Resources,Voluntary,3,28,2006
Glenn_01.01.2003-06.21.2013.csv,Glenn,39.6415,-122.0433,W001,2013-09-18 13:29:54,396415N1220433W001,21N02W25N001M,5/18/2006,00:00,,,19.500,0.000,19.500,141.900,141.400,122.400,19.000,UNK - Unknown,Unknown,Department of Water Resources,Voluntary,5,18,2006
Glenn_01.01.2003-06.21.2013.csv,Glenn,39.6415,-122.0433,W001,2013-09-18 13:29:54,396415N1220433W001,21N02W25N001M,8/2/2006,00:00,,,23.200,0.000,23.200,141.900,141.400,118.700,22.700,UNK - Unknown,Unknown,Department of Water Resources,Voluntary,8,2,2006
Glenn_01.01.2003-06.21.2013.csv,Glenn,39.6415,-122.0433,W001,2013-09-18 13:29:54,396415N1220433W001,21N02W25N001M,10/11/2006,00:00,,,24.700,0.000,24.700,141.900,141.400,117.200,24.200,UNK - Unknown,Unknown,Department of Water Resources,Voluntary,10,11,2006
Glenn_01.01.2003-06.21.2013.csv,Glenn,39.6415,-122.0433,W001,2013-09-18 13:29:54,396415N1220433W001,21N02W25N001M,3/19/2007,00:00,,,23.600,0.000,23.600,141.900,141.400,118.300,23.100,UNK - Unknown,Unknown,Department of Water Resources,Voluntary,3,19,2007
Glenn_01.01.2003-06.21.2013.csv,Glenn,39.6415,-122.0433,W001,2013-09-18 13:29:54,396415N1220433W001,21N02W25N001M,8/8/2007,00:00,1 - Pumping,,NULL,NULL,NULL,141.900,141.400,NULL,NULL,,,Department of Water Resources,Voluntary,8,8,2007
Glenn_01.01.2003-06.21.2013.csv,Glenn,39.6415,-122.0433,W001,2013-09-18 13:29:54,396415N1220433W001,21N02W25N001M,10/17/2007,00:00,,,27.400,0.000,27.400,141.900,141.400,114.500,26.900,UNK - Unknown,Unknown,Department of Water Resources,Voluntary,10,17,2007
Glenn_01.01.2003-06.21.2013.csv,Glenn,39.6415,-122.0433,W001,2013-09-18 13:29:54,396415N1220433W001,21N02W25N001M,3/11/2008,00:00,,,23.700,0.000,23.700,141.900,141.400,118.200,23.200,UNK - Unknown,Unknown,Department of Water Resources,Voluntary,3,11,2008
Glenn_01.01.2003-06.21.2013.csv,Glenn,39.6415,-122.0433,W001,2013-09-18 13:29:54,396415N1220433W001,21N02W25N001M,8/6/2008,00:00,1 - Pumping,,NULL,NULL,NULL,141.900,141.400,NULL,NULL,,,Department of Water Resources,Voluntary,8,6,2008
Glenn_01.01.2003-06.21.2013.csv,Glenn,39.6415,-122.0433,W001,2013-09-18 13:29:54,396415N1220433W001,21N02W25N001M,10/20/2008,00:00,,,29.100,0.000,29.100,141.900,141.400,112.800,28.600,UNK - Unknown,Unknown,Department of Water Resources,Voluntary,10,20,2008
Glenn_01.01.2003-06.21.2013.csv,Glenn,39.6415,-122.0433,W001,2013-09-18 13:29:54,396415N1220433W001,21N02W25N001M,1/13/2009,00:00,,4 - Pumped recently,28.960,0.000,28.960,141.900,141.400,112.940,28.460,UNK - Unknown,Unknown,Department of Water Resources,Voluntary,JUST IRRIGATED ALMONDS1,13,2009
Glenn_01.01.2003-06.21.2013.csv,Glenn,39.6415,-122.0433,W001,2013-09-18 13:29:54,396415N1220433W001,21N02W25N001M,3/25/2009,00:00,,,24.880,0.000,24.880,141.900,141.400,117.020,24.380,UNK - Unknown,Unknown,Department of Water Resources,Voluntary,3,25,2009
Glenn_01.01.2003-06.21.2013.csv,Glenn,39.6415,-122.0433,W001,2013-09-18 13:29:54,396415N1220433W001,21N02W25N001M,5/14/2009,00:00,,,28.200,0.000,28.200,141.900,141.400,113.700,27.700,UNK - Unknown,Unknown,Department of Water Resources,Voluntary,5,14,2009
Glenn_01.01.2003-06.21.2013.csv,Glenn,39.6415,-122.0433,W001,2013-09-18 13:29:54,396415N1220433W001,21N02W25N001M,6/24/2009,00:00,,,30.000,0.000,30.000,141.900,141.400,111.900,29.500,UNK - Unknown,Unknown,Department of Water Resources,Voluntary,6,24,2009
Glenn_01.01.2003-06.21.2013.csv,Glenn,39.6415,-122.0433,W001,2013-09-18 13:29:54,396415N1220433W001,21N02W25N001M,8/5/2009,00:00,,,31.300,0.000,31.300,141.900,141.400,110.600,30.800,UNK - Unknown,Unknown,Department of Water Resources,Voluntary,8,5,2009
Glenn_01.01.2003-06.21.2013.csv,Glenn,39.6415,-122.0433,W001,2013-09-18 13:29:54,396415N1220433W001,21N02W25N001M,9/16/2009,00:00,,,29.300,0.000,29.300,141.900,141.400,112.600,28.800,UNK - Unknown,Unknown,Department of Water Resources,Voluntary,9,16,2009
Glenn_01.01.2003-06.21.2013.csv,Glenn,39.6415,-122.0433,W001,2013-09-18 13:29:54,396415N1220433W001,21N02W25N001M,10/22/2009,00:00,,,29.400,0.000,29.400,141.900,141.400,112.500,28.900,UNK - Unknown,Unknown,Department of Water Resources,Voluntary,10,22,2009
Glenn_01.01.2003-06.21.2013.csv,Glenn,39.6415,-122.0433,W001,2013-09-18 13:29:54,396415N1220433W001,21N02W25N001M,3/25/2010,00:00,,,24.780,0.000,24.780,141.900,141.400,117.120,24.280,UNK - Unknown,Unknown,Department of Water Resources,Voluntary,3,25,2010
Glenn_01.01.2003-06.21.2013.csv,Glenn,39.6415,-122.0433,W001,2013-09-18 13:29:54,396415N1220433W001,21N02W25N001M,8/2/2010,00:00,,,29.070,0.000,29.070,141.900,141.400,112.830,28.570,UNK - Unknown,Unknown,Department of Water Resources,Voluntary,8,2,2010
Glenn_01.01.2003-06.21.2013.csv,Glenn,39.6415,-122.0433,W001,2013-09-18 13:29:54,396415N1220433W001,21N02W25N001M,10/20/2010,00:00,,,27.500,0.000,27.500,141.900,141.400,114.400,27.000,UNK - Unknown,Unknown,Department of Water Resources,Voluntary,10,20,2010
Glenn_01.01.2003-06.21.2013.csv,Glenn,39.6415,-122.0433,W001,2013-09-18 13:29:54,396415N1220433W001,21N02W25N001M,4/6/2011,00:00,,,24.580,0.000,24.580,141.900,141.400,117.320,24.080,UNK - Unknown,Unknown,Department of Water Resources,Voluntary,4,6,2011
Glenn_01.01.2003-06.21.2013.csv,Glenn,39.6415,-122.0433,W001,2013-09-18 13:29:54,396415N1220433W001,21N02W25N001M,8/3/2011,00:00,1 - Pumping,,NULL,NULL,NULL,141.900,141.400,NULL,NULL,,,Department of Water Resources,Voluntary,8,3,2011
Glenn_01.01.2003-06.21.2013.csv,Glenn,39.6415,-122.0433,W001,2013-09-18 13:29:54,396415N1220433W001,21N02W25N001M,10/12/2011,00:00,,,25.360,0.000,25.360,141.900,141.400,116.540,24.860,UNK - Unknown,Unknown,Department of Water Resources,Voluntary,10,12,2011
Glenn_01.01.2003-06.21.2013.csv,Glenn,39.6415,-122.0433,W001,2013-09-18 13:29:54,396415N1220433W001,21N02W25N001M,3/21/2013,00:00,,,26.100,0.000,26.100,141.900,141.400,115.800,25.600,ES - Electric sounder measurement,0.01 Ft,Department of Water Resources,Voluntary,3,21,2013
Glenn_01.01.2003-06.21.2013.csv,Glenn,39.6423,-122.0366,W001,2013-09-18 13:29:54,396423N1220366W001,21N02W25L001M,10/12/2011,00:00,,,23.720,0.000,23.720,142.390,142.390,118.670,23.720,ES - Electric sounder measurement,0.01 Ft,Department of Water Resources,Voluntary,10,12,2011
Glenn_01.01.2003-06.21.2013.csv,Glenn,39.6423,-122.0366,W001,2013-09-18 13:29:54,396423N1220366W001,21N02W25L001M,3/29/2012,00:00,,,23.550,0.000,23.550,142.390,142.390,118.840,23.550,ES - Electric sounder measurement,0.01 Ft,Department of Water Resources,Voluntary,3,29,2012
Glenn_01.01.2003-06.21.2013.csv,Glenn,39.6423,-122.0366,W001,2013-09-18 13:29:54,396423N1220366W001,21N02W25L001M,7/31/2012,00:00,,,29.180,0.000,29.180,142.390,142.390,113.210,29.180,ES - Electric sounder measurement,0.01 Ft,Department of Water Resources,Voluntary,7,31,2012
Glenn_01.01.2003-06.21.2013.csv,Glenn,39.6423,-122.0366,W001,2013-09-18 13:29:54,396423N1220366W001,21N02W25L001M,10/16/2012,00:00,,,27.340,0.000,27.340,142.390,142.390,115.050,27.340,ES - Electric sounder measurement,0.01 Ft,Department of Water Resources,Voluntary,10,16,2012
Glenn_01.01.2003-06.21.2013.csv,Glenn,39.6423,-122.0366,W001,2013-09-18 13:29:54,396423N1220366W001,21N02W25L001M,2/18/2003,00:00,,,18.700,0.000,18.700,142.390,142.390,123.690,18.700,UNK - Unknown,Unknown,Department of Water Resources,Voluntary,2,18,2003
Glenn_01.01.2003-06.21.2013.csv,Glenn,39.6423,-122.0366,W001,2013-09-18 13:29:54,396423N1220366W001,21N02W25L001M,3/13/2003,00:00,,,18.500,0.000,18.500,142.390,142.390,123.890,18.500,UNK - Unknown,Unknown,Department of Water Resources,Voluntary,3,13,2003
Glenn_01.01.2003-06.21.2013.csv,Glenn,39.6423,-122.0366,W001,2013-09-18 13:29:54,396423N1220366W001,21N02W25L001M,4/9/2003,00:00,,,18.500,0.000,18.500,142.390,142.390,123.890,18.500,UNK - Unknown,Unknown,Department of Water Resources,Voluntary,4,9,2003
Glenn_01.01.2003-06.21.2013.csv,Glenn,39.6423,-122.0366,W001,2013-09-18 13:29:54,396423N1220366W001,21N02W25L001M,5/28/2003,00:00,,,19.500,0.000,19.500,142.390,142.390,122.890,19.500,UNK - Unknown,Unknown,Department of Water Resources,Voluntary,5,28,2003
Glenn_01.01.2003-06.21.2013.csv,Glenn,39.6423,-122.0366,W001,2013-09-18 13:29:54,396423N1220366W001,21N02W25L001M,6/19/2003,00:00,,1 - Pumping,37.800,0.000,37.800,142.390,142.390,104.590,37.800,UNK - Unknown,Unknown,Department of Water Resources,Voluntary,6,19,2003
Glenn_01.01.2003-06.21.2013.csv,Glenn,39.6423,-122.0366,W001,2013-09-18 13:29:54,396423N1220366W001,21N02W25L001M,7/30/2003,00:00,,,23.700,0.000,23.700,142.390,142.390,118.690,23.700,UNK - Unknown,Unknown,Department of Water Resources,Voluntary,7,30,2003
Glenn_01.01.2003-06.21.2013.csv,Glenn,39.6423,-122.0366,W001,2013-09-18 13:29:54,396423N1220366W001,21N02W25L001M,8/26/2003,00:00,,,22.800,0.000,22.800,142.390,142.390,119.590,22.800,UNK - Unknown,Unknown,Department of Water Resources,Voluntary,8,26,2003
Glenn_01.01.2003-06.21.2013.csv,Glenn,39.6423,-122.0366,W001,2013-09-18 13:29:54,396423N1220366W001,21N02W25L001M,9/22/2003,00:00,,,23.200,0.000,23.200,142.390,142.390,119.190,23.200,UNK - Unknown,Unknown,Department of Water Resources,Voluntary,9,22,2003
Glenn_01.01.2003-06.21.2013.csv,Glenn,39.6423,-122.0366,W001,2013-09-18 13:29:54,396423N1220366W001,21N02W25L001M,10/16/2003,00:00,,,22.300,0.000,22.300,142.390,142.390,120.090,22.300,UNK - Unknown,Unknown,Department of Water Resources,Voluntary,10,16,2003
Glenn_01.01.2003-06.21.2013.csv,Glenn,39.6423,-122.0366,W001,2013-09-18 13:29:54,396423N1220366W001,21N02W25L001M,11/25/2003,00:00,,,21.900,0.000,21.900,142.390,142.390,120.490,21.900,UNK - Unknown,Unknown,Department of Water Resources,Voluntary,11,25,2003
Glenn_01.01.2003-06.21.2013.csv,Glenn,39.6423,-122.0366,W001,2013-09-18 13:29:54,396423N1220366W001,21N02W25L001M,12/9/2003,00:00,,,21.700,0.000,21.700,142.390,142.390,120.690,21.700,UNK - Unknown,Unknown,Department of Water Resources,Voluntary,12,9,2003
Glenn_01.01.2003-06.21.2013.csv,Glenn,39.6423,-122.0366,W001,2013-09-18 13:29:54,396423N1220366W001,21N02W25L001M,4/1/2004,00:00,,,16.400,0.000,16.400,142.390,142.390,125.990,16.400,UNK - Unknown,Unknown,Department of Water Resources,Voluntary,4,1,2004
Glenn_01.01.2003-06.21.2013.csv,Glenn,39.6423,-122.0366,W001,2013-09-18 13:29:54,396423N1220366W001,21N02W25L001M,4/26/2004,00:00,,,18.900,0.000,18.900,142.390,142.390,123.490,18.900,UNK - Unknown,Unknown,Department of Water Resources,Voluntary,4,26,2004
Glenn_01.01.2003-06.21.2013.csv,Glenn,39.6423,-122.0366,W001,2013-09-18 13:29:54,396423N1220366W001,21N02W25L001M,5/21/2004,00:00,,,19.800,0.000,19.800,142.390,142.390,122.590,19.800,UNK - Unknown,Unknown,Department of Water Resources,Voluntary,5,21,2004
Glenn_01.01.2003-06.21.2013.csv,Glenn,39.6423,-122.0366,W001,2013-09-18 13:29:54,396423N1220366W001,21N02W25L001M,2/10/2004,00:00,,,18.900,0.000,18.900,142.390,142.390,123.490,18.900,UNK - Unknown,Unknown,Department of Water Resources,Voluntary,2,10,2004
Glenn_01.01.2003-06.21.2013.csv,Glenn,39.6423,-122.0366,W001,2013-09-18 13:29:54,396423N1220366W001,21N02W25L001M,7/27/2004,00:00,,,22.700,0.000,22.700,142.390,142.390,119.690,22.700,UNK - Unknown,Unknown,Department of Water Resources,Voluntary,7,27,2004
Glenn_01.01.2003-06.21.2013.csv,Glenn,39.6423,-122.0366,W001,2013-09-18 13:29:54,396423N1220366W001,21N02W25L001M,6/21/2004,00:00,,,21.000,0.000,21.000,142.390,142.390,121.390,21.000,UNK - Unknown,Unknown,Department of Water Resources,Voluntary,6,21,2004
Glenn_01.01.2003-06.21.2013.csv,Glenn,39.6423,-122.0366,W001,2013-09-18 13:29:54,396423N1220366W001,21N02W25L001M,8/23/2004,00:00,,,22.100,0.000,22.100,142.390,142.390,120.290,22.100,UNK - Unknown,Unknown,Department of Water Resources,Voluntary,8,23,2004
Glenn_01.01.2003-06.21.2013.csv,Glenn,39.6423,-122.0366,W001,2013-09-18 13:29:54,396423N1220366W001,21N02W25L001M,9/21/2004,00:00,,,22.200,0.000,22.200,142.390,142.390,120.190,22.200,UNK - Unknown,Unknown,Department of Water Resources,Voluntary,9,21,2004
Glenn_01.01.2003-06.21.2013.csv,Glenn,39.6423,-122.0366,W001,2013-09-18 13:29:54,396423N1220366W001,21N02W25L001M,10/20/2004,00:00,,,22.200,0.000,22.200,142.390,142.390,120.190,22.200,UNK - Unknown,Unknown,Department of Water Resources,Voluntary,10,20,2004
Glenn_01.01.2003-06.21.2013.csv,Glenn,39.6423,-122.0366,W001,2013-09-18 13:29:54,396423N1220366W001,21N02W25L001M,11/22/2004,00:00,,,21.400,0.000,21.400,142.390,142.390,120.990,21.400,UNK - Unknown,Unknown,Department of Water Resources,Voluntary,11,22,2004
Glenn_01.01.2003-06.21.2013.csv,Glenn,39.6423,-122.0366,W001,2013-09-18 13:29:54,396423N1220366W001,21N02W25L001M,3/30/2005,00:00,,,17.900,0.000,17.900,142.390,142.390,124.490,17.900,UNK - Unknown,Unknown,Department of Water Resources,Voluntary,3,30,2005
Glenn_01.01.2003-06.21.2013.csv,Glenn,39.6423,-122.0366,W001,2013-09-18 13:29:54,396423N1220366W001,21N02W25L001M,4/29/2005,00:00,1 - Pumping,,NULL,NULL,NULL,142.390,142.390,NULL,NULL,,,Department of Water Resources,Voluntary,4,29,2005
Glenn_01.01.2003-06.21.2013.csv,Glenn,39.6423,-122.0366,W001,2013-09-18 13:29:54,396423N1220366W001,21N02W25L001M,5/26/2005,00:00,,,18.400,0.000,18.400,142.390,142.390,123.990,18.400,UNK - Unknown,Unknown,Department of Water Resources,Voluntary,5,26,2005
Glenn_01.01.2003-06.21.2013.csv,Glenn,39.6423,-122.0366,W001,2013-09-18 13:29:54,396423N1220366W001,21N02W25L001M,6/22/2005,00:00,,,19.600,0.000,19.600,142.390,142.390,122.790,19.600,UNK - Unknown,Unknown,Department of Water Resources,Voluntary,6,22,2005
Glenn_01.01.2003-06.21.2013.csv,Glenn,39.6423,-122.0366,W001,2013-09-18 13:29:54,396423N1220366W001,21N02W25L001M,7/28/2005,00:00,,1 - Pumping,34.600,0.000,34.600,142.390,142.390,107.790,34.600,UNK - Unknown,Unknown,Department of Water Resources,Voluntary,7,28,2005
Glenn_01.01.2003-06.21.2013.csv,Glenn,39.6423,-122.0366,W001,2013-09-18 13:29:54,396423N1220366W001,21N02W25L001M,8/25/2005,00:00,,,22.300,0.000,22.300,142.390,142.390,120.090,22.300,UNK - Unknown,Unknown,Department of Water Resources,Voluntary,8,25,2005
Glenn_01.01.2003-06.21.2013.csv,Glenn,39.6423,-122.0366,W001,2013-09-18 13:29:54,396423N1220366W001,21N02W25L001M,9/28/2005,00:00,,,22.200,0.000,22.200,142.390,142.390,120.190,22.200,UNK - Unknown,Unknown,Department of Water Resources,Voluntary,9,28,2005
Glenn_01.01.2003-06.21.2013.csv,Glenn,39.6423,-122.0366,W001,2013-09-18 13:29:54,396423N1220366W001,21N02W25L001M,10/20/2005,00:00,,,21.800,0.000,21.800,142.390,142.390,120.590,21.800,UNK - Unknown,Unknown,Department of Water Resources,Voluntary,10,20,2005
Glenn_01.01.2003-06.21.2013.csv,Glenn,39.6423,-122.0366,W001,2013-09-18 13:29:54,396423N1220366W001,21N02W25L001M,3/28/2006,00:00,,,15.400,0.000,15.400,142.390,142.390,126.990,15.400,UNK - Unknown,Unknown,Department of Water Resources,Voluntary,3,28,2006
Glenn_01.01.2003-06.21.2013.csv,Glenn,39.6423,-122.0366,W001,2013-09-18 13:29:54,396423N1220366W001,21N02W25L001M,5/18/2006,00:00,,,16.200,0.000,16.200,142.390,142.390,126.190,16.200,UNK - Unknown,Unknown,Department of Water Resources,Voluntary,5,18,2006
Glenn_01.01.2003-06.21.2013.csv,Glenn,39.6423,-122.0366,W001,2013-09-18 13:29:54,396423N1220366W001,21N02W25L001M,8/2/2006,00:00,,,21.000,0.000,21.000,142.390,142.390,121.390,21.000,UNK - Unknown,Unknown,Department of Water Resources,Voluntary,8,2,2006
Glenn_01.01.2003-06.21.2013.csv,Glenn,39.6423,-122.0366,W001,2013-09-18 13:29:54,396423N1220366W001,21N02W25L001M,10/11/2006,00:00,,,21.400,0.000,21.400,142.390,142.390,120.990,21.400,UNK - Unknown,Unknown,Department of Water Resources,Voluntary,10,11,2006
Glenn_01.01.2003-06.21.2013.csv,Glenn,39.6423,-122.0366,W001,2013-09-18 13:29:54,396423N1220366W001,21N02W25L001M,3/19/2007,00:00,,,20.610,0.000,20.610,142.390,142.390,121.780,20.610,UNK - Unknown,Unknown,Department of Water Resources,Voluntary,3,19,2007
Glenn_01.01.2003-06.21.2013.csv,Glenn,39.6423,-122.0366,W001,2013-09-18 13:29:54,396423N1220366W001,21N02W25L001M,8/8/2007,00:00,1 - Pumping,,NULL,NULL,NULL,142.390,142.390,NULL,NULL,,,Department of Water Resources,Voluntary,8,8,2007
Glenn_01.01.2003-06.21.2013.csv,Glenn,39.6423,-122.0366,W001,2013-09-18 13:29:54,396423N1220366W001,21N02W25L001M,10/17/2007,00:00,,,25.140,0.000,25.140,142.390,142.390,117.250,25.140,UNK - Unknown,Unknown,Department of Water Resources,Voluntary,10,17,2007
Glenn_01.01.2003-06.21.2013.csv,Glenn,39.6423,-122.0366,W001,2013-09-18 13:29:54,396423N1220366W001,21N02W25L001M,3/11/2008,00:00,,,22.500,0.000,22.500,142.390,142.390,119.890,22.500,UNK - Unknown,Unknown,Department of Water Resources,Voluntary,3,11,2008
Glenn_01.01.2003-06.21.2013.csv,Glenn,39.6423,-122.0366,W001,2013-09-18 13:29:54,396423N1220366W001,21N02W25L001M,8/6/2008,00:00,,,28.760,0.000,28.760,142.390,142.390,113.630,28.760,UNK - Unknown,Unknown,Department of Water Resources,Voluntary,8,6,2008
Glenn_01.01.2003-06.21.2013.csv,Glenn,39.6423,-122.0366,W001,2013-09-18 13:29:54,396423N1220366W001,21N02W25L001M,10/20/2008,00:00,1 - Pumping,,NULL,NULL,NULL,142.390,142.390,NULL,NULL,,,Department of Water Resources,Voluntary,10,20,2008
Glenn_01.01.2003-06.21.2013.csv,Glenn,39.6423,-122.0366,W001,2013-09-18 13:29:54,396423N1220366W001,21N02W25L001M,1/13/2009,00:00,,,27.070,0.000,27.070,142.390,142.390,115.320,27.070,UNK - Unknown,Unknown,Department of Water Resources,Voluntary,1,13,2009
Glenn_01.01.2003-06.21.2013.csv,Glenn,39.6423,-122.0366,W001,2013-09-18 13:29:54,396423N1220366W001,21N02W25L001M,3/25/2009,00:00,,,23.710,0.000,23.710,142.390,142.390,118.680,23.710,UNK - Unknown,Unknown,Department of Water Resources,Voluntary,3,25,2009
Glenn_01.01.2003-06.21.2013.csv,Glenn,39.6423,-122.0366,W001,2013-09-18 13:29:54,396423N1220366W001,21N02W25L001M,5/14/2009,00:00,1 - Pumping,,NULL,NULL,NULL,142.390,142.390,NULL,NULL,,,Department of Water Resources,Voluntary,5,14,2009
Glenn_01.01.2003-06.21.2013.csv,Glenn,39.6423,-122.0366,W001,2013-09-18 13:29:54,396423N1220366W001,21N02W25L001M,6/24/2009,00:00,,,27.900,0.000,27.900,142.390,142.390,114.490,27.900,UNK - Unknown,Unknown,Department of Water Resources,Voluntary,6,24,2009
Glenn_01.01.2003-06.21.2013.csv,Glenn,39.6423,-122.0366,W001,2013-09-18 13:29:54,396423N1220366W001,21N02W25L001M,8/5/2009,00:00,1 - Pumping,,NULL,NULL,NULL,142.390,142.390,NULL,NULL,,,Department of Water Resources,Voluntary,8,5,2009
Glenn_01.01.2003-06.21.2013.csv,Glenn,39.6423,-122.0366,W001,2013-09-18 13:29:54,396423N1220366W001,21N02W25L001M,9/16/2009,00:00,,,28.640,0.000,28.640,142.390,142.390,113.750,28.640,UNK - Unknown,Unknown,Department of Water Resources,Voluntary,9,16,2009
Glenn_01.01.2003-06.21.2013.csv,Glenn,39.6423,-122.0366,W001,2013-09-18 13:29:54,396423N1220366W001,21N02W25L001M,10/22/2009,00:00,,,27.880,0.000,27.880,142.390,142.390,114.510,27.880,UNK - Unknown,Unknown,Department of Water Resources,Voluntary,10,22,2009
Glenn_01.01.2003-06.21.2013.csv,Glenn,39.6423,-122.0366,W001,2013-09-18 13:29:54,396423N1220366W001,21N02W25L001M,3/25/2010,00:00,,,23.370,0.000,23.370,142.390,142.390,119.020,23.370,UNK - Unknown,Unknown,Department of Water Resources,Voluntary,3,25,2010
Glenn_01.01.2003-06.21.2013.csv,Glenn,39.6423,-122.0366,W001,2013-09-18 13:29:54,396423N1220366W001,21N02W25L001M,8/2/2010,00:00,1 - Pumping,,NULL,NULL,NULL,142.390,142.390,NULL,NULL,,,Department of Water Resources,Voluntary,8,2,2010
Glenn_01.01.2003-06.21.2013.csv,Glenn,39.6423,-122.0366,W001,2013-09-18 13:29:54,396423N1220366W001,21N02W25L001M,10/20/2010,00:00,,,25.710,0.000,25.710,142.390,142.390,116.680,25.710,UNK - Unknown,Unknown,Department of Water Resources,Voluntary,10,20,2010
Glenn_01.01.2003-06.21.2013.csv,Glenn,39.6423,-122.0366,W001,2013-09-18 13:29:54,396423N1220366W001,21N02W25L001M,4/6/2011,00:00,,,21.250,0.000,21.250,142.390,142.390,121.140,21.250,UNK - Unknown,Unknown,Department of Water Resources,Voluntary,4,6,2011
Glenn_01.01.2003-06.21.2013.csv,Glenn,39.6423,-122.0366,W001,2013-09-18 13:29:54,396423N1220366W001,21N02W25L001M,8/3/2011,00:00,1 - Pumping,,NULL,NULL,NULL,142.390,142.390,NULL,NULL,,,Department of Water Resources,Voluntary,8,3,2011
Glenn_01.01.2003-06.21.2013.csv,Glenn,39.6423,-122.0366,W001,2013-09-18 13:29:54,396423N1220366W001,21N02W25L001M,10/12/2011,00:00,,,23.720,0.000,23.720,142.390,142.390,118.670,23.720,UNK - Unknown,Unknown,Department of Water Resources,Voluntary,10,12,2011
Glenn_01.01.2003-06.21.2013.csv,Glenn,39.6423,-122.0366,W001,2013-09-18 13:29:54,396423N1220366W001,21N02W25L001M,3/21/2013,00:00,,,24.300,0.000,24.300,142.390,142.390,118.090,24.300,ES - Electric sounder measurement,0.01 Ft,Department of Water Resources,Voluntary,3,21,2013
Glenn_01.01.2003-06.21.2013.csv,Glenn,39.6527,-122.1225,W001,2013-09-18 13:29:54,396527N1221225W001,21N02W30A001M,10/12/2011,00:00,,,39.110,0.000,39.110,164.960,166.420,125.850,40.570,ES - Electric sounder measurement,0.01 Ft,Department of Water Resources,Voluntary,10,12,2011
Glenn_01.01.2003-06.21.2013.csv,Glenn,39.6527,-122.1225,W001,2013-09-18 13:29:54,396527N1221225W001,21N02W30A001M,3/28/2012,00:00,,,35.810,0.000,35.810,164.960,166.420,129.150,37.270,ES - Electric sounder measurement,0.01 Ft,Department of Water Resources,Voluntary,3,28,2012
Glenn_01.01.2003-06.21.2013.csv,Glenn,39.6527,-122.1225,W001,2013-09-18 13:29:54,396527N1221225W001,21N02W30A001M,8/2/2012,00:00,,,44.770,0.000,44.770,164.960,166.420,120.190,46.230,ES - Electric sounder measurement,0.01 Ft,Department of Water Resources,Voluntary,8,2,2012
Glenn_01.01.2003-06.21.2013.csv,Glenn,39.6527,-122.1225,W001,2013-09-18 13:29:54,396527N1221225W001,21N02W30A001M,10/17/2012,00:00,,,45.360,0.000,45.360,164.960,166.420,119.600,46.820,ES - Electric sounder measurement,0.01 Ft,Department of Water Resources,Voluntary,10,17,2012
Glenn_01.01.2003-06.21.2013.csv,Glenn,39.6527,-122.1225,W001,2013-09-18 13:29:54,396527N1221225W001,21N02W30A001M,8/31/2007,00:00,,,39.160,0.000,39.160,164.960,166.420,125.800,40.620,UNK - Unknown,Unknown,Department of Water Resources,Voluntary,8,31,2007
Glenn_01.01.2003-06.21.2013.csv,Glenn,39.6527,-122.1225,W001,2013-09-18 13:29:54,396527N1221225W001,21N02W30A001M,10/19/2007,00:00,,,37.360,0.000,37.360,164.960,166.420,127.600,38.820,UNK - Unknown,Unknown,Department of Water Resources,Voluntary,10,19,2007
Glenn_01.01.2003-06.21.2013.csv,Glenn,39.6527,-122.1225,W001,2013-09-18 13:29:54,396527N1221225W001,21N02W30A001M,3/13/2008,00:00,,,29.090,0.000,29.090,164.960,166.420,135.870,30.550,UNK - Unknown,Unknown,Department of Water Resources,Voluntary,3,13,2008
Glenn_01.01.2003-06.21.2013.csv,Glenn,39.6527,-122.1225,W001,2013-09-18 13:29:54,396527N1221225W001,21N02W30A001M,7/24/2008,00:00,,,44.610,0.000,44.610,164.960,166.420,120.350,46.070,UNK - Unknown,Unknown,Department of Water Resources,Voluntary,7,24,2008
Glenn_01.01.2003-06.21.2013.csv,Glenn,39.6527,-122.1225,W001,2013-09-18 13:29:54,396527N1221225W001,21N02W30A001M,8/5/2008,00:00,,,44.960,0.000,44.960,164.960,166.420,120.000,46.420,UNK - Unknown,Unknown,Department of Water Resources,Voluntary,8,5,2008
Glenn_01.01.2003-06.21.2013.csv,Glenn,39.6527,-122.1225,W001,2013-09-18 13:29:54,396527N1221225W001,21N02W30A001M,10/20/2008,00:00,,,44.890,0.000,44.890,164.960,166.420,120.070,46.350,UNK - Unknown,Unknown,Department of Water Resources,Voluntary,10,20,2008
Glenn_01.01.2003-06.21.2013.csv,Glenn,39.6527,-122.1225,W001,2013-09-18 13:29:54,396527N1221225W001,21N02W30A001M,1/13/2009,00:00,,,41.050,0.000,41.050,164.960,166.420,123.910,42.510,UNK - Unknown,Unknown,Department of Water Resources,Voluntary,1,13,2009
Glenn_01.01.2003-06.21.2013.csv,Glenn,39.6527,-122.1225,W001,2013-09-18 13:29:54,396527N1221225W001,21N02W30A001M,3/25/2009,00:00,,,35.530,0.000,35.530,164.960,166.420,129.430,36.990,UNK - Unknown,Unknown,Department of Water Resources,Voluntary,3,25,2009
Glenn_01.01.2003-06.21.2013.csv,Glenn,39.6527,-122.1225,W001,2013-09-18 13:29:54,396527N1221225W001,21N02W30A001M,5/14/2009,00:00,,,41.900,0.000,41.900,164.960,166.420,123.060,43.360,UNK - Unknown,Unknown,Department of Water Resources,Voluntary,5,14,2009
Glenn_01.01.2003-06.21.2013.csv,Glenn,39.6527,-122.1225,W001,2013-09-18 13:29:54,396527N1221225W001,21N02W30A001M,6/24/2009,00:00,,,46.600,0.000,46.600,164.960,166.420,118.360,48.060,UNK - Unknown,Unknown,Department of Water Resources,Voluntary,6,24,2009
Glenn_01.01.2003-06.21.2013.csv,Glenn,39.6527,-122.1225,W001,2013-09-18 13:29:54,396527N1221225W001,21N02W30A001M,8/5/2009,00:00,,,52.050,0.000,52.050,164.960,166.420,112.910,53.510,UNK - Unknown,Unknown,Department of Water Resources,Voluntary,8,5,2009
Glenn_01.01.2003-06.21.2013.csv,Glenn,39.6527,-122.1225,W001,2013-09-18 13:29:54,396527N1221225W001,21N02W30A001M,9/16/2009,00:00,,,51.130,0.000,51.130,164.960,166.420,113.830,52.590,UNK - Unknown,Unknown,Department of Water Resources,Voluntary,9,16,2009
Glenn_01.01.2003-06.21.2013.csv,Glenn,39.6527,-122.1225,W001,2013-09-18 13:29:54,396527N1221225W001,21N02W30A001M,10/22/2009,00:00,,,49.240,0.000,49.240,164.960,166.420,115.720,50.700,UNK - Unknown,Unknown,Department of Water Resources,Voluntary,10,22,2009
Glenn_01.01.2003-06.21.2013.csv,Glenn,39.6527,-122.1225,W001,2013-09-18 13:29:54,396527N1221225W001,21N02W30A001M,3/25/2010,00:00,,,37.430,0.000,37.430,164.960,166.420,127.530,38.890,UNK - Unknown,Unknown,Department of Water Resources,Voluntary,3,25,2010
Glenn_01.01.2003-06.21.2013.csv,Glenn,39.6527,-122.1225,W001,2013-09-18 13:29:54,396527N1221225W001,21N02W30A001M,8/2/2010,00:00,,,43.100,0.000,43.100,164.960,166.420,121.860,44.560,UNK - Unknown,Unknown,Department of Water Resources,Voluntary,8,2,2010
Glenn_01.01.2003-06.21.2013.csv,Glenn,39.6527,-122.1225,W001,2013-09-18 13:29:54,396527N1221225W001,21N02W30A001M,10/20/2010,00:00,,,42.940,0.000,42.940,164.960,166.420,122.020,44.400,UNK - Unknown,Unknown,Department of Water Resources,Voluntary,10,20,2010
Glenn_01.01.2003-06.21.2013.csv,Glenn,39.6527,-122.1225,W001,2013-09-18 13:29:54,396527N1221225W001,21N02W30A001M,4/6/2011,00:00,,,32.870,0.000,32.870,164.960,166.420,132.090,34.330,UNK - Unknown,Unknown,Department of Water Resources,Voluntary,4,6,2011
Glenn_01.01.2003-06.21.2013.csv,Glenn,39.6527,-122.1225,W001,2013-09-18 13:29:54,396527N1221225W001,21N02W30A001M,8/3/2011,00:00,,,38.970,0.000,38.970,164.960,166.420,125.990,40.430,UNK - Unknown,Unknown,Department of Water Resources,Voluntary,8,3,2011
Glenn_01.01.2003-06.21.2013.csv,Glenn,39.6527,-122.1225,W001,2013-09-18 13:29:54,396527N1221225W001,21N02W30A001M,10/12/2011,00:00,,,39.110,0.000,39.110,164.960,166.420,125.850,40.570,UNK - Unknown,Unknown,Department of Water Resources,Voluntary,10,12,2011
Glenn_01.01.2003-06.21.2013.csv,Glenn,39.6527,-122.1225,W001,2013-09-18 13:29:54,396527N1221225W001,21N02W30A001M,3/21/2013,00:00,,,38.220,0.000,38.220,164.960,166.420,126.740,39.680,ES - Electric sounder measurement,0.01 Ft,Department of Water Resources,Voluntary,3,21,2013
Glenn_01.01.2003-06.21.2013.csv,Glenn,39.6556,-122.046,W001,2013-09-18 13:29:54,396556N1220460W001,21N02W24M001M,10/12/2011,00:00,,,28.270,0.000,28.270,147.400,147.400,119.130,28.270,ES - Electric sounder measurement,0.01 Ft,Department of Water Resources,Voluntary,10,12,2011
Glenn_01.01.2003-06.21.2013.csv,Glenn,39.6556,-122.046,W001,2013-09-18 13:29:54,396556N1220460W001,21N02W24M001M,3/29/2012,00:00,,,25.730,0.000,25.730,147.400,147.400,121.670,25.730,ES - Electric sounder measurement,0.01 Ft,Department of Water Resources,Voluntary,3,29,2012
Glenn_01.01.2003-06.21.2013.csv,Glenn,39.6556,-122.046,W001,2013-09-18 13:29:54,396556N1220460W001,21N02W24M001M,7/31/2012,00:00,1 - Pumping,,NULL,NULL,NULL,147.400,147.400,NULL,NULL,,,Department of Water Resources,Voluntary,7,31,2012
Glenn_01.01.2003-06.21.2013.csv,Glenn,39.6556,-122.046,W001,2013-09-18 13:29:54,396556N1220460W001,21N02W24M001M,10/16/2012,00:00,,,33.780,0.000,33.780,147.400,147.400,113.620,33.780,ES - Electric sounder measurement,0.01 Ft,Department of Water Resources,Voluntary,10,16,2012
Glenn_01.01.2003-06.21.2013.csv,Glenn,39.6556,-122.046,W001,2013-09-18 13:29:54,396556N1220460W001,21N02W24M001M,3/13/2003,00:00,,,19.900,0.000,19.900,147.400,147.400,127.500,19.900,UNK - Unknown,Unknown,Department of Water Resources,Voluntary,3,13,2003
Glenn_01.01.2003-06.21.2013.csv,Glenn,39.6556,-122.046,W001,2013-09-18 13:29:54,396556N1220460W001,21N02W24M001M,4/8/2003,00:00,,,20.400,0.000,20.400,147.400,147.400,127.000,20.400,UNK - Unknown,Unknown,Department of Water Resources,Voluntary,4,8,2003
Glenn_01.01.2003-06.21.2013.csv,Glenn,39.6556,-122.046,W001,2013-09-18 13:29:54,396556N1220460W001,21N02W24M001M,5/20/2003,00:00,1 - Pumping,,NULL,NULL,NULL,147.400,147.400,NULL,NULL,,,Department of Water Resources,Voluntary,5,20,2003
Glenn_01.01.2003-06.21.2013.csv,Glenn,39.6556,-122.046,W001,2013-09-18 13:29:54,396556N1220460W001,21N02W24M001M,6/19/2003,00:00,1 - Pumping,,NULL,NULL,NULL,147.400,147.400,NULL,NULL,,,Department of Water Resources,Voluntary,6,19,2003
Glenn_01.01.2003-06.21.2013.csv,Glenn,39.6556,-122.046,W001,2013-09-18 13:29:54,396556N1220460W001,21N02W24M001M,8/7/2003,00:00,,,28.650,0.000,28.650,147.400,147.400,118.750,28.650,UNK - Unknown,Unknown,Department of Water Resources,Voluntary,8,7,2003
Glenn_01.01.2003-06.21.2013.csv,Glenn,39.6556,-122.046,W001,2013-09-18 13:29:54,396556N1220460W001,21N02W24M001M,8/28/2003,00:00,,1 - Pumping,42.300,0.000,42.300,147.400,147.400,105.100,42.300,UNK - Unknown,Unknown,Department of Water Resources,Voluntary,8,28,2003
Glenn_01.01.2003-06.21.2013.csv,Glenn,39.6556,-122.046,W001,2013-09-18 13:29:54,396556N1220460W001,21N02W24M001M,9/18/2003,00:00,,1 - Pumping,43.200,0.000,43.200,147.400,147.400,104.200,43.200,UNK - Unknown,Unknown,Department of Water Resources,Voluntary,9,18,2003
Glenn_01.01.2003-06.21.2013.csv,Glenn,39.6556,-122.046,W001,2013-09-18 13:29:54,396556N1220460W001,21N02W24M001M,10/16/2003,00:00,,,26.300,0.000,26.300,147.400,147.400,121.100,26.300,UNK - Unknown,Unknown,Department of Water Resources,Voluntary,10,16,2003
Glenn_01.01.2003-06.21.2013.csv,Glenn,39.6556,-122.046,W001,2013-09-18 13:29:54,396556N1220460W001,21N02W24M001M,11/18/2003,00:00,,,27.100,0.000,27.100,147.400,147.400,120.300,27.100,UNK - Unknown,Unknown,Department of Water Resources,Voluntary,11,18,2003
Glenn_01.01.2003-06.21.2013.csv,Glenn,39.6556,-122.046,W001,2013-09-18 13:29:54,396556N1220460W001,21N02W24M001M,3/31/2004,00:00,,,17.900,0.000,17.900,147.400,147.400,129.500,17.900,UNK - Unknown,Unknown,Department of Water Resources,Voluntary,3,31,2004
Glenn_01.01.2003-06.21.2013.csv,Glenn,39.6556,-122.046,W001,2013-09-18 13:29:54,396556N1220460W001,21N02W24M001M,4/27/2004,00:00,,,21.400,0.000,21.400,147.400,147.400,126.000,21.400,UNK - Unknown,Unknown,Department of Water Resources,Voluntary,4,27,2004
Glenn_01.01.2003-06.21.2013.csv,Glenn,39.6556,-122.046,W001,2013-09-18 13:29:54,396556N1220460W001,21N02W24M001M,5/21/2004,00:00,,,22.400,0.000,22.400,147.400,147.400,125.000,22.400,UNK - Unknown,Unknown,Department of Water Resources,Voluntary,5,21,2004
Glenn_01.01.2003-06.21.2013.csv,Glenn,39.6556,-122.046,W001,2013-09-18 13:29:54,396556N1220460W001,21N02W24M001M,6/22/2004,00:00,,1 - Pumping,41.900,0.000,41.900,147.400,147.400,105.500,41.900,UNK - Unknown,Unknown,Department of Water Resources,Voluntary,6,22,2004
Glenn_01.01.2003-06.21.2013.csv,Glenn,39.6556,-122.046,W001,2013-09-18 13:29:54,396556N1220460W001,21N02W24M001M,7/28/2004,00:00,,1 - Pumping,44.600,0.000,44.600,147.400,147.400,102.800,44.600,UNK - Unknown,Unknown,Department of Water Resources,Voluntary,7,28,2004
Glenn_01.01.2003-06.21.2013.csv,Glenn,39.6556,-122.046,W001,2013-09-18 13:29:54,396556N1220460W001,21N02W24M001M,8/25/2004,00:00,,,28.100,0.000,28.100,147.400,147.400,119.300,28.100,UNK - Unknown,Unknown,Department of Water Resources,Voluntary,8,25,2004
Glenn_01.01.2003-06.21.2013.csv,Glenn,39.6556,-122.046,W001,2013-09-18 13:29:54,396556N1220460W001,21N02W24M001M,9/22/2004,00:00,,,27.300,0.000,27.300,147.400,147.400,120.100,27.300,UNK - Unknown,Unknown,Department of Water Resources,Voluntary,9,22,2004
Glenn_01.01.2003-06.21.2013.csv,Glenn,39.6556,-122.046,W001,2013-09-18 13:29:54,396556N1220460W001,21N02W24M001M,10/20/2004,00:00,,,26.000,0.000,26.000,147.400,147.400,121.400,26.000,UNK - Unknown,Unknown,Department of Water Resources,Voluntary,10,20,2004
Glenn_01.01.2003-06.21.2013.csv,Glenn,39.6556,-122.046,W001,2013-09-18 13:29:54,396556N1220460W001,21N02W24M001M,11/16/2004,00:00,,,24.400,0.000,24.400,147.400,147.400,123.000,24.400,UNK - Unknown,Unknown,Department of Water Resources,Voluntary,11,16,2004
Glenn_01.01.2003-06.21.2013.csv,Glenn,39.6556,-122.046,W001,2013-09-18 13:29:54,396556N1220460W001,21N02W24M001M,3/29/2005,00:00,,,18.700,0.000,18.700,147.400,147.400,128.700,18.700,UNK - Unknown,Unknown,Department of Water Resources,Voluntary,3,29,2005
Glenn_01.01.2003-06.21.2013.csv,Glenn,39.6556,-122.046,W001,2013-09-18 13:29:54,396556N1220460W001,21N02W24M001M,4/29/2005,00:00,1 - Pumping,,NULL,NULL,NULL,147.400,147.400,NULL,NULL,,,Department of Water Resources,Voluntary,4,29,2005
Glenn_01.01.2003-06.21.2013.csv,Glenn,39.6556,-122.046,W001,2013-09-18 13:29:54,396556N1220460W001,21N02W24M001M,5/10/2005,00:00,,,19.750,0.000,19.750,147.400,147.400,127.650,19.750,UNK - Unknown,Unknown,Department of Water Resources,Voluntary,5,10,2005
Glenn_01.01.2003-06.21.2013.csv,Glenn,39.6556,-122.046,W001,2013-09-18 13:29:54,396556N1220460W001,21N02W24M001M,5/26/2005,00:00,,,20.600,0.000,20.600,147.400,147.400,126.800,20.600,UNK - Unknown,Unknown,Department of Water Resources,Voluntary,5,26,2005
Glenn_01.01.2003-06.21.2013.csv,Glenn,39.6556,-122.046,W001,2013-09-18 13:29:54,396556N1220460W001,21N02W24M001M,6/22/2005,00:00,,,23.300,0.000,23.300,147.400,147.400,124.100,23.300,UNK - Unknown,Unknown,Department of Water Resources,Voluntary,6,22,2005
Glenn_01.01.2003-06.21.2013.csv,Glenn,39.6556,-122.046,W001,2013-09-18 13:29:54,396556N1220460W001,21N02W24M001M,7/28/2005,00:00,,,26.200,0.000,26.200,147.400,147.400,121.200,26.200,UNK - Unknown,Unknown,Department of Water Resources,Voluntary,7,28,2005
Glenn_01.01.2003-06.21.2013.csv,Glenn,39.6556,-122.046,W001,2013-09-18 13:29:54,396556N1220460W001,21N02W24M001M,8/25/2005,00:00,,1 - Pumping,42.500,0.000,42.500,147.400,147.400,104.900,42.500,UNK - Unknown,Unknown,Department of Water Resources,Voluntary,8,25,2005
Glenn_01.01.2003-06.21.2013.csv,Glenn,39.6556,-122.046,W001,2013-09-18 13:29:54,396556N1220460W001,21N02W24M001M,9/28/2005,00:00,,,26.000,0.000,26.000,147.400,147.400,121.400,26.000,UNK - Unknown,Unknown,Department of Water Resources,Voluntary,9,28,2005
Glenn_01.01.2003-06.21.2013.csv,Glenn,39.6556,-122.046,W001,2013-09-18 13:29:54,396556N1220460W001,21N02W24M001M,10/20/2005,00:00,,,25.500,0.000,25.500,147.400,147.400,121.900,25.500,UNK - Unknown,Unknown,Department of Water Resources,Voluntary,10,20,2005
Glenn_01.01.2003-06.21.2013.csv,Glenn,39.6556,-122.046,W001,2013-09-18 13:29:54,396556N1220460W001,21N02W24M001M,3/28/2006,00:00,,,16.200,0.000,16.200,147.400,147.400,131.200,16.200,UNK - Unknown,Unknown,Department of Water Resources,Voluntary,3,28,2006
Glenn_01.01.2003-06.21.2013.csv,Glenn,39.6556,-122.046,W001,2013-09-18 13:29:54,396556N1220460W001,21N02W24M001M,5/18/2006,00:00,,1 - Pumping,37.200,0.000,37.200,147.400,147.400,110.200,37.200,UNK - Unknown,Unknown,Department of Water Resources,Voluntary,5,18,2006
Glenn_01.01.2003-06.21.2013.csv,Glenn,39.6556,-122.046,W001,2013-09-18 13:29:54,396556N1220460W001,21N02W24M001M,8/2/2006,00:00,,1 - Pumping,41.900,0.000,41.900,147.400,147.400,105.500,41.900,UNK - Unknown,Unknown,Department of Water Resources,Voluntary,8,2,2006
Glenn_01.01.2003-06.21.2013.csv,Glenn,39.6556,-122.046,W001,2013-09-18 13:29:54,396556N1220460W001,21N02W24M001M,10/11/2006,00:00,,,24.600,0.000,24.600,147.400,147.400,122.800,24.600,UNK - Unknown,Unknown,Department of Water Resources,Voluntary,10,11,2006
Glenn_01.01.2003-06.21.2013.csv,Glenn,39.6556,-122.046,W001,2013-09-18 13:29:54,396556N1220460W001,21N02W24M001M,3/19/2007,00:00,,1 - Pumping,38.070,0.000,38.070,147.400,147.400,109.330,38.070,UNK - Unknown,Unknown,Department of Water Resources,Voluntary,3,19,2007
Glenn_01.01.2003-06.21.2013.csv,Glenn,39.6556,-122.046,W001,2013-09-18 13:29:54,396556N1220460W001,21N02W24M001M,8/8/2007,00:00,,,34.060,0.000,34.060,147.400,147.400,113.340,34.060,UNK - Unknown,Unknown,Department of Water Resources,Voluntary,8,8,2007
Glenn_01.01.2003-06.21.2013.csv,Glenn,39.6556,-122.046,W001,2013-09-18 13:29:54,396556N1220460W001,21N02W24M001M,10/17/2007,00:00,,,29.690,0.000,29.690,147.400,147.400,117.710,29.690,UNK - Unknown,Unknown,Department of Water Resources,Voluntary,10,17,2007
Glenn_01.01.2003-06.21.2013.csv,Glenn,39.6556,-122.046,W001,2013-09-18 13:29:54,396556N1220460W001,21N02W24M001M,3/11/2008,00:00,,,24.300,0.000,24.300,147.400,147.400,123.100,24.300,UNK - Unknown,Unknown,Department of Water Resources,Voluntary,3,11,2008
Glenn_01.01.2003-06.21.2013.csv,Glenn,39.6556,-122.046,W001,2013-09-18 13:29:54,396556N1220460W001,21N02W24M001M,8/6/2008,00:00,1 - Pumping,,NULL,NULL,NULL,147.400,147.400,NULL,NULL,,,Department of Water Resources,Voluntary,8,6,2008
Glenn_01.01.2003-06.21.2013.csv,Glenn,39.6556,-122.046,W001,2013-09-18 13:29:54,396556N1220460W001,21N02W24M001M,10/20/2008,00:00,,,32.850,0.000,32.850,147.400,147.400,114.550,32.850,UNK - Unknown,Unknown,Department of Water Resources,Voluntary,10,20,2008
Glenn_01.01.2003-06.21.2013.csv,Glenn,39.6556,-122.046,W001,2013-09-18 13:29:54,396556N1220460W001,21N02W24M001M,1/13/2009,00:00,,,30.000,0.000,30.000,147.400,147.400,117.400,30.000,UNK - Unknown,Unknown,Department of Water Resources,Voluntary,1,13,2009
Glenn_01.01.2003-06.21.2013.csv,Glenn,39.6556,-122.046,W001,2013-09-18 13:29:54,396556N1220460W001,21N02W24M001M,3/25/2009,00:00,,,25.820,0.000,25.820,147.400,147.400,121.580,25.820,UNK - Unknown,Unknown,Department of Water Resources,Voluntary,3,25,2009
Glenn_01.01.2003-06.21.2013.csv,Glenn,39.6556,-122.046,W001,2013-09-18 13:29:54,396556N1220460W001,21N02W24M001M,5/14/2009,00:00,1 - Pumping,,NULL,NULL,NULL,147.400,147.400,NULL,NULL,,,Department of Water Resources,Voluntary,5,14,2009
Glenn_01.01.2003-06.21.2013.csv,Glenn,39.6556,-122.046,W001,2013-09-18 13:29:54,396556N1220460W001,21N02W24M001M,6/24/2009,00:00,,,26.300,0.000,26.300,147.400,147.400,121.100,26.300,UNK - Unknown,Unknown,Department of Water Resources,Voluntary,6,24,2009
Glenn_01.01.2003-06.21.2013.csv,Glenn,39.6556,-122.046,W001,2013-09-18 13:29:54,396556N1220460W001,21N02W24M001M,8/5/2009,00:00,,,39.660,0.000,39.660,147.400,147.400,107.740,39.660,UNK - Unknown,Unknown,Department of Water Resources,Voluntary,8,5,2009
Glenn_01.01.2003-06.21.2013.csv,Glenn,39.6556,-122.046,W001,2013-09-18 13:29:54,396556N1220460W001,21N02W24M001M,9/16/2009,00:00,,,36.400,0.000,36.400,147.400,147.400,111.000,36.400,UNK - Unknown,Unknown,Department of Water Resources,Voluntary,9,16,2009
Glenn_01.01.2003-06.21.2013.csv,Glenn,39.6556,-122.046,W001,2013-09-18 13:29:54,396556N1220460W001,21N02W24M001M,10/22/2009,00:00,,,33.280,0.000,33.280,147.400,147.400,114.120,33.280,UNK - Unknown,Unknown,Department of Water Resources,Voluntary,10,22,2009
Glenn_01.01.2003-06.21.2013.csv,Glenn,39.6556,-122.046,W001,2013-09-18 13:29:54,396556N1220460W001,21N02W24M001M,3/25/2010,00:00,,,25.600,0.000,25.600,147.400,147.400,121.800,25.600,UNK - Unknown,Unknown,Department of Water Resources,Voluntary,3,25,2010
Glenn_01.01.2003-06.21.2013.csv,Glenn,39.6556,-122.046,W001,2013-09-18 13:29:54,396556N1220460W001,21N02W24M001M,8/2/2010,00:00,,,35.560,0.000,35.560,147.400,147.400,111.840,35.560,UNK - Unknown,Unknown,Department of Water Resources,Voluntary,8,2,2010
Glenn_01.01.2003-06.21.2013.csv,Glenn,39.6556,-122.046,W001,2013-09-18 13:29:54,396556N1220460W001,21N02W24M001M,10/20/2010,00:00,,,31.200,0.000,31.200,147.400,147.400,116.200,31.200,UNK - Unknown,Unknown,Department of Water Resources,Voluntary,10,20,2010
Glenn_01.01.2003-06.21.2013.csv,Glenn,39.6556,-122.046,W001,2013-09-18 13:29:54,396556N1220460W001,21N02W24M001M,4/6/2011,00:00,,,23.300,0.000,23.300,147.400,147.400,124.100,23.300,UNK - Unknown,Unknown,Department of Water Resources,Voluntary,4,6,2011
Glenn_01.01.2003-06.21.2013.csv,Glenn,39.6556,-122.046,W001,2013-09-18 13:29:54,396556N1220460W001,21N02W24M001M,8/3/2011,00:00,1 - Pumping,,NULL,NULL,NULL,147.400,147.400,NULL,NULL,,,Department of Water Resources,Voluntary,8,3,2011
Glenn_01.01.2003-06.21.2013.csv,Glenn,39.6556,-122.046,W001,2013-09-18 13:29:54,396556N1220460W001,21N02W24M001M,10/12/2011,00:00,,,28.270,0.000,28.270,147.400,147.400,119.130,28.270,UNK - Unknown,Unknown,Department of Water Resources,Voluntary,10,12,2011
Glenn_01.01.2003-06.21.2013.csv,Glenn,39.6556,-122.046,W001,2013-09-18 13:29:54,396556N1220460W001,21N02W24M001M,3/21/2013,00:00,,,28.350,0.000,28.350,147.400,147.400,119.050,28.350,ES - Electric sounder measurement,0.01 Ft,Department of Water Resources,Voluntary,3,21,2013
Glenn_01.01.2003-06.21.2013.csv,Glenn,39.6559,-121.9941,W001,2013-09-18 13:29:54,396559N1219941W001,21N01W20R001M,10/11/2011,00:00,,,18.000,0.000,18.000,122.880,122.380,104.880,17.500,ST - Steel tape measurement,0.1 Ft,Department of Water Resources,Voluntary,10,11,2011
Glenn_01.01.2003-06.21.2013.csv,Glenn,39.6559,-121.9941,W001,2013-09-18 13:29:54,396559N1219941W001,21N01W20R001M,3/29/2012,00:00,,,25.000,11.100,13.900,122.880,122.380,108.980,13.400,ST - Steel tape measurement,0.1 Ft,Department of Water Resources,Voluntary,3,29,2012
Glenn_01.01.2003-06.21.2013.csv,Glenn,39.6559,-121.9941,W001,2013-09-18 13:29:54,396559N1219941W001,21N01W20R001M,7/31/2012,00:00,1 - Pumping,,NULL,NULL,NULL,122.880,122.380,NULL,NULL,,,Department of Water Resources,Voluntary,7,31,2012
Glenn_01.01.2003-06.21.2013.csv,Glenn,39.6559,-121.9941,W001,2013-09-18 13:29:54,396559N1219941W001,21N01W20R001M,10/16/2012,00:00,1 - Pumping,,NULL,NULL,NULL,122.880,122.380,NULL,NULL,,,Department of Water Resources,Voluntary,10,16,2012
Glenn_01.01.2003-06.21.2013.csv,Glenn,39.6559,-121.9941,W001,2013-09-18 13:29:54,396559N1219941W001,21N01W20R001M,3/13/2003,00:00,,,13.000,0.000,13.000,122.880,122.380,109.880,12.500,UNK - Unknown,Unknown,Department of Water Resources,Voluntary,3,13,2003
Glenn_01.01.2003-06.21.2013.csv,Glenn,39.6559,-121.9941,W001,2013-09-18 13:29:54,396559N1219941W001,21N01W20R001M,4/8/2003,00:00,,6 - Other,29.900,0.000,29.900,122.880,122.380,92.980,29.400,UNK - Unknown,Unknown,Department of Water Resources,Voluntary,4,8,2003
Glenn_01.01.2003-06.21.2013.csv,Glenn,39.6559,-121.9941,W001,2013-09-18 13:29:54,396559N1219941W001,21N01W20R001M,5/20/2003,00:00,,,14.000,0.000,14.000,122.880,122.380,108.880,13.500,UNK - Unknown,Unknown,Department of Water Resources,Voluntary,5,20,2003
Glenn_01.01.2003-06.21.2013.csv,Glenn,39.6559,-121.9941,W001,2013-09-18 13:29:54,396559N1219941W001,21N01W20R001M,6/20/2003,00:00,,,16.500,0.000,16.500,122.880,122.380,106.380,16.000,UNK - Unknown,Unknown,Department of Water Resources,Voluntary,6,20,2003
Glenn_01.01.2003-06.21.2013.csv,Glenn,39.6559,-121.9941,W001,2013-09-18 13:29:54,396559N1219941W001,21N01W20R001M,7/30/2003,00:00,,,16.600,0.000,16.600,122.880,122.380,106.280,16.100,UNK - Unknown,Unknown,Department of Water Resources,Voluntary,7,30,2003
Glenn_01.01.2003-06.21.2013.csv,Glenn,39.6559,-121.9941,W001,2013-09-18 13:29:54,396559N1219941W001,21N01W20R001M,8/28/2003,00:00,,,17.000,0.000,17.000,122.880,122.380,105.880,16.500,UNK - Unknown,Unknown,Department of Water Resources,Voluntary,8,28,2003
Glenn_01.01.2003-06.21.2013.csv,Glenn,39.6559,-121.9941,W001,2013-09-18 13:29:54,396559N1219941W001,21N01W20R001M,9/18/2003,00:00,,,16.900,0.000,16.900,122.880,122.380,105.980,16.400,UNK - Unknown,Unknown,Department of Water Resources,Voluntary,9,18,2003
Glenn_01.01.2003-06.21.2013.csv,Glenn,39.6559,-121.9941,W001,2013-09-18 13:29:54,396559N1219941W001,21N01W20R001M,10/15/2003,00:00,,,17.300,0.000,17.300,122.880,122.380,105.580,16.800,UNK - Unknown,Unknown,Department of Water Resources,Voluntary,10,15,2003
Glenn_01.01.2003-06.21.2013.csv,Glenn,39.6559,-121.9941,W001,2013-09-18 13:29:54,396559N1219941W001,21N01W20R001M,11/17/2003,00:00,,,16.900,0.000,16.900,122.880,122.380,105.980,16.400,UNK - Unknown,Unknown,Department of Water Resources,Voluntary,11,17,2003
Glenn_01.01.2003-06.21.2013.csv,Glenn,39.6559,-121.9941,W001,2013-09-18 13:29:54,396559N1219941W001,21N01W20R001M,3/31/2004,00:00,,,14.800,0.000,14.800,122.880,122.380,108.080,14.300,UNK - Unknown,Unknown,Department of Water Resources,Voluntary,3,31,2004
Glenn_01.01.2003-06.21.2013.csv,Glenn,39.6559,-121.9941,W001,2013-09-18 13:29:54,396559N1219941W001,21N01W20R001M,4/27/2004,00:00,,,16.700,0.000,16.700,122.880,122.380,106.180,16.200,UNK - Unknown,Unknown,Department of Water Resources,Voluntary,4,27,2004
Glenn_01.01.2003-06.21.2013.csv,Glenn,39.6559,-121.9941,W001,2013-09-18 13:29:54,396559N1219941W001,21N01W20R001M,5/21/2004,00:00,,,16.700,0.000,16.700,122.880,122.380,106.180,16.200,UNK - Unknown,Unknown,Department of Water Resources,Voluntary,5,21,2004
Glenn_01.01.2003-06.21.2013.csv,Glenn,39.6559,-121.9941,W001,2013-09-18 13:29:54,396559N1219941W001,21N01W20R001M,6/22/2004,00:00,,1 - Pumping,21.800,0.000,21.800,122.880,122.380,101.080,21.300,UNK - Unknown,Unknown,Department of Water Resources,Voluntary,6,22,2004
Glenn_01.01.2003-06.21.2013.csv,Glenn,39.6559,-121.9941,W001,2013-09-18 13:29:54,396559N1219941W001,21N01W20R001M,7/28/2004,00:00,,1 - Pumping,22.200,0.000,22.200,122.880,122.380,100.680,21.700,UNK - Unknown,Unknown,Department of Water Resources,Voluntary,7,28,2004
Glenn_01.01.2003-06.21.2013.csv,Glenn,39.6559,-121.9941,W001,2013-09-18 13:29:54,396559N1219941W001,21N01W20R001M,8/25/2004,00:00,,4 - Pumped recently,17.100,0.000,17.100,122.880,122.380,105.780,16.600,UNK - Unknown,Unknown,Department of Water Resources,Voluntary,8,25,2004
Glenn_01.01.2003-06.21.2013.csv,Glenn,39.6559,-121.9941,W001,2013-09-18 13:29:54,396559N1219941W001,21N01W20R001M,9/22/2004,00:00,,,16.600,0.000,16.600,122.880,122.380,106.280,16.100,UNK - Unknown,Unknown,Department of Water Resources,Voluntary,9,22,2004
Glenn_01.01.2003-06.21.2013.csv,Glenn,39.6559,-121.9941,W001,2013-09-18 13:29:54,396559N1219941W001,21N01W20R001M,10/20/2004,00:00,,1 - Pumping,25.000,0.000,25.000,122.880,122.380,97.880,24.500,UNK - Unknown,Unknown,Department of Water Resources,Voluntary,10,20,2004
Glenn_01.01.2003-06.21.2013.csv,Glenn,39.6559,-121.9941,W001,2013-09-18 13:29:54,396559N1219941W001,21N01W20R001M,11/16/2004,00:00,,,17.100,0.000,17.100,122.880,122.380,105.780,16.600,UNK - Unknown,Unknown,Department of Water Resources,Voluntary,11,16,2004
Glenn_01.01.2003-06.21.2013.csv,Glenn,39.6559,-121.9941,W001,2013-09-18 13:29:54,396559N1219941W001,21N01W20R001M,3/29/2005,00:00,,,19.900,0.000,19.900,122.880,122.380,102.980,19.400,UNK - Unknown,Unknown,Department of Water Resources,Voluntary,TAPE MAY HAVE  HUNG UP3,29,2005
Glenn_01.01.2003-06.21.2013.csv,Glenn,39.6559,-121.9941,W001,2013-09-18 13:29:54,396559N1219941W001,21N01W20R001M,4/29/2005,00:00,,2 - Nearby pump operating,29.000,0.000,29.000,122.880,122.380,93.880,28.500,UNK - Unknown,Unknown,Department of Water Resources,Voluntary,4,29,2005
Glenn_01.01.2003-06.21.2013.csv,Glenn,39.6559,-121.9941,W001,2013-09-18 13:29:54,396559N1219941W001,21N01W20R001M,5/26/2005,00:00,,,19.400,0.000,19.400,122.880,122.380,103.480,18.900,UNK - Unknown,Unknown,Department of Water Resources,Voluntary,5,26,2005
Glenn_01.01.2003-06.21.2013.csv,Glenn,39.6559,-121.9941,W001,2013-09-18 13:29:54,396559N1219941W001,21N01W20R001M,6/23/2005,00:00,,,21.600,0.000,21.600,122.880,122.380,101.280,21.100,UNK - Unknown,Unknown,Department of Water Resources,Voluntary,6,23,2005
Glenn_01.01.2003-06.21.2013.csv,Glenn,39.6559,-121.9941,W001,2013-09-18 13:29:54,396559N1219941W001,21N01W20R001M,7/27/2005,00:00,,1 - Pumping,26.000,0.000,26.000,122.880,122.380,96.880,25.500,UNK - Unknown,Unknown,Department of Water Resources,Voluntary,7,27,2005
Glenn_01.01.2003-06.21.2013.csv,Glenn,39.6559,-121.9941,W001,2013-09-18 13:29:54,396559N1219941W001,21N01W20R001M,8/25/2005,00:00,,1 - Pumping,26.000,0.000,26.000,122.880,122.380,96.880,25.500,UNK - Unknown,Unknown,Department of Water Resources,Voluntary,8,25,2005
Glenn_01.01.2003-06.21.2013.csv,Glenn,39.6559,-121.9941,W001,2013-09-18 13:29:54,396559N1219941W001,21N01W20R001M,9/28/2005,00:00,,,25.800,0.000,25.800,122.880,122.380,97.080,25.300,UNK - Unknown,Unknown,Department of Water Resources,Voluntary,9,28,2005
Glenn_01.01.2003-06.21.2013.csv,Glenn,39.6559,-121.9941,W001,2013-09-18 13:29:54,396559N1219941W001,21N01W20R001M,10/19/2005,00:00,,,25.500,0.000,25.500,122.880,122.380,97.380,25.000,UNK - Unknown,Unknown,Department of Water Resources,Voluntary,10,19,2005
Glenn_01.01.2003-06.21.2013.csv,Glenn,39.6559,-121.9941,W001,2013-09-18 13:29:54,396559N1219941W001,21N01W20R001M,3/28/2006,00:00,,6 - Other,8.500,0.000,8.500,122.880,122.380,114.380,8.000,UNK - Unknown,Unknown,Department of Water Resources,Voluntary,3,28,2006
Glenn_01.01.2003-06.21.2013.csv,Glenn,39.6559,-121.9941,W001,2013-09-18 13:29:54,396559N1219941W001,21N01W20R001M,5/18/2006,00:00,,,14.500,0.000,14.500,122.880,122.380,108.380,14.000,UNK - Unknown,Unknown,Department of Water Resources,Voluntary,5,18,2006
Glenn_01.01.2003-06.21.2013.csv,Glenn,39.6559,-121.9941,W001,2013-09-18 13:29:54,396559N1219941W001,21N01W20R001M,8/3/2006,00:00,,,16.200,0.000,16.200,122.880,122.380,106.680,15.700,UNK - Unknown,Unknown,Department of Water Resources,Voluntary,8,3,2006
Glenn_01.01.2003-06.21.2013.csv,Glenn,39.6559,-121.9941,W001,2013-09-18 13:29:54,396559N1219941W001,21N01W20R001M,10/11/2006,00:00,,,25.500,0.000,25.500,122.880,122.380,97.380,25.000,UNK - Unknown,Unknown,Department of Water Resources,Voluntary,10,11,2006
Glenn_01.01.2003-06.21.2013.csv,Glenn,39.6559,-121.9941,W001,2013-09-18 13:29:54,396559N1219941W001,21N01W20R001M,3/19/2007,00:00,,,16.700,0.000,16.700,122.880,122.380,106.180,16.200,UNK - Unknown,Unknown,Department of Water Resources,Voluntary,3,19,2007
Glenn_01.01.2003-06.21.2013.csv,Glenn,39.6559,-121.9941,W001,2013-09-18 13:29:54,396559N1219941W001,21N01W20R001M,8/8/2007,00:00,,,16.900,0.000,16.900,122.880,122.380,105.980,16.400,UNK - Unknown,Unknown,Department of Water Resources,Voluntary,8,8,2007
Glenn_01.01.2003-06.21.2013.csv,Glenn,39.6559,-121.9941,W001,2013-09-18 13:29:54,396559N1219941W001,21N01W20R001M,10/17/2007,00:00,9 - Temporarily inaccessible,,NULL,NULL,NULL,122.880,122.380,NULL,NULL,,,Department of Water Resources,Voluntary,10,17,2007
Glenn_01.01.2003-06.21.2013.csv,Glenn,39.6559,-121.9941,W001,2013-09-18 13:29:54,396559N1219941W001,21N01W20R001M,3/11/2008,00:00,,,16.100,0.000,16.100,122.880,122.380,106.780,15.600,UNK - Unknown,Unknown,Department of Water Resources,Voluntary,3,11,2008
Glenn_01.01.2003-06.21.2013.csv,Glenn,39.6559,-121.9941,W001,2013-09-18 13:29:54,396559N1219941W001,21N01W20R001M,8/6/2008,00:00,,,17.600,0.000,17.600,122.880,122.380,105.280,17.100,UNK - Unknown,Unknown,Department of Water Resources,Voluntary,8,6,2008
Glenn_01.01.2003-06.21.2013.csv,Glenn,39.6559,-121.9941,W001,2013-09-18 13:29:54,396559N1219941W001,21N01W20R001M,10/20/2008,00:00,1 - Pumping,,NULL,NULL,NULL,122.880,122.380,NULL,NULL,,,Department of Water Resources,Voluntary,10,20,2008
Glenn_01.01.2003-06.21.2013.csv,Glenn,39.6559,-121.9941,W001,2013-09-18 13:29:54,396559N1219941W001,21N01W20R001M,1/14/2009,00:00,1 - Pumping,,NULL,NULL,NULL,122.880,122.380,NULL,NULL,,,Department of Water Resources,Voluntary,1,14,2009
Glenn_01.01.2003-06.21.2013.csv,Glenn,39.6559,-121.9941,W001,2013-09-18 13:29:54,396559N1219941W001,21N01W20R001M,3/25/2009,00:00,3 - Tape hung up,,NULL,NULL,NULL,122.880,122.380,NULL,NULL,,,Department of Water Resources,Voluntary,TRIED 4X-KEPT HANGING UP3,25,2009
Glenn_01.01.2003-06.21.2013.csv,Glenn,39.6559,-121.9941,W001,2013-09-18 13:29:54,396559N1219941W001,21N01W20R001M,5/14/2009,00:00,,,17.400,0.000,17.400,122.880,122.380,105.480,16.900,UNK - Unknown,Unknown,Department of Water Resources,Voluntary,5,14,2009
Glenn_01.01.2003-06.21.2013.csv,Glenn,39.6559,-121.9941,W001,2013-09-18 13:29:54,396559N1219941W001,21N01W20R001M,6/24/2009,00:00,,,22.900,0.000,22.900,122.880,122.380,99.980,22.400,UNK - Unknown,Unknown,Department of Water Resources,Voluntary,6,24,2009
Glenn_01.01.2003-06.21.2013.csv,Glenn,39.6559,-121.9941,W001,2013-09-18 13:29:54,396559N1219941W001,21N01W20R001M,8/5/2009,00:00,9 - Temporarily inaccessible,,NULL,NULL,NULL,122.880,122.380,NULL,NULL,,,Department of Water Resources,Voluntary,8,5,2009
Glenn_01.01.2003-06.21.2013.csv,Glenn,39.6559,-121.9941,W001,2013-09-18 13:29:54,396559N1219941W001,21N01W20R001M,9/16/2009,00:00,1 - Pumping,,NULL,NULL,NULL,122.880,122.380,NULL,NULL,,,Department of Water Resources,Voluntary,9,16,2009
Glenn_01.01.2003-06.21.2013.csv,Glenn,39.6559,-121.9941,W001,2013-09-18 13:29:54,396559N1219941W001,21N01W20R001M,10/22/2009,00:00,,,17.600,0.000,17.600,122.880,122.380,105.280,17.100,UNK - Unknown,Unknown,Department of Water Resources,Voluntary,10,22,2009
Glenn_01.01.2003-06.21.2013.csv,Glenn,39.6559,-121.9941,W001,2013-09-18 13:29:54,396559N1219941W001,21N01W20R001M,3/25/2010,00:00,,,15.900,0.000,15.900,122.880,122.380,106.980,15.400,UNK - Unknown,Unknown,Department of Water Resources,Voluntary,3,25,2010
Glenn_01.01.2003-06.21.2013.csv,Glenn,39.6559,-121.9941,W001,2013-09-18 13:29:54,396559N1219941W001,21N01W20R001M,8/2/2010,00:00,,,17.500,0.000,17.500,122.880,122.380,105.380,17.000,UNK - Unknown,Unknown,Department of Water Resources,Voluntary,8,2,2010
Glenn_01.01.2003-06.21.2013.csv,Glenn,39.6559,-121.9941,W001,2013-09-18 13:29:54,396559N1219941W001,21N01W20R001M,10/20/2010,00:00,,,17.400,0.000,17.400,122.880,122.380,105.480,16.900,UNK - Unknown,Unknown,Department of Water Resources,Voluntary,10,20,2010
Glenn_01.01.2003-06.21.2013.csv,Glenn,39.6559,-121.9941,W001,2013-09-18 13:29:54,396559N1219941W001,21N01W20R001M,4/6/2011,00:00,9 - Temporarily inaccessible,,NULL,NULL,NULL,122.880,122.380,NULL,NULL,,,Department of Water Resources,Voluntary,4,6,2011
Glenn_01.01.2003-06.21.2013.csv,Glenn,39.6559,-121.9941,W001,2013-09-18 13:29:54,396559N1219941W001,21N01W20R001M,8/3/2011,00:00,,,22.500,0.000,22.500,122.880,122.380,100.380,22.000,UNK - Unknown,Unknown,Department of Water Resources,Voluntary,8,3,2011
Glenn_01.01.2003-06.21.2013.csv,Glenn,39.6559,-121.9941,W001,2013-09-18 13:29:54,396559N1219941W001,21N01W20R001M,10/11/2011,00:00,,,18.000,0.000,18.000,122.880,122.380,104.880,17.500,UNK - Unknown,Unknown,Department of Water Resources,Voluntary,10,11,2011
Glenn_01.01.2003-06.21.2013.csv,Glenn,39.6559,-121.9941,W001,2013-09-18 13:29:54,396559N1219941W001,21N01W20R001M,3/18/2013,00:00,1 - Pumping,,NULL,NULL,NULL,122.880,122.380,NULL,NULL,,,Department of Water Resources,Voluntary,3,18,2013
Glenn_01.01.2003-06.21.2013.csv,Glenn,39.6564,-122.1503,W001,2013-09-18 13:29:54,396564N1221503W001,21N03W24P001M,10/12/2011,00:00,,,55.600,0.000,55.600,181.080,180.430,125.480,54.950,ST - Steel tape measurement,0.1 Ft,Department of Water Resources,Voluntary,10,12,2011
Glenn_01.01.2003-06.21.2013.csv,Glenn,39.6564,-122.1503,W001,2013-09-18 13:29:54,396564N1221503W001,21N03W24P001M,3/28/2012,00:00,,,51.000,4.200,46.800,181.080,180.430,134.280,46.150,ST - Steel tape measurement,0.1 Ft,Department of Water Resources,Voluntary,3,28,2012
Glenn_01.01.2003-06.21.2013.csv,Glenn,39.6564,-122.1503,W001,2013-09-18 13:29:54,396564N1221503W001,21N03W24P001M,8/2/2012,00:00,,,55.000,0.500,54.500,181.080,180.430,126.580,53.850,ST - Steel tape measurement,0.1 Ft,Department of Water Resources,Voluntary,8,2,2012
Glenn_01.01.2003-06.21.2013.csv,Glenn,39.6564,-122.1503,W001,2013-09-18 13:29:54,396564N1221503W001,21N03W24P001M,10/16/2012,00:00,,,60.000,-0.300,60.300,181.080,180.430,120.780,59.650,ST - Steel tape measurement,0.1 Ft,Department of Water Resources,Voluntary,10,16,2012
Glenn_01.01.2003-06.21.2013.csv,Glenn,39.6564,-122.1503,W001,2013-09-18 13:29:54,396564N1221503W001,21N03W24P001M,3/21/2013,00:00,,,62.000,10.500,51.500,181.080,180.430,129.580,50.850,ST - Steel tape measurement,0.1 Ft,Department of Water Resources,Voluntary,3,21,2013
Glenn_01.01.2003-06.21.2013.csv,Glenn,39.6617,-122.1828,W001,2013-09-18 13:29:54,396617N1221828W001,21N03W22H001M,10/12/2011,00:00,,,69.200,0.000,69.200,204.450,204.450,135.250,69.200,ST - Steel tape measurement,0.1 Ft,Department of Water Resources,Voluntary,10,12,2011
Glenn_01.01.2003-06.21.2013.csv,Glenn,39.6617,-122.1828,W001,2013-09-18 13:29:54,396617N1221828W001,21N03W22H001M,3/28/2012,00:00,,,60.000,5.100,54.900,204.450,204.450,149.550,54.900,ST - Steel tape measurement,0.1 Ft,Department of Water Resources,Voluntary,3,28,2012
Glenn_01.01.2003-06.21.2013.csv,Glenn,39.6617,-122.1828,W001,2013-09-18 13:29:54,396617N1221828W001,21N03W22H001M,8/2/2012,00:00,,,72.000,4.800,67.200,204.450,204.450,137.250,67.200,ST - Steel tape measurement,0.1 Ft,Department of Water Resources,Voluntary,8,2,2012
Glenn_01.01.2003-06.21.2013.csv,Glenn,39.6617,-122.1828,W001,2013-09-18 13:29:54,396617N1221828W001,21N03W22H001M,10/17/2012,00:00,,,75.000,0.500,74.500,204.450,204.450,129.950,74.500,ST - Steel tape measurement,0.1 Ft,Department of Water Resources,Voluntary,10,17,2012
Glenn_01.01.2003-06.21.2013.csv,Glenn,39.6617,-122.1828,W001,2013-09-18 13:29:54,396617N1221828W001,21N03W22H001M,3/21/2013,00:00,,,61.000,2.100,58.900,204.450,204.450,145.550,58.900,ST - Steel tape measurement,0.1 Ft,Department of Water Resources,Voluntary,3,21,2013
Glenn_01.01.2003-06.21.2013.csv,Glenn,39.6628,-122.0553,W001,2013-09-18 13:29:54,396628N1220553W001,21N02W23G001M,10/12/2011,00:00,3 - Tape hung up,,NULL,NULL,NULL,154.900,154.400,NULL,NULL,,,Department of Water Resources,Voluntary,10,12,2011
Glenn_01.01.2003-06.21.2013.csv,Glenn,39.6628,-122.0553,W001,2013-09-18 13:29:54,396628N1220553W001,21N02W23G001M,3/29/2012,00:00,,,35.000,8.600,26.400,154.900,154.400,128.500,25.900,ST - Steel tape measurement,0.1 Ft,Department of Water Resources,Voluntary,3,29,2012
Glenn_01.01.2003-06.21.2013.csv,Glenn,39.6628,-122.0553,W001,2013-09-18 13:29:54,396628N1220553W001,21N02W23G001M,7/31/2012,00:00,1 - Pumping,,NULL,NULL,NULL,154.900,154.400,NULL,NULL,,,Department of Water Resources,Voluntary,7,31,2012
Glenn_01.01.2003-06.21.2013.csv,Glenn,39.6628,-122.0553,W001,2013-09-18 13:29:54,396628N1220553W001,21N02W23G001M,10/16/2012,00:00,,,40.000,3.300,36.700,154.900,154.400,118.200,36.200,ST - Steel tape measurement,0.1 Ft,Department of Water Resources,Voluntary,10,16,2012
Glenn_01.01.2003-06.21.2013.csv,Glenn,39.6628,-122.0553,W001,2013-09-18 13:29:54,396628N1220553W001,21N02W23G001M,3/13/2003,00:00,,,20.800,0.000,20.800,154.900,154.400,134.100,20.300,UNK - Unknown,Unknown,Department of Water Resources,Voluntary,3,13,2003
Glenn_01.01.2003-06.21.2013.csv,Glenn,39.6628,-122.0553,W001,2013-09-18 13:29:54,396628N1220553W001,21N02W23G001M,4/8/2003,00:00,,,20.200,0.000,20.200,154.900,154.400,134.700,19.700,UNK - Unknown,Unknown,Department of Water Resources,Voluntary,4,8,2003
Glenn_01.01.2003-06.21.2013.csv,Glenn,39.6628,-122.0553,W001,2013-09-18 13:29:54,396628N1220553W001,21N02W23G001M,5/20/2003,00:00,,1 - Pumping,42.700,0.000,42.700,154.900,154.400,112.200,42.200,UNK - Unknown,Unknown,Department of Water Resources,Voluntary,5,20,2003
Glenn_01.01.2003-06.21.2013.csv,Glenn,39.6628,-122.0553,W001,2013-09-18 13:29:54,396628N1220553W001,21N02W23G001M,6/20/2003,00:00,,,37.200,0.000,37.200,154.900,154.400,117.700,36.700,UNK - Unknown,Unknown,Department of Water Resources,Voluntary,6,20,2003
Glenn_01.01.2003-06.21.2013.csv,Glenn,39.6628,-122.0553,W001,2013-09-18 13:29:54,396628N1220553W001,21N02W23G001M,7/30/2003,00:00,,1 - Pumping,40.300,0.000,40.300,154.900,154.400,114.600,39.800,UNK - Unknown,Unknown,Department of Water Resources,Voluntary,7,30,2003
Glenn_01.01.2003-06.21.2013.csv,Glenn,39.6628,-122.0553,W001,2013-09-18 13:29:54,396628N1220553W001,21N02W23G001M,8/28/2003,00:00,,1 - Pumping,40.000,0.000,40.000,154.900,154.400,114.900,39.500,UNK - Unknown,Unknown,Department of Water Resources,Voluntary,8,28,2003
Glenn_01.01.2003-06.21.2013.csv,Glenn,39.6628,-122.0553,W001,2013-09-18 13:29:54,396628N1220553W001,21N02W23G001M,9/18/2003,00:00,,1 - Pumping,37.600,0.000,37.600,154.900,154.400,117.300,37.100,UNK - Unknown,Unknown,Department of Water Resources,Voluntary,9,18,2003
Glenn_01.01.2003-06.21.2013.csv,Glenn,39.6628,-122.0553,W001,2013-09-18 13:29:54,396628N1220553W001,21N02W23G001M,10/15/2003,00:00,,,28.000,0.000,28.000,154.900,154.400,126.900,27.500,UNK - Unknown,Unknown,Department of Water Resources,Voluntary,10,15,2003
Glenn_01.01.2003-06.21.2013.csv,Glenn,39.6628,-122.0553,W001,2013-09-18 13:29:54,396628N1220553W001,21N02W23G001M,11/18/2003,00:00,,,26.200,0.000,26.200,154.900,154.400,128.700,25.700,UNK - Unknown,Unknown,Department of Water Resources,Voluntary,11,18,2003
Glenn_01.01.2003-06.21.2013.csv,Glenn,39.6628,-122.0553,W001,2013-09-18 13:29:54,396628N1220553W001,21N02W23G001M,3/31/2004,00:00,,8 - Oil or foreign substance in casing,17.300,0.000,17.300,154.900,154.400,137.600,16.800,UNK - Unknown,Unknown,Department of Water Resources,Voluntary,3,31,2004
Glenn_01.01.2003-06.21.2013.csv,Glenn,39.6628,-122.0553,W001,2013-09-18 13:29:54,396628N1220553W001,21N02W23G001M,4/27/2004,00:00,,1 - Pumping,31.200,0.000,31.200,154.900,154.400,123.700,30.700,UNK - Unknown,Unknown,Department of Water Resources,Voluntary,4,27,2004
Glenn_01.01.2003-06.21.2013.csv,Glenn,39.6628,-122.0553,W001,2013-09-18 13:29:54,396628N1220553W001,21N02W23G001M,5/21/2004,00:00,,,22.300,0.000,22.300,154.900,154.400,132.600,21.800,UNK - Unknown,Unknown,Department of Water Resources,Voluntary,5,21,2004
Glenn_01.01.2003-06.21.2013.csv,Glenn,39.6628,-122.0553,W001,2013-09-18 13:29:54,396628N1220553W001,21N02W23G001M,6/22/2004,00:00,,,26.800,0.000,26.800,154.900,154.400,128.100,26.300,UNK - Unknown,Unknown,Department of Water Resources,Voluntary,6,22,2004
Glenn_01.01.2003-06.21.2013.csv,Glenn,39.6628,-122.0553,W001,2013-09-18 13:29:54,396628N1220553W001,21N02W23G001M,7/28/2004,00:00,,,30.300,0.000,30.300,154.900,154.400,124.600,29.800,UNK - Unknown,Unknown,Department of Water Resources,Voluntary,7,28,2004
Glenn_01.01.2003-06.21.2013.csv,Glenn,39.6628,-122.0553,W001,2013-09-18 13:29:54,396628N1220553W001,21N02W23G001M,8/25/2004,00:00,,,30.200,0.000,30.200,154.900,154.400,124.700,29.700,UNK - Unknown,Unknown,Department of Water Resources,Voluntary,8,25,2004
Glenn_01.01.2003-06.21.2013.csv,Glenn,39.6628,-122.0553,W001,2013-09-18 13:29:54,396628N1220553W001,21N02W23G001M,9/22/2004,00:00,,,29.100,0.000,29.100,154.900,154.400,125.800,28.600,UNK - Unknown,Unknown,Department of Water Resources,Voluntary,9,22,2004
Glenn_01.01.2003-06.21.2013.csv,Glenn,39.6628,-122.0553,W001,2013-09-18 13:29:54,396628N1220553W001,21N02W23G001M,10/20/2004,00:00,,,27.600,0.000,27.600,154.900,154.400,127.300,27.100,UNK - Unknown,Unknown,Department of Water Resources,Voluntary,10,20,2004
Glenn_01.01.2003-06.21.2013.csv,Glenn,39.6628,-122.0553,W001,2013-09-18 13:29:54,396628N1220553W001,21N02W23G001M,11/16/2004,00:00,,,25.500,0.000,25.500,154.900,154.400,129.400,25.000,UNK - Unknown,Unknown,Department of Water Resources,Voluntary,11,16,2004
Glenn_01.01.2003-06.21.2013.csv,Glenn,39.6628,-122.0553,W001,2013-09-18 13:29:54,396628N1220553W001,21N02W23G001M,3/29/2005,00:00,,,20.300,0.000,20.300,154.900,154.400,134.600,19.800,UNK - Unknown,Unknown,Department of Water Resources,Voluntary,3,29,2005
Glenn_01.01.2003-06.21.2013.csv,Glenn,39.6628,-122.0553,W001,2013-09-18 13:29:54,396628N1220553W001,21N02W23G001M,4/29/2005,00:00,1 - Pumping,,NULL,NULL,NULL,154.900,154.400,NULL,NULL,,,Department of Water Resources,Voluntary,4,29,2005
Glenn_01.01.2003-06.21.2013.csv,Glenn,39.6628,-122.0553,W001,2013-09-18 13:29:54,396628N1220553W001,21N02W23G001M,5/26/2005,00:00,,,21.000,0.000,21.000,154.900,154.400,133.900,20.500,UNK - Unknown,Unknown,Department of Water Resources,Voluntary,5,26,2005
Glenn_01.01.2003-06.21.2013.csv,Glenn,39.6628,-122.0553,W001,2013-09-18 13:29:54,396628N1220553W001,21N02W23G001M,6/22/2005,00:00,,,23.000,0.000,23.000,154.900,154.400,131.900,22.500,UNK - Unknown,Unknown,Department of Water Resources,Voluntary,6,22,2005
Glenn_01.01.2003-06.21.2013.csv,Glenn,39.6628,-122.0553,W001,2013-09-18 13:29:54,396628N1220553W001,21N02W23G001M,7/28/2005,00:00,,,26.600,0.000,26.600,154.900,154.400,128.300,26.100,UNK - Unknown,Unknown,Department of Water Resources,Voluntary,7,28,2005
Glenn_01.01.2003-06.21.2013.csv,Glenn,39.6628,-122.0553,W001,2013-09-18 13:29:54,396628N1220553W001,21N02W23G001M,8/24/2005,00:00,,,29.200,0.000,29.200,154.900,154.400,125.700,28.700,UNK - Unknown,Unknown,Department of Water Resources,Voluntary,8,24,2005
Glenn_01.01.2003-06.21.2013.csv,Glenn,39.6628,-122.0553,W001,2013-09-18 13:29:54,396628N1220553W001,21N02W23G001M,9/28/2005,00:00,,,28.000,0.000,28.000,154.900,154.400,126.900,27.500,UNK - Unknown,Unknown,Department of Water Resources,Voluntary,9,28,2005
Glenn_01.01.2003-06.21.2013.csv,Glenn,39.6628,-122.0553,W001,2013-09-18 13:29:54,396628N1220553W001,21N02W23G001M,10/20/2005,00:00,,,27.300,0.000,27.300,154.900,154.400,127.600,26.800,UNK - Unknown,Unknown,Department of Water Resources,Voluntary,10,20,2005
Glenn_01.01.2003-06.21.2013.csv,Glenn,39.6628,-122.0553,W001,2013-09-18 13:29:54,396628N1220553W001,21N02W23G001M,3/28/2006,00:00,,,17.000,0.000,17.000,154.900,154.400,137.900,16.500,UNK - Unknown,Unknown,Department of Water Resources,Voluntary,3,28,2006
Glenn_01.01.2003-06.21.2013.csv,Glenn,39.6628,-122.0553,W001,2013-09-18 13:29:54,396628N1220553W001,21N02W23G001M,5/18/2006,00:00,,1 - Pumping,29.500,0.000,29.500,154.900,154.400,125.400,29.000,UNK - Unknown,Unknown,Department of Water Resources,Voluntary,5,18,2006
Glenn_01.01.2003-06.21.2013.csv,Glenn,39.6628,-122.0553,W001,2013-09-18 13:29:54,396628N1220553W001,21N02W23G001M,8/2/2006,00:00,,,26.700,0.000,26.700,154.900,154.400,128.200,26.200,UNK - Unknown,Unknown,Department of Water Resources,Voluntary,8,2,2006
Glenn_01.01.2003-06.21.2013.csv,Glenn,39.6628,-122.0553,W001,2013-09-18 13:29:54,396628N1220553W001,21N02W23G001M,10/11/2006,00:00,,,26.200,0.000,26.200,154.900,154.400,128.700,25.700,UNK - Unknown,Unknown,Department of Water Resources,Voluntary,10,11,2006
Glenn_01.01.2003-06.21.2013.csv,Glenn,39.6628,-122.0553,W001,2013-09-18 13:29:54,396628N1220553W001,21N02W23G001M,3/19/2007,00:00,,,23.500,0.000,23.500,154.900,154.400,131.400,23.000,UNK - Unknown,Unknown,Department of Water Resources,Voluntary,3,19,2007
Glenn_01.01.2003-06.21.2013.csv,Glenn,39.6628,-122.0553,W001,2013-09-18 13:29:54,396628N1220553W001,21N02W23G001M,8/8/2007,00:00,1 - Pumping,,NULL,NULL,NULL,154.900,154.400,NULL,NULL,,,Department of Water Resources,Voluntary,8,8,2007
Glenn_01.01.2003-06.21.2013.csv,Glenn,39.6628,-122.0553,W001,2013-09-18 13:29:54,396628N1220553W001,21N02W23G001M,8/2/2007,00:00,,,36.300,0.000,36.300,154.900,154.400,118.600,35.800,UNK - Unknown,Unknown,Department of Water Resources,Voluntary,8,2,2007
Glenn_01.01.2003-06.21.2013.csv,Glenn,39.6628,-122.0553,W001,2013-09-18 13:29:54,396628N1220553W001,21N02W23G001M,10/17/2007,00:00,,,32.600,0.000,32.600,154.900,154.400,122.300,32.100,UNK - Unknown,Unknown,Department of Water Resources,Voluntary,10,17,2007
Glenn_01.01.2003-06.21.2013.csv,Glenn,39.6628,-122.0553,W001,2013-09-18 13:29:54,396628N1220553W001,21N02W23G001M,3/11/2008,00:00,,,24.600,0.000,24.600,154.900,154.400,130.300,24.100,UNK - Unknown,Unknown,Department of Water Resources,Voluntary,3,11,2008
Glenn_01.01.2003-06.21.2013.csv,Glenn,39.6628,-122.0553,W001,2013-09-18 13:29:54,396628N1220553W001,21N02W23G001M,7/17/2008,00:00,,,36.800,0.000,36.800,154.900,154.400,118.100,36.300,UNK - Unknown,Unknown,Department of Water Resources,Voluntary,7,17,2008
Glenn_01.01.2003-06.21.2013.csv,Glenn,39.6628,-122.0553,W001,2013-09-18 13:29:54,396628N1220553W001,21N02W23G001M,8/4/2008,00:00,1 - Pumping,,NULL,NULL,NULL,154.900,154.400,NULL,NULL,,,Department of Water Resources,Voluntary,8,4,2008
Glenn_01.01.2003-06.21.2013.csv,Glenn,39.6628,-122.0553,W001,2013-09-18 13:29:54,396628N1220553W001,21N02W23G001M,10/20/2008,00:00,,,35.900,0.000,35.900,154.900,154.400,119.000,35.400,UNK - Unknown,Unknown,Department of Water Resources,Voluntary,10,20,2008
Glenn_01.01.2003-06.21.2013.csv,Glenn,39.6628,-122.0553,W001,2013-09-18 13:29:54,396628N1220553W001,21N02W23G001M,1/13/2009,00:00,,,33.800,0.000,33.800,154.900,154.400,121.100,33.300,UNK - Unknown,Unknown,Department of Water Resources,Voluntary,1,13,2009
Glenn_01.01.2003-06.21.2013.csv,Glenn,39.6628,-122.0553,W001,2013-09-18 13:29:54,396628N1220553W001,21N02W23G001M,3/25/2009,00:00,,,27.200,0.000,27.200,154.900,154.400,127.700,26.700,UNK - Unknown,Unknown,Department of Water Resources,Voluntary,3,25,2009
Glenn_01.01.2003-06.21.2013.csv,Glenn,39.6628,-122.0553,W001,2013-09-18 13:29:54,396628N1220553W001,21N02W23G001M,5/14/2009,00:00,1 - Pumping,,NULL,NULL,NULL,154.900,154.400,NULL,NULL,,,Department of Water Resources,Voluntary,5,14,2009
Glenn_01.01.2003-06.21.2013.csv,Glenn,39.6628,-122.0553,W001,2013-09-18 13:29:54,396628N1220553W001,21N02W23G001M,6/24/2009,00:00,1 - Pumping,,NULL,NULL,NULL,154.900,154.400,NULL,NULL,,,Department of Water Resources,Voluntary,6,24,2009
Glenn_01.01.2003-06.21.2013.csv,Glenn,39.6628,-122.0553,W001,2013-09-18 13:29:54,396628N1220553W001,21N02W23G001M,8/5/2009,00:00,1 - Pumping,,NULL,NULL,NULL,154.900,154.400,NULL,NULL,,,Department of Water Resources,Voluntary,8,5,2009
Glenn_01.01.2003-06.21.2013.csv,Glenn,39.6628,-122.0553,W001,2013-09-18 13:29:54,396628N1220553W001,21N02W23G001M,8/27/2009,00:00,,,41.700,0.000,41.700,154.900,154.400,113.200,41.200,UNK - Unknown,Unknown,County of Glenn,Voluntary,8,27,2009
Glenn_01.01.2003-06.21.2013.csv,Glenn,39.6628,-122.0553,W001,2013-09-18 13:29:54,396628N1220553W001,21N02W23G001M,9/16/2009,00:00,,,40.000,0.000,40.000,154.900,154.400,114.900,39.500,UNK - Unknown,Unknown,Department of Water Resources,Voluntary,9,16,2009
Glenn_01.01.2003-06.21.2013.csv,Glenn,39.6628,-122.0553,W001,2013-09-18 13:29:54,396628N1220553W001,21N02W23G001M,10/22/2009,00:00,9 - Temporarily inaccessible,,NULL,NULL,NULL,154.900,154.400,NULL,NULL,,,Department of Water Resources,Voluntary,10,22,2009
Glenn_01.01.2003-06.21.2013.csv,Glenn,39.6628,-122.0553,W001,2013-09-18 13:29:54,396628N1220553W001,21N02W23G001M,3/25/2010,00:00,,,26.700,0.000,26.700,154.900,154.400,128.200,26.200,UNK - Unknown,Unknown,Department of Water Resources,Voluntary,3,25,2010
Glenn_01.01.2003-06.21.2013.csv,Glenn,39.6628,-122.0553,W001,2013-09-18 13:29:54,396628N1220553W001,21N02W23G001M,8/2/2010,00:00,,,39.000,0.000,39.000,154.900,154.400,115.900,38.500,UNK - Unknown,Unknown,Department of Water Resources,Voluntary,8,2,2010
Glenn_01.01.2003-06.21.2013.csv,Glenn,39.6628,-122.0553,W001,2013-09-18 13:29:54,396628N1220553W001,21N02W23G001M,10/20/2010,00:00,,,35.300,0.000,35.300,154.900,154.400,119.600,34.800,UNK - Unknown,Unknown,Department of Water Resources,Voluntary,10,20,2010
Glenn_01.01.2003-06.21.2013.csv,Glenn,39.6628,-122.0553,W001,2013-09-18 13:29:54,396628N1220553W001,21N02W23G001M,4/6/2011,00:00,,,24.600,0.000,24.600,154.900,154.400,130.300,24.100,UNK - Unknown,Unknown,Department of Water Resources,Voluntary,4,6,2011
Glenn_01.01.2003-06.21.2013.csv,Glenn,39.6628,-122.0553,W001,2013-09-18 13:29:54,396628N1220553W001,21N02W23G001M,8/3/2011,00:00,,,33.500,0.000,33.500,154.900,154.400,121.400,33.000,UNK - Unknown,Unknown,Department of Water Resources,Voluntary,8,3,2011
Glenn_01.01.2003-06.21.2013.csv,Glenn,39.6628,-122.0553,W001,2013-09-18 13:29:54,396628N1220553W001,21N02W23G001M,10/12/2011,00:00,3 - Tape hung up,,NULL,NULL,NULL,154.900,154.400,NULL,NULL,,,Department of Water Resources,Voluntary,10,12,2011
Glenn_01.01.2003-06.21.2013.csv,Glenn,39.6628,-122.0553,W001,2013-09-18 13:29:54,396628N1220553W001,21N02W23G001M,3/21/2013,00:00,3 - Tape hung up,,NULL,NULL,NULL,154.900,154.400,NULL,NULL,,,Department of Water Resources,Voluntary,3,21,2013
Glenn_01.01.2003-06.21.2013.csv,Glenn,39.667,-122.1769,W001,2013-09-18 13:29:54,396670N1221769W001,Van Tol Well D,1/23/2003,00:00,,,39.700,0.000,39.700,205.420,203.070,165.720,37.350,UNK - Unknown,Unknown,ORLAND - ARTOIS WATER DISTRICT,Voluntary,1,23,2003
Glenn_01.01.2003-06.21.2013.csv,Glenn,39.667,-122.1769,W001,2013-09-18 13:29:54,396670N1221769W001,Van Tol Well D,2/20/2003,00:00,,,38.200,0.000,38.200,205.420,203.070,167.220,35.850,UNK - Unknown,Unknown,ORLAND - ARTOIS WATER DISTRICT,Voluntary,2,20,2003
Glenn_01.01.2003-06.21.2013.csv,Glenn,39.667,-122.1769,W001,2013-09-18 13:29:54,396670N1221769W001,Van Tol Well D,3/3/2003,00:00,,,37.200,0.000,37.200,205.420,203.070,168.220,34.850,UNK - Unknown,Unknown,ORLAND - ARTOIS WATER DISTRICT,Voluntary,3,3,2003
Glenn_01.01.2003-06.21.2013.csv,Glenn,39.667,-122.1769,W001,2013-09-18 13:29:54,396670N1221769W001,Van Tol Well D,4/1/2003,00:00,,,36.100,0.000,36.100,205.420,203.070,169.320,33.750,UNK - Unknown,Unknown,ORLAND - ARTOIS WATER DISTRICT,Voluntary,4,1,2003
Glenn_01.01.2003-06.21.2013.csv,Glenn,39.667,-122.1769,W001,2013-09-18 13:29:54,396670N1221769W001,Van Tol Well D,5/12/2003,00:00,,,36.600,0.000,36.600,205.420,203.070,168.820,34.250,UNK - Unknown,Unknown,ORLAND - ARTOIS WATER DISTRICT,Voluntary,5,12,2003
Glenn_01.01.2003-06.21.2013.csv,Glenn,39.667,-122.1769,W001,2013-09-18 13:29:54,396670N1221769W001,Van Tol Well D,7/1/2003,00:00,,,39.440,0.000,39.440,205.420,203.070,165.980,37.090,UNK - Unknown,Unknown,ORLAND - ARTOIS WATER DISTRICT,Voluntary,7,1,2003
Glenn_01.01.2003-06.21.2013.csv,Glenn,39.667,-122.1769,W001,2013-09-18 13:29:54,396670N1221769W001,Van Tol Well D,7/24/2003,00:00,,,41.030,0.000,41.030,205.420,203.070,164.390,38.680,UNK - Unknown,Unknown,ORLAND - ARTOIS WATER DISTRICT,Voluntary,7,24,2003
Glenn_01.01.2003-06.21.2013.csv,Glenn,39.667,-122.1769,W001,2013-09-18 13:29:54,396670N1221769W001,Van Tol Well D,8/28/2003,00:00,,,41.930,0.000,41.930,205.420,203.070,163.490,39.580,UNK - Unknown,Unknown,ORLAND - ARTOIS WATER DISTRICT,Voluntary,8,28,2003
Glenn_01.01.2003-06.21.2013.csv,Glenn,39.667,-122.1769,W001,2013-09-18 13:29:54,396670N1221769W001,Van Tol Well D,10/30/2003,00:00,,,42.200,0.000,42.200,205.420,203.070,163.220,39.850,UNK - Unknown,Unknown,ORLAND - ARTOIS WATER DISTRICT,Voluntary,10,30,2003
Glenn_01.01.2003-06.21.2013.csv,Glenn,39.667,-122.1769,W001,2013-09-18 13:29:54,396670N1221769W001,Van Tol Well D,9/25/2003,00:00,,,42.500,0.000,42.500,205.420,203.070,162.920,40.150,UNK - Unknown,Unknown,ORLAND - ARTOIS WATER DISTRICT,Voluntary,9,25,2003
Glenn_01.01.2003-06.21.2013.csv,Glenn,39.667,-122.1769,W001,2013-09-18 13:29:54,396670N1221769W001,Van Tol Well D,11/30/2003,00:00,,,41.600,0.000,41.600,205.420,203.070,163.820,39.250,UNK - Unknown,Unknown,ORLAND - ARTOIS WATER DISTRICT,Voluntary,11,30,2003
Glenn_01.01.2003-06.21.2013.csv,Glenn,39.667,-122.1769,W001,2013-09-18 13:29:54,396670N1221769W001,Van Tol Well D,2/24/2004,00:00,,,35.700,0.000,35.700,205.420,203.070,169.720,33.350,UNK - Unknown,Unknown,ORLAND - ARTOIS WATER DISTRICT,Voluntary,2,24,2004
Glenn_01.01.2003-06.21.2013.csv,Glenn,39.667,-122.1769,W001,2013-09-18 13:29:54,396670N1221769W001,Van Tol Well D,3/31/2004,00:00,,,33.400,0.000,33.400,205.420,203.070,172.020,31.050,UNK - Unknown,Unknown,ORLAND - ARTOIS WATER DISTRICT,Voluntary,3,31,2004
Glenn_01.01.2003-06.21.2013.csv,Glenn,39.667,-122.1769,W001,2013-09-18 13:29:54,396670N1221769W001,Van Tol Well D,4/29/2004,00:00,,,34.000,0.000,34.000,205.420,203.070,171.420,31.650,UNK - Unknown,Unknown,ORLAND - ARTOIS WATER DISTRICT,Voluntary,4,29,2004
Glenn_01.01.2003-06.21.2013.csv,Glenn,39.667,-122.1769,W001,2013-09-18 13:29:54,396670N1221769W001,Van Tol Well D,5/26/2004,00:00,,,35.800,0.000,35.800,205.420,203.070,169.620,33.450,UNK - Unknown,Unknown,ORLAND - ARTOIS WATER DISTRICT,Voluntary,5,26,2004
Glenn_01.01.2003-06.21.2013.csv,Glenn,39.667,-122.1769,W001,2013-09-18 13:29:54,396670N1221769W001,Van Tol Well D,12/30/2003,00:00,,,40.100,0.000,40.100,205.420,203.070,165.320,37.750,UNK - Unknown,Unknown,ORLAND - ARTOIS WATER DISTRICT,Voluntary,12,30,2003
Glenn_01.01.2003-06.21.2013.csv,Glenn,39.667,-122.1769,W001,2013-09-18 13:29:54,396670N1221769W001,Van Tol Well D,6/30/2004,00:00,,,37.900,0.000,37.900,205.420,203.070,167.520,35.550,UNK - Unknown,Unknown,ORLAND - ARTOIS WATER DISTRICT,Voluntary,6,30,2004
Glenn_01.01.2003-06.21.2013.csv,Glenn,39.667,-122.1769,W001,2013-09-18 13:29:54,396670N1221769W001,Van Tol Well D,7/29/2004,00:00,,,40.000,0.000,40.000,205.420,203.070,165.420,37.650,UNK - Unknown,Unknown,ORLAND - ARTOIS WATER DISTRICT,Voluntary,7,29,2004
Glenn_01.01.2003-06.21.2013.csv,Glenn,39.667,-122.1769,W001,2013-09-18 13:29:54,396670N1221769W001,Van Tol Well D,8/26/2004,00:00,,,41.300,0.000,41.300,205.420,203.070,164.120,38.950,UNK - Unknown,Unknown,ORLAND - ARTOIS WATER DISTRICT,Voluntary,8,26,2004
Glenn_01.01.2003-06.21.2013.csv,Glenn,39.667,-122.1769,W001,2013-09-18 13:29:54,396670N1221769W001,Van Tol Well D,9/22/2004,00:00,,,41.800,0.000,41.800,205.420,203.070,163.620,39.450,UNK - Unknown,Unknown,ORLAND - ARTOIS WATER DISTRICT,Voluntary,9,22,2004
Glenn_01.01.2003-06.21.2013.csv,Glenn,39.667,-122.1769,W001,2013-09-18 13:29:54,396670N1221769W001,Van Tol Well D,10/28/2004,00:00,,,41.600,0.000,41.600,205.420,203.070,163.820,39.250,UNK - Unknown,Unknown,ORLAND - ARTOIS WATER DISTRICT,Voluntary,10,28,2004
Glenn_01.01.2003-06.21.2013.csv,Glenn,39.667,-122.1769,W001,2013-09-18 13:29:54,396670N1221769W001,Van Tol Well D,12/1/2004,00:00,,,41.300,0.000,41.300,205.420,203.070,164.120,38.950,UNK - Unknown,Unknown,ORLAND - ARTOIS WATER DISTRICT,Voluntary,12,1,2004
Glenn_01.01.2003-06.21.2013.csv,Glenn,39.667,-122.1769,W001,2013-09-18 13:29:54,396670N1221769W001,Van Tol Well D,12/29/2004,00:00,,,40.400,0.000,40.400,205.420,203.070,165.020,38.050,UNK - Unknown,Unknown,ORLAND - ARTOIS WATER DISTRICT,Voluntary,12,29,2004
Glenn_01.01.2003-06.21.2013.csv,Glenn,39.667,-122.1769,W001,2013-09-18 13:29:54,396670N1221769W001,Van Tol Well D,1/31/2005,00:00,,,36.000,0.000,36.000,205.420,203.070,169.420,33.650,UNK - Unknown,Unknown,ORLAND - ARTOIS WATER DISTRICT,Voluntary,1,31,2005
Glenn_01.01.2003-06.21.2013.csv,Glenn,39.667,-122.1769,W001,2013-09-18 13:29:54,396670N1221769W001,Van Tol Well D,2/25/2005,00:00,,,35.900,0.000,35.900,205.420,203.070,169.520,33.550,UNK - Unknown,Unknown,ORLAND - ARTOIS WATER DISTRICT,Voluntary,2,25,2005
Glenn_01.01.2003-06.21.2013.csv,Glenn,39.667,-122.1769,W001,2013-09-18 13:29:54,396670N1221769W001,Van Tol Well D,4/26/2004,00:00,,,34.900,0.000,34.900,205.420,203.070,170.520,32.550,UNK - Unknown,Unknown,ORLAND - ARTOIS WATER DISTRICT,Voluntary,4,26,2004
Glenn_01.01.2003-06.21.2013.csv,Glenn,39.667,-122.1769,W001,2013-09-18 13:29:54,396670N1221769W001,Van Tol Well D,5/27/2005,00:00,,,35.000,0.000,35.000,205.420,203.070,170.420,32.650,UNK - Unknown,Unknown,ORLAND - ARTOIS WATER DISTRICT,Voluntary,5,27,2005
Glenn_01.01.2003-06.21.2013.csv,Glenn,39.667,-122.1769,W001,2013-09-18 13:29:54,396670N1221769W001,Van Tol Well D,7/1/2005,00:00,,,37.400,0.000,37.400,205.420,203.070,168.020,35.050,UNK - Unknown,Unknown,ORLAND - ARTOIS WATER DISTRICT,Voluntary,7,1,2005
Glenn_01.01.2003-06.21.2013.csv,Glenn,39.667,-122.1769,W001,2013-09-18 13:29:54,396670N1221769W001,Van Tol Well D,10/28/2005,00:00,,,80.900,0.000,80.900,205.420,203.070,124.520,78.550,UNK - Unknown,Unknown,ORLAND - ARTOIS WATER DISTRICT,Voluntary,10,28,2005
Glenn_01.01.2003-06.21.2013.csv,Glenn,39.667,-122.1769,W001,2013-09-18 13:29:54,396670N1221769W001,Van Tol Well D,5/25/2006,00:00,,,32.500,0.000,32.500,205.420,203.070,172.920,30.150,UNK - Unknown,Unknown,ORLAND - ARTOIS WATER DISTRICT,Voluntary,5,25,2006
Glenn_01.01.2003-06.21.2013.csv,Glenn,39.667,-122.1769,W001,2013-09-18 13:29:54,396670N1221769W001,Van Tol Well D,4/26/2006,00:00,,,32.300,0.000,32.300,205.420,203.070,173.120,29.950,UNK - Unknown,Unknown,ORLAND - ARTOIS WATER DISTRICT,Voluntary,4,26,2006
Glenn_01.01.2003-06.21.2013.csv,Glenn,39.667,-122.1769,W001,2013-09-18 13:29:54,396670N1221769W001,Van Tol Well D,3/30/2006,00:00,,,35.100,0.000,35.100,205.420,203.070,170.320,32.750,UNK - Unknown,Unknown,ORLAND - ARTOIS WATER DISTRICT,Voluntary,3,30,2006
Glenn_01.01.2003-06.21.2013.csv,Glenn,39.667,-122.1769,W001,2013-09-18 13:29:54,396670N1221769W001,Van Tol Well D,1/31/2006,00:00,,,37.600,0.000,37.600,205.420,203.070,167.820,35.250,UNK - Unknown,Unknown,ORLAND - ARTOIS WATER DISTRICT,Voluntary,1,31,2006
Glenn_01.01.2003-06.21.2013.csv,Glenn,39.667,-122.1769,W001,2013-09-18 13:29:54,396670N1221769W001,Van Tol Well D,1/5/2006,00:00,7 - Special/Other,,NULL,NULL,NULL,205.420,203.070,NULL,NULL,,,ORLAND - ARTOIS WATER DISTRICT,Voluntary,1,5,2006
Glenn_01.01.2003-06.21.2013.csv,Glenn,39.667,-122.1769,W001,2013-09-18 13:29:54,396670N1221769W001,Van Tol Well D,11/30/2005,00:00,,,43.900,0.000,43.900,205.420,203.070,161.520,41.550,UNK - Unknown,Unknown,ORLAND - ARTOIS WATER DISTRICT,Voluntary,11,30,2005
Glenn_01.01.2003-06.21.2013.csv,Glenn,39.667,-122.1769,W001,2013-09-18 13:29:54,396670N1221769W001,Van Tol Well D,4/26/2005,00:00,,,34.900,0.000,34.900,205.420,203.070,170.520,32.550,UNK - Unknown,Unknown,ORLAND - ARTOIS WATER DISTRICT,Voluntary,4,26,2005
Glenn_01.01.2003-06.21.2013.csv,Glenn,39.667,-122.1769,W001,2013-09-18 13:29:54,396670N1221769W001,Van Tol Well D,8/26/2005,00:00,,,42.600,0.000,42.600,205.420,203.070,162.820,40.250,UNK - Unknown,Unknown,ORLAND - ARTOIS WATER DISTRICT,Voluntary,8,26,2005
Glenn_01.01.2003-06.21.2013.csv,Glenn,39.667,-122.1769,W001,2013-09-18 13:29:54,396670N1221769W001,Van Tol Well D,7/28/2005,00:00,,,39.800,0.000,39.800,205.420,203.070,165.620,37.450,UNK - Unknown,Unknown,ORLAND - ARTOIS WATER DISTRICT,Voluntary,7,28,2005
Glenn_01.01.2003-06.21.2013.csv,Glenn,39.667,-122.1769,W001,2013-09-18 13:29:54,396670N1221769W001,Van Tol Well D,6/29/2006,00:00,,,35.000,0.000,35.000,205.420,203.070,170.420,32.650,UNK - Unknown,Unknown,ORLAND - ARTOIS WATER DISTRICT,Voluntary,6,29,2006
Glenn_01.01.2003-06.21.2013.csv,Glenn,39.667,-122.1769,W001,2013-09-18 13:29:54,396670N1221769W001,Van Tol Well D,11/22/2006,00:00,,,39.300,0.000,39.300,205.420,203.070,166.120,36.950,UNK - Unknown,Unknown,ORLAND - ARTOIS WATER DISTRICT,Voluntary,11,22,2006
Glenn_01.01.2003-06.21.2013.csv,Glenn,39.667,-122.1769,W001,2013-09-18 13:29:54,396670N1221769W001,Van Tol Well D,9/29/2006,00:00,,,39.600,0.000,39.600,205.420,203.070,165.820,37.250,UNK - Unknown,Unknown,ORLAND - ARTOIS WATER DISTRICT,Voluntary,9,29,2006
Glenn_01.01.2003-06.21.2013.csv,Glenn,39.6672,-122.1774,W001,2013-09-18 13:29:54,396672N1221774W001,21N03W23D001M,10/12/2011,00:00,,,78.610,0.000,78.610,205.890,204.760,127.280,77.480,ES - Electric sounder measurement,0.01 Ft,Department of Water Resources,CASGEM,10,12,2011
Glenn_01.01.2003-06.21.2013.csv,Glenn,39.6672,-122.1774,W001,2013-09-18 13:29:54,396672N1221774W001,21N03W23D001M,3/28/2012,00:00,,,68.720,0.000,68.720,205.890,204.760,137.170,67.590,ES - Electric sounder measurement,0.01 Ft,Department of Water Resources,CASGEM,3,28,2012
Glenn_01.01.2003-06.21.2013.csv,Glenn,39.6672,-122.1774,W001,2013-09-18 13:29:54,396672N1221774W001,21N03W23D001M,8/2/2012,00:00,,,101.390,0.000,101.390,205.890,204.760,104.500,100.260,ES - Electric sounder measurement,0.01 Ft,Department of Water Resources,CASGEM,8,2,2012
Glenn_01.01.2003-06.21.2013.csv,Glenn,39.6672,-122.1774,W001,2013-09-18 13:29:54,396672N1221774W001,21N03W23D001M,10/17/2012,00:00,,,90.660,0.000,90.660,205.890,204.760,115.230,89.530,ES - Electric sounder measurement,0.01 Ft,Department of Water Resources,CASGEM,10,17,2012
Glenn_01.01.2003-06.21.2013.csv,Glenn,39.6672,-122.1774,W001,2013-09-18 13:29:54,396672N1221774W001,21N03W23D001M,1/23/2003,00:00,,,50.700,0.000,50.700,205.890,204.760,155.190,49.570,UNK - Unknown,Unknown,ORLAND - ARTOIS WATER DISTRICT,Voluntary,1,23,2003
Glenn_01.01.2003-06.21.2013.csv,Glenn,39.6672,-122.1774,W001,2013-09-18 13:29:54,396672N1221774W001,21N03W23D001M,2/20/2003,00:00,,,48.600,0.000,48.600,205.890,204.760,157.290,47.470,UNK - Unknown,Unknown,ORLAND - ARTOIS WATER DISTRICT,Voluntary,2,20,2003
Glenn_01.01.2003-06.21.2013.csv,Glenn,39.6672,-122.1774,W001,2013-09-18 13:29:54,396672N1221774W001,21N03W23D001M,3/3/2003,00:00,,,48.000,0.000,48.000,205.890,204.760,157.890,46.870,UNK - Unknown,Unknown,ORLAND - ARTOIS WATER DISTRICT,Voluntary,3,3,2003
Glenn_01.01.2003-06.21.2013.csv,Glenn,39.6672,-122.1774,W001,2013-09-18 13:29:54,396672N1221774W001,21N03W23D001M,4/1/2003,00:00,,,46.700,0.000,46.700,205.890,204.760,159.190,45.570,UNK - Unknown,Unknown,ORLAND - ARTOIS WATER DISTRICT,Voluntary,4,1,2003
Glenn_01.01.2003-06.21.2013.csv,Glenn,39.6672,-122.1774,W001,2013-09-18 13:29:54,396672N1221774W001,21N03W23D001M,5/12/2003,00:00,,,45.900,0.000,45.900,205.890,204.760,159.990,44.770,UNK - Unknown,Unknown,ORLAND - ARTOIS WATER DISTRICT,Voluntary,5,12,2003
Glenn_01.01.2003-06.21.2013.csv,Glenn,39.6672,-122.1774,W001,2013-09-18 13:29:54,396672N1221774W001,21N03W23D001M,7/1/2003,00:00,,,60.370,0.000,60.370,205.890,204.760,145.520,59.240,UNK - Unknown,Unknown,ORLAND - ARTOIS WATER DISTRICT,Voluntary,7,1,2003
Glenn_01.01.2003-06.21.2013.csv,Glenn,39.6672,-122.1774,W001,2013-09-18 13:29:54,396672N1221774W001,21N03W23D001M,7/24/2003,00:00,,,64.770,0.000,64.770,205.890,204.760,141.120,63.640,UNK - Unknown,Unknown,ORLAND - ARTOIS WATER DISTRICT,Voluntary,7,24,2003
Glenn_01.01.2003-06.21.2013.csv,Glenn,39.6672,-122.1774,W001,2013-09-18 13:29:54,396672N1221774W001,21N03W23D001M,8/28/2003,00:00,,,65.300,0.000,65.300,205.890,204.760,140.590,64.170,UNK - Unknown,Unknown,ORLAND - ARTOIS WATER DISTRICT,Voluntary,8,28,2003
Glenn_01.01.2003-06.21.2013.csv,Glenn,39.6672,-122.1774,W001,2013-09-18 13:29:54,396672N1221774W001,21N03W23D001M,10/30/2003,00:00,,,58.200,0.000,58.200,205.890,204.760,147.690,57.070,UNK - Unknown,Unknown,ORLAND - ARTOIS WATER DISTRICT,Voluntary,10,30,2003
Glenn_01.01.2003-06.21.2013.csv,Glenn,39.6672,-122.1774,W001,2013-09-18 13:29:54,396672N1221774W001,21N03W23D001M,9/25/2003,00:00,,,61.500,0.000,61.500,205.890,204.760,144.390,60.370,UNK - Unknown,Unknown,ORLAND - ARTOIS WATER DISTRICT,Voluntary,9,25,2003
Glenn_01.01.2003-06.21.2013.csv,Glenn,39.6672,-122.1774,W001,2013-09-18 13:29:54,396672N1221774W001,21N03W23D001M,11/30/2003,00:00,,,55.500,0.000,55.500,205.890,204.760,150.390,54.370,UNK - Unknown,Unknown,ORLAND - ARTOIS WATER DISTRICT,Voluntary,11,30,2003
Glenn_01.01.2003-06.21.2013.csv,Glenn,39.6672,-122.1774,W001,2013-09-18 13:29:54,396672N1221774W001,21N03W23D001M,2/24/2004,00:00,,,48.000,0.000,48.000,205.890,204.760,157.890,46.870,UNK - Unknown,Unknown,ORLAND - ARTOIS WATER DISTRICT,Voluntary,2,24,2004
Glenn_01.01.2003-06.21.2013.csv,Glenn,39.6672,-122.1774,W001,2013-09-18 13:29:54,396672N1221774W001,21N03W23D001M,3/31/2004,00:00,,,45.800,0.000,45.800,205.890,204.760,160.090,44.670,UNK - Unknown,Unknown,ORLAND - ARTOIS WATER DISTRICT,Voluntary,3,31,2004
Glenn_01.01.2003-06.21.2013.csv,Glenn,39.6672,-122.1774,W001,2013-09-18 13:29:54,396672N1221774W001,21N03W23D001M,4/29/2004,00:00,,,49.900,0.000,49.900,205.890,204.760,155.990,48.770,UNK - Unknown,Unknown,ORLAND - ARTOIS WATER DISTRICT,Voluntary,4,29,2004
Glenn_01.01.2003-06.21.2013.csv,Glenn,39.6672,-122.1774,W001,2013-09-18 13:29:54,396672N1221774W001,21N03W23D001M,5/26/2004,00:00,,,56.900,0.000,56.900,205.890,204.760,148.990,55.770,UNK - Unknown,Unknown,ORLAND - ARTOIS WATER DISTRICT,Voluntary,5,26,2004
Glenn_01.01.2003-06.21.2013.csv,Glenn,39.6672,-122.1774,W001,2013-09-18 13:29:54,396672N1221774W001,21N03W23D001M,12/30/2003,00:00,,,52.800,0.000,52.800,205.890,204.760,153.090,51.670,UNK - Unknown,Unknown,ORLAND - ARTOIS WATER DISTRICT,Voluntary,12,30,2003
Glenn_01.01.2003-06.21.2013.csv,Glenn,39.6672,-122.1774,W001,2013-09-18 13:29:54,396672N1221774W001,21N03W23D001M,6/30/2004,00:00,,,65.000,0.000,65.000,205.890,204.760,140.890,63.870,UNK - Unknown,Unknown,ORLAND - ARTOIS WATER DISTRICT,Voluntary,6,30,2004
Glenn_01.01.2003-06.21.2013.csv,Glenn,39.6672,-122.1774,W001,2013-09-18 13:29:54,396672N1221774W001,21N03W23D001M,7/29/2004,00:00,,,67.600,0.000,67.600,205.890,204.760,138.290,66.470,UNK - Unknown,Unknown,ORLAND - ARTOIS WATER DISTRICT,Voluntary,7,29,2004
Glenn_01.01.2003-06.21.2013.csv,Glenn,39.6672,-122.1774,W001,2013-09-18 13:29:54,396672N1221774W001,21N03W23D001M,8/26/2004,00:00,,,66.300,0.000,66.300,205.890,204.760,139.590,65.170,UNK - Unknown,Unknown,ORLAND - ARTOIS WATER DISTRICT,Voluntary,8,26,2004
Glenn_01.01.2003-06.21.2013.csv,Glenn,39.6672,-122.1774,W001,2013-09-18 13:29:54,396672N1221774W001,21N03W23D001M,9/22/2004,00:00,,,61.700,0.000,61.700,205.890,204.760,144.190,60.570,UNK - Unknown,Unknown,ORLAND - ARTOIS WATER DISTRICT,Voluntary,9,22,2004
Glenn_01.01.2003-06.21.2013.csv,Glenn,39.6672,-122.1774,W001,2013-09-18 13:29:54,396672N1221774W001,21N03W23D001M,10/28/2004,00:00,,,57.800,0.000,57.800,205.890,204.760,148.090,56.670,UNK - Unknown,Unknown,ORLAND - ARTOIS WATER DISTRICT,Voluntary,10,28,2004
Glenn_01.01.2003-06.21.2013.csv,Glenn,39.6672,-122.1774,W001,2013-09-18 13:29:54,396672N1221774W001,21N03W23D001M,12/1/2004,00:00,,,55.200,0.000,55.200,205.890,204.760,150.690,54.070,UNK - Unknown,Unknown,ORLAND - ARTOIS WATER DISTRICT,Voluntary,12,1,2004
Glenn_01.01.2003-06.21.2013.csv,Glenn,39.6672,-122.1774,W001,2013-09-18 13:29:54,396672N1221774W001,21N03W23D001M,12/29/2004,00:00,,,54.100,0.000,54.100,205.890,204.760,151.790,52.970,UNK - Unknown,Unknown,ORLAND - ARTOIS WATER DISTRICT,Voluntary,12,29,2004
Glenn_01.01.2003-06.21.2013.csv,Glenn,39.6672,-122.1774,W001,2013-09-18 13:29:54,396672N1221774W001,21N03W23D001M,1/31/2005,00:00,,,50.700,0.000,50.700,205.890,204.760,155.190,49.570,UNK - Unknown,Unknown,ORLAND - ARTOIS WATER DISTRICT,Voluntary,1,31,2005
Glenn_01.01.2003-06.21.2013.csv,Glenn,39.6672,-122.1774,W001,2013-09-18 13:29:54,396672N1221774W001,21N03W23D001M,2/25/2005,00:00,,,49.000,0.000,49.000,205.890,204.760,156.890,47.870,UNK - Unknown,Unknown,ORLAND - ARTOIS WATER DISTRICT,Voluntary,2,25,2005
Glenn_01.01.2003-06.21.2013.csv,Glenn,39.6672,-122.1774,W001,2013-09-18 13:29:54,396672N1221774W001,21N03W23D001M,4/26/2004,00:00,,,47.800,0.000,47.800,205.890,204.760,158.090,46.670,UNK - Unknown,Unknown,ORLAND - ARTOIS WATER DISTRICT,Voluntary,4,26,2004
Glenn_01.01.2003-06.21.2013.csv,Glenn,39.6672,-122.1774,W001,2013-09-18 13:29:54,396672N1221774W001,21N03W23D001M,5/27/2005,00:00,,,48.900,0.000,48.900,205.890,204.760,156.990,47.770,UNK - Unknown,Unknown,ORLAND - ARTOIS WATER DISTRICT,Voluntary,5,27,2005
Glenn_01.01.2003-06.21.2013.csv,Glenn,39.6672,-122.1774,W001,2013-09-18 13:29:54,396672N1221774W001,21N03W23D001M,7/1/2005,00:00,,,61.600,0.000,61.600,205.890,204.760,144.290,60.470,UNK - Unknown,Unknown,ORLAND - ARTOIS WATER DISTRICT,Voluntary,7,1,2005
Glenn_01.01.2003-06.21.2013.csv,Glenn,39.6672,-122.1774,W001,2013-09-18 13:29:54,396672N1221774W001,21N03W23D001M,10/28/2005,00:00,,,56.600,0.000,56.600,205.890,204.760,149.290,55.470,UNK - Unknown,Unknown,ORLAND - ARTOIS WATER DISTRICT,Voluntary,10,28,2005
Glenn_01.01.2003-06.21.2013.csv,Glenn,39.6672,-122.1774,W001,2013-09-18 13:29:54,396672N1221774W001,21N03W23D001M,5/25/2006,00:00,,,47.500,0.000,47.500,205.890,204.760,158.390,46.370,UNK - Unknown,Unknown,ORLAND - ARTOIS WATER DISTRICT,Voluntary,5,25,2006
Glenn_01.01.2003-06.21.2013.csv,Glenn,39.6672,-122.1774,W001,2013-09-18 13:29:54,396672N1221774W001,21N03W23D001M,4/26/2006,00:00,,,44.000,0.000,44.000,205.890,204.760,161.890,42.870,UNK - Unknown,Unknown,ORLAND - ARTOIS WATER DISTRICT,Voluntary,4,26,2006
Glenn_01.01.2003-06.21.2013.csv,Glenn,39.6672,-122.1774,W001,2013-09-18 13:29:54,396672N1221774W001,21N03W23D001M,3/30/2006,00:00,,,46.300,0.000,46.300,205.890,204.760,159.590,45.170,UNK - Unknown,Unknown,ORLAND - ARTOIS WATER DISTRICT,Voluntary,3,30,2006
Glenn_01.01.2003-06.21.2013.csv,Glenn,39.6672,-122.1774,W001,2013-09-18 13:29:54,396672N1221774W001,21N03W23D001M,1/31/2006,00:00,,,49.100,0.000,49.100,205.890,204.760,156.790,47.970,UNK - Unknown,Unknown,ORLAND - ARTOIS WATER DISTRICT,Voluntary,1,31,2006
Glenn_01.01.2003-06.21.2013.csv,Glenn,39.6672,-122.1774,W001,2013-09-18 13:29:54,396672N1221774W001,21N03W23D001M,1/5/2006,00:00,7 - Special/Other,,NULL,NULL,NULL,205.890,204.760,NULL,NULL,,,ORLAND - ARTOIS WATER DISTRICT,Voluntary,1,5,2006
Glenn_01.01.2003-06.21.2013.csv,Glenn,39.6672,-122.1774,W001,2013-09-18 13:29:54,396672N1221774W001,21N03W23D001M,11/30/2005,00:00,,,53.700,0.000,53.700,205.890,204.760,152.190,52.570,UNK - Unknown,Unknown,ORLAND - ARTOIS WATER DISTRICT,Voluntary,11,30,2005
Glenn_01.01.2003-06.21.2013.csv,Glenn,39.6672,-122.1774,W001,2013-09-18 13:29:54,396672N1221774W001,21N03W23D001M,4/26/2005,00:00,,,47.800,0.000,47.800,205.890,204.760,158.090,46.670,UNK - Unknown,Unknown,ORLAND - ARTOIS WATER DISTRICT,Voluntary,4,26,2005
Glenn_01.01.2003-06.21.2013.csv,Glenn,39.6672,-122.1774,W001,2013-09-18 13:29:54,396672N1221774W001,21N03W23D001M,8/26/2005,00:00,,,66.900,0.000,66.900,205.890,204.760,138.990,65.770,UNK - Unknown,Unknown,ORLAND - ARTOIS WATER DISTRICT,Voluntary,8,26,2005
Glenn_01.01.2003-06.21.2013.csv,Glenn,39.6672,-122.1774,W001,2013-09-18 13:29:54,396672N1221774W001,21N03W23D001M,7/28/2005,00:00,,,65.900,0.000,65.900,205.890,204.760,139.990,64.770,UNK - Unknown,Unknown,ORLAND - ARTOIS WATER DISTRICT,Voluntary,7,28,2005
Glenn_01.01.2003-06.21.2013.csv,Glenn,39.6672,-122.1774,W001,2013-09-18 13:29:54,396672N1221774W001,21N03W23D001M,6/29/2006,00:00,,,57.400,0.000,57.400,205.890,204.760,148.490,56.270,UNK - Unknown,Unknown,ORLAND - ARTOIS WATER DISTRICT,Voluntary,6,29,2006
Glenn_01.01.2003-06.21.2013.csv,Glenn,39.6672,-122.1774,W001,2013-09-18 13:29:54,396672N1221774W001,21N03W23D001M,10/12/2006,00:00,,,55.000,0.000,55.000,205.890,204.760,150.890,53.870,UNK - Unknown,Unknown,ORLAND - ARTOIS WATER DISTRICT,Voluntary,TROLL READING ONLY10,12,2006
Glenn_01.01.2003-06.21.2013.csv,Glenn,39.6672,-122.1774,W001,2013-09-18 13:29:54,396672N1221774W001,21N03W23D001M,11/22/2006,00:00,,,52.500,0.000,52.500,205.890,204.760,153.390,51.370,UNK - Unknown,Unknown,ORLAND - ARTOIS WATER DISTRICT,Voluntary,11,22,2006
Glenn_01.01.2003-06.21.2013.csv,Glenn,39.6672,-122.1774,W001,2013-09-18 13:29:54,396672N1221774W001,21N03W23D001M,9/29/2006,00:00,,,57.300,0.000,57.300,205.890,204.760,148.590,56.170,UNK - Unknown,Unknown,ORLAND - ARTOIS WATER DISTRICT,Voluntary,9,29,2006
Glenn_01.01.2003-06.21.2013.csv,Glenn,39.6672,-122.1774,W001,2013-09-18 13:29:54,396672N1221774W001,21N03W23D001M,1/3/2007,00:00,,,50.330,0.000,50.330,205.890,204.760,155.560,49.200,UNK - Unknown,Unknown,ORLAND - ARTOIS WATER DISTRICT,Voluntary,1,3,2007
Glenn_01.01.2003-06.21.2013.csv,Glenn,39.6672,-122.1774,W001,2013-09-18 13:29:54,396672N1221774W001,21N03W23D001M,2/22/2007,00:00,,,49.560,0.000,49.560,205.890,204.760,156.330,48.430,UNK - Unknown,Unknown,ORLAND - ARTOIS WATER DISTRICT,Voluntary,2,22,2007
Glenn_01.01.2003-06.21.2013.csv,Glenn,39.6672,-122.1774,W001,2013-09-18 13:29:54,396672N1221774W001,21N03W23D001M,3/26/2007,00:00,,,52.510,0.000,52.510,205.890,204.760,153.380,51.380,UNK - Unknown,Unknown,ORLAND - ARTOIS WATER DISTRICT,Voluntary,3,26,2007
Glenn_01.01.2003-06.21.2013.csv,Glenn,39.6672,-122.1774,W001,2013-09-18 13:29:54,396672N1221774W001,21N03W23D001M,4/27/2007,00:00,,,54.510,0.000,54.510,205.890,204.760,151.380,53.380,UNK - Unknown,Unknown,ORLAND - ARTOIS WATER DISTRICT,Voluntary,4,27,2007
Glenn_01.01.2003-06.21.2013.csv,Glenn,39.6672,-122.1774,W001,2013-09-18 13:29:54,396672N1221774W001,21N03W23D001M,8/9/2007,00:00,,,74.240,0.000,74.240,205.890,204.760,131.650,73.110,UNK - Unknown,Unknown,ORLAND - ARTOIS WATER DISTRICT,Voluntary,8,9,2007
Glenn_01.01.2003-06.21.2013.csv,Glenn,39.6672,-122.1774,W001,2013-09-18 13:29:54,396672N1221774W001,21N03W23D001M,10/19/2007,00:00,,,63.650,0.000,63.650,205.890,204.760,142.240,62.520,UNK - Unknown,Unknown,ORLAND - ARTOIS WATER DISTRICT,Voluntary,10,19,2007
Glenn_01.01.2003-06.21.2013.csv,Glenn,39.6672,-122.1774,W001,2013-09-18 13:29:54,396672N1221774W001,21N03W23D001M,1/17/2008,00:00,,,56.620,0.000,56.620,205.890,204.760,149.270,55.490,UNK - Unknown,Unknown,ORLAND - ARTOIS WATER DISTRICT,Voluntary,1,17,2008
Glenn_01.01.2003-06.21.2013.csv,Glenn,39.6672,-122.1774,W001,2013-09-18 13:29:54,396672N1221774W001,21N03W23D001M,3/13/2008,00:00,,,53.770,0.000,53.770,205.890,204.760,152.120,52.640,UNK - Unknown,Unknown,ORLAND - ARTOIS WATER DISTRICT,Voluntary,3,13,2008
Glenn_01.01.2003-06.21.2013.csv,Glenn,39.6672,-122.1774,W001,2013-09-18 13:29:54,396672N1221774W001,21N03W23D001M,7/1/2008,00:00,,,79.370,0.000,79.370,205.890,204.760,126.520,78.240,UNK - Unknown,Unknown,ORLAND - ARTOIS WATER DISTRICT,Voluntary,7,1,2008
Glenn_01.01.2003-06.21.2013.csv,Glenn,39.6672,-122.1774,W001,2013-09-18 13:29:54,396672N1221774W001,21N03W23D001M,7/16/2008,00:00,,,80.340,0.000,80.340,205.890,204.760,125.550,79.210,UNK - Unknown,Unknown,ORLAND - ARTOIS WATER DISTRICT,Voluntary,7,16,2008
Glenn_01.01.2003-06.21.2013.csv,Glenn,39.6672,-122.1774,W001,2013-09-18 13:29:54,396672N1221774W001,21N03W23D001M,8/5/2008,00:00,,,82.360,0.000,82.360,205.890,204.760,123.530,81.230,UNK - Unknown,Unknown,ORLAND - ARTOIS WATER DISTRICT,Voluntary,8,5,2008
Glenn_01.01.2003-06.21.2013.csv,Glenn,39.6672,-122.1774,W001,2013-09-18 13:29:54,396672N1221774W001,21N03W23D001M,10/21/2008,00:00,,,74.180,0.000,74.180,205.890,204.760,131.710,73.050,UNK - Unknown,Unknown,ORLAND - ARTOIS WATER DISTRICT,Voluntary,10,21,2008
Glenn_01.01.2003-06.21.2013.csv,Glenn,39.6672,-122.1774,W001,2013-09-18 13:29:54,396672N1221774W001,21N03W23D001M,1/13/2009,00:00,,,65.810,0.000,65.810,205.890,204.760,140.080,64.680,UNK - Unknown,Unknown,ORLAND - ARTOIS WATER DISTRICT,Voluntary,1,13,2009
Glenn_01.01.2003-06.21.2013.csv,Glenn,39.6672,-122.1774,W001,2013-09-18 13:29:54,396672N1221774W001,21N03W23D001M,3/25/2009,00:00,,,62.620,0.000,62.620,205.890,204.760,143.270,61.490,UNK - Unknown,Unknown,ORLAND - ARTOIS WATER DISTRICT,Voluntary,3,25,2009
Glenn_01.01.2003-06.21.2013.csv,Glenn,39.6672,-122.1774,W001,2013-09-18 13:29:54,396672N1221774W001,21N03W23D001M,5/14/2009,00:00,,,78.740,0.000,78.740,205.890,204.760,127.150,77.610,UNK - Unknown,Unknown,ORLAND - ARTOIS WATER DISTRICT,Voluntary,5,14,2009
Glenn_01.01.2003-06.21.2013.csv,Glenn,39.6672,-122.1774,W001,2013-09-18 13:29:54,396672N1221774W001,21N03W23D001M,6/25/2009,00:00,,,97.200,0.000,97.200,205.890,204.760,108.690,96.070,UNK - Unknown,Unknown,Department of Water Resources,Voluntary,6,25,2009
Glenn_01.01.2003-06.21.2013.csv,Glenn,39.6672,-122.1774,W001,2013-09-18 13:29:54,396672N1221774W001,21N03W23D001M,8/6/2009,00:00,,,106.780,0.000,106.780,205.890,204.760,99.110,105.650,UNK - Unknown,Unknown,Department of Water Resources,Voluntary,8,6,2009
Glenn_01.01.2003-06.21.2013.csv,Glenn,39.6672,-122.1774,W001,2013-09-18 13:29:54,396672N1221774W001,21N03W23D001M,9/16/2009,00:00,,,91.520,0.000,91.520,205.890,204.760,114.370,90.390,UNK - Unknown,Unknown,Department of Water Resources,Voluntary,9,16,2009
Glenn_01.01.2003-06.21.2013.csv,Glenn,39.6672,-122.1774,W001,2013-09-18 13:29:54,396672N1221774W001,21N03W23D001M,10/22/2009,00:00,,,82.980,0.000,82.980,205.890,204.760,122.910,81.850,UNK - Unknown,Unknown,Department of Water Resources,Voluntary,10,22,2009
Glenn_01.01.2003-06.21.2013.csv,Glenn,39.6672,-122.1774,W001,2013-09-18 13:29:54,396672N1221774W001,21N03W23D001M,3/25/2010,00:00,,,66.530,0.000,66.530,205.890,204.760,139.360,65.400,UNK - Unknown,Unknown,Department of Water Resources,Voluntary,3,25,2010
Glenn_01.01.2003-06.21.2013.csv,Glenn,39.6672,-122.1774,W001,2013-09-18 13:29:54,396672N1221774W001,21N03W23D001M,8/3/2010,00:00,,,95.400,0.000,95.400,205.890,204.760,110.490,94.270,UNK - Unknown,Unknown,Department of Water Resources,Voluntary,8,3,2010
Glenn_01.01.2003-06.21.2013.csv,Glenn,39.6672,-122.1774,W001,2013-09-18 13:29:54,396672N1221774W001,21N03W23D001M,10/18/2010,00:00,,,78.470,0.000,78.470,205.890,204.760,127.420,77.340,UNK - Unknown,Unknown,Department of Water Resources,Voluntary,10,18,2010
Glenn_01.01.2003-06.21.2013.csv,Glenn,39.6672,-122.1774,W001,2013-09-18 13:29:54,396672N1221774W001,21N03W23D001M,1/18/2011,00:00,,,68.390,0.000,68.390,205.890,204.760,137.500,67.260,UNK - Unknown,Unknown,Department of Water Resources,Voluntary,1,18,2011
Glenn_01.01.2003-06.21.2013.csv,Glenn,39.6672,-122.1774,W001,2013-09-18 13:29:54,396672N1221774W001,21N03W23D001M,2/7/2011,00:00,,,67.390,0.000,67.390,205.890,204.760,138.500,66.260,UNK - Unknown,Unknown,Department of Water Resources,Voluntary,2,7,2011
Glenn_01.01.2003-06.21.2013.csv,Glenn,39.6672,-122.1774,W001,2013-09-18 13:29:54,396672N1221774W001,21N03W23D001M,2/14/2011,00:00,,,68.300,0.000,68.300,205.890,204.760,137.590,67.170,UNK - Unknown,Unknown,Department of Water Resources,Voluntary,2,14,2011
Glenn_01.01.2003-06.21.2013.csv,Glenn,39.6672,-122.1774,W001,2013-09-18 13:29:54,396672N1221774W001,21N03W23D001M,4/5/2011,00:00,,,64.620,0.000,64.620,205.890,204.760,141.270,63.490,UNK - Unknown,Unknown,Department of Water Resources,Voluntary,4,5,2011
Glenn_01.01.2003-06.21.2013.csv,Glenn,39.6672,-122.1774,W001,2013-09-18 13:29:54,396672N1221774W001,21N03W23D001M,8/3/2011,00:00,,,90.650,0.000,90.650,205.890,204.760,115.240,89.520,UNK - Unknown,Unknown,Department of Water Resources,Voluntary,8,3,2011
Glenn_01.01.2003-06.21.2013.csv,Glenn,39.6672,-122.1774,W001,2013-09-18 13:29:54,396672N1221774W001,21N03W23D001M,10/12/2011,00:00,,,78.610,0.000,78.610,205.890,204.760,127.280,77.480,UNK - Unknown,Unknown,Department of Water Resources,Voluntary,10,12,2011
Glenn_01.01.2003-06.21.2013.csv,Glenn,39.6672,-122.1774,W001,2013-09-18 13:29:54,396672N1221774W001,21N03W23D001M,11/29/2011,00:00,,,72.170,0.000,72.170,205.890,204.760,133.720,71.040,UNK - Unknown,Unknown,Department of Water Resources,Voluntary,11,29,2011
Glenn_01.01.2003-06.21.2013.csv,Glenn,39.6672,-122.1774,W001,2013-09-18 13:29:54,396672N1221774W001,21N03W23D001M,3/21/2013,00:00,,,80.350,0.000,80.350,205.890,204.760,125.540,79.220,ES - Electric sounder measurement,0.01 Ft,Department of Water Resources,CASGEM,3,21,2013
Glenn_01.01.2003-06.21.2013.csv,Glenn,39.6672,-122.1774,W002,2013-09-18 13:29:54,396672N1221774W002,21N03W23D002M,10/12/2011,00:00,,,50.010,0.000,50.010,206.430,204.760,156.420,48.340,ES - Electric sounder measurement,0.01 Ft,Department of Water Resources,CASGEM,10,12,2011
Glenn_01.01.2003-06.21.2013.csv,Glenn,39.6672,-122.1774,W002,2013-09-18 13:29:54,396672N1221774W002,21N03W23D002M,3/28/2012,00:00,,,47.880,0.000,47.880,206.430,204.760,158.550,46.210,ES - Electric sounder measurement,0.01 Ft,Department of Water Resources,CASGEM,3,28,2012
Glenn_01.01.2003-06.21.2013.csv,Glenn,39.6672,-122.1774,W002,2013-09-18 13:29:54,396672N1221774W002,21N03W23D002M,8/2/2012,00:00,,,60.730,0.000,60.730,206.430,204.760,145.700,59.060,ES - Electric sounder measurement,0.01 Ft,Department of Water Resources,CASGEM,8,2,2012
Glenn_01.01.2003-06.21.2013.csv,Glenn,39.6672,-122.1774,W002,2013-09-18 13:29:54,396672N1221774W002,21N03W23D002M,10/17/2012,00:00,,,58.670,0.000,58.670,206.430,204.760,147.760,57.000,ES - Electric sounder measurement,0.01 Ft,Department of Water Resources,CASGEM,10,17,2012
Glenn_01.01.2003-06.21.2013.csv,Glenn,39.6672,-122.1774,W002,2013-09-18 13:29:54,396672N1221774W002,21N03W23D002M,1/23/2003,00:00,,,35.200,0.000,35.200,206.430,204.760,171.230,33.530,UNK - Unknown,Unknown,ORLAND - ARTOIS WATER DISTRICT,Voluntary,1,23,2003
Glenn_01.01.2003-06.21.2013.csv,Glenn,39.6672,-122.1774,W002,2013-09-18 13:29:54,396672N1221774W002,21N03W23D002M,2/20/2003,00:00,,,33.900,0.000,33.900,206.430,204.760,172.530,32.230,UNK - Unknown,Unknown,ORLAND - ARTOIS WATER DISTRICT,Voluntary,2,20,2003
Glenn_01.01.2003-06.21.2013.csv,Glenn,39.6672,-122.1774,W002,2013-09-18 13:29:54,396672N1221774W002,21N03W23D002M,3/3/2003,00:00,,,33.500,0.000,33.500,206.430,204.760,172.930,31.830,UNK - Unknown,Unknown,ORLAND - ARTOIS WATER DISTRICT,Voluntary,3,3,2003
Glenn_01.01.2003-06.21.2013.csv,Glenn,39.6672,-122.1774,W002,2013-09-18 13:29:54,396672N1221774W002,21N03W23D002M,4/1/2003,00:00,,,32.700,0.000,32.700,206.430,204.760,173.730,31.030,UNK - Unknown,Unknown,ORLAND - ARTOIS WATER DISTRICT,Voluntary,4,1,2003
Glenn_01.01.2003-06.21.2013.csv,Glenn,39.6672,-122.1774,W002,2013-09-18 13:29:54,396672N1221774W002,21N03W23D002M,5/12/2003,00:00,,,33.400,0.000,33.400,206.430,204.760,173.030,31.730,UNK - Unknown,Unknown,ORLAND - ARTOIS WATER DISTRICT,Voluntary,5,12,2003
Glenn_01.01.2003-06.21.2013.csv,Glenn,39.6672,-122.1774,W002,2013-09-18 13:29:54,396672N1221774W002,21N03W23D002M,7/1/2003,00:00,,,37.480,0.000,37.480,206.430,204.760,168.950,35.810,UNK - Unknown,Unknown,ORLAND - ARTOIS WATER DISTRICT,Voluntary,7,1,2003
Glenn_01.01.2003-06.21.2013.csv,Glenn,39.6672,-122.1774,W002,2013-09-18 13:29:54,396672N1221774W002,21N03W23D002M,7/24/2003,00:00,,,42.580,0.000,42.580,206.430,204.760,163.850,40.910,UNK - Unknown,Unknown,ORLAND - ARTOIS WATER DISTRICT,Voluntary,7,24,2003
Glenn_01.01.2003-06.21.2013.csv,Glenn,39.6672,-122.1774,W002,2013-09-18 13:29:54,396672N1221774W002,21N03W23D002M,8/28/2003,00:00,,,40.170,0.000,40.170,206.430,204.760,166.260,38.500,UNK - Unknown,Unknown,ORLAND - ARTOIS WATER DISTRICT,Voluntary,8,28,2003
Glenn_01.01.2003-06.21.2013.csv,Glenn,39.6672,-122.1774,W002,2013-09-18 13:29:54,396672N1221774W002,21N03W23D002M,10/30/2003,00:00,,,38.700,0.000,38.700,206.430,204.760,167.730,37.030,UNK - Unknown,Unknown,ORLAND - ARTOIS WATER DISTRICT,Voluntary,10,30,2003
Glenn_01.01.2003-06.21.2013.csv,Glenn,39.6672,-122.1774,W002,2013-09-18 13:29:54,396672N1221774W002,21N03W23D002M,9/25/2003,00:00,,,40.200,0.000,40.200,206.430,204.760,166.230,38.530,UNK - Unknown,Unknown,ORLAND - ARTOIS WATER DISTRICT,Voluntary,9,25,2003
Glenn_01.01.2003-06.21.2013.csv,Glenn,39.6672,-122.1774,W002,2013-09-18 13:29:54,396672N1221774W002,21N03W23D002M,11/30/2003,00:00,,,37.500,0.000,37.500,206.430,204.760,168.930,35.830,UNK - Unknown,Unknown,ORLAND - ARTOIS WATER DISTRICT,Voluntary,11,30,2003
Glenn_01.01.2003-06.21.2013.csv,Glenn,39.6672,-122.1774,W002,2013-09-18 13:29:54,396672N1221774W002,21N03W23D002M,2/24/2004,00:00,,,31.800,0.000,31.800,206.430,204.760,174.630,30.130,UNK - Unknown,Unknown,ORLAND - ARTOIS WATER DISTRICT,Voluntary,2,24,2004
Glenn_01.01.2003-06.21.2013.csv,Glenn,39.6672,-122.1774,W002,2013-09-18 13:29:54,396672N1221774W002,21N03W23D002M,3/31/2004,00:00,,,30.000,0.000,30.000,206.430,204.760,176.430,28.330,UNK - Unknown,Unknown,ORLAND - ARTOIS WATER DISTRICT,Voluntary,3,31,2004
Glenn_01.01.2003-06.21.2013.csv,Glenn,39.6672,-122.1774,W002,2013-09-18 13:29:54,396672N1221774W002,21N03W23D002M,4/29/2004,00:00,,,31.700,0.000,31.700,206.430,204.760,174.730,30.030,UNK - Unknown,Unknown,ORLAND - ARTOIS WATER DISTRICT,Voluntary,4,29,2004
Glenn_01.01.2003-06.21.2013.csv,Glenn,39.6672,-122.1774,W002,2013-09-18 13:29:54,396672N1221774W002,21N03W23D002M,5/26/2004,00:00,,,37.400,0.000,37.400,206.430,204.760,169.030,35.730,UNK - Unknown,Unknown,ORLAND - ARTOIS WATER DISTRICT,Voluntary,5,26,2004
Glenn_01.01.2003-06.21.2013.csv,Glenn,39.6672,-122.1774,W002,2013-09-18 13:29:54,396672N1221774W002,21N03W23D002M,12/30/2003,00:00,,,36.000,0.000,36.000,206.430,204.760,170.430,34.330,UNK - Unknown,Unknown,ORLAND - ARTOIS WATER DISTRICT,Voluntary,12,30,2003
Glenn_01.01.2003-06.21.2013.csv,Glenn,39.6672,-122.1774,W002,2013-09-18 13:29:54,396672N1221774W002,21N03W23D002M,6/30/2004,00:00,,,39.400,0.000,39.400,206.430,204.760,167.030,37.730,UNK - Unknown,Unknown,ORLAND - ARTOIS WATER DISTRICT,Voluntary,6,30,2004
Glenn_01.01.2003-06.21.2013.csv,Glenn,39.6672,-122.1774,W002,2013-09-18 13:29:54,396672N1221774W002,21N03W23D002M,7/29/2004,00:00,,,41.400,0.000,41.400,206.430,204.760,165.030,39.730,UNK - Unknown,Unknown,ORLAND - ARTOIS WATER DISTRICT,Voluntary,7,29,2004
Glenn_01.01.2003-06.21.2013.csv,Glenn,39.6672,-122.1774,W002,2013-09-18 13:29:54,396672N1221774W002,21N03W23D002M,8/26/2004,00:00,,,41.900,0.000,41.900,206.430,204.760,164.530,40.230,UNK - Unknown,Unknown,ORLAND - ARTOIS WATER DISTRICT,Voluntary,8,26,2004
Glenn_01.01.2003-06.21.2013.csv,Glenn,39.6672,-122.1774,W002,2013-09-18 13:29:54,396672N1221774W002,21N03W23D002M,9/22/2004,00:00,,,38.700,0.000,38.700,206.430,204.760,167.730,37.030,UNK - Unknown,Unknown,ORLAND - ARTOIS WATER DISTRICT,Voluntary,9,22,2004
Glenn_01.01.2003-06.21.2013.csv,Glenn,39.6672,-122.1774,W002,2013-09-18 13:29:54,396672N1221774W002,21N03W23D002M,10/28/2004,00:00,,,37.700,0.000,37.700,206.430,204.760,168.730,36.030,UNK - Unknown,Unknown,ORLAND - ARTOIS WATER DISTRICT,Voluntary,10,28,2004
Glenn_01.01.2003-06.21.2013.csv,Glenn,39.6672,-122.1774,W002,2013-09-18 13:29:54,396672N1221774W002,21N03W23D002M,12/1/2004,00:00,,,37.600,0.000,37.600,206.430,204.760,168.830,35.930,UNK - Unknown,Unknown,ORLAND - ARTOIS WATER DISTRICT,Voluntary,12,1,2004
Glenn_01.01.2003-06.21.2013.csv,Glenn,39.6672,-122.1774,W002,2013-09-18 13:29:54,396672N1221774W002,21N03W23D002M,12/29/2004,00:00,,,36.800,0.000,36.800,206.430,204.760,169.630,35.130,UNK - Unknown,Unknown,ORLAND - ARTOIS WATER DISTRICT,Voluntary,12,29,2004
Glenn_01.01.2003-06.21.2013.csv,Glenn,39.6672,-122.1774,W002,2013-09-18 13:29:54,396672N1221774W002,21N03W23D002M,1/31/2005,00:00,,,33.100,0.000,33.100,206.430,204.760,173.330,31.430,UNK - Unknown,Unknown,ORLAND - ARTOIS WATER DISTRICT,Voluntary,1,31,2005
Glenn_01.01.2003-06.21.2013.csv,Glenn,39.6672,-122.1774,W002,2013-09-18 13:29:54,396672N1221774W002,21N03W23D002M,2/25/2005,00:00,,,32.300,0.000,32.300,206.430,204.760,174.130,30.630,UNK - Unknown,Unknown,ORLAND - ARTOIS WATER DISTRICT,Voluntary,2,25,2005
Glenn_01.01.2003-06.21.2013.csv,Glenn,39.6672,-122.1774,W002,2013-09-18 13:29:54,396672N1221774W002,21N03W23D002M,4/26/2004,00:00,,,31.700,0.000,31.700,206.430,204.760,174.730,30.030,UNK - Unknown,Unknown,ORLAND - ARTOIS WATER DISTRICT,Voluntary,4,26,2004
Glenn_01.01.2003-06.21.2013.csv,Glenn,39.6672,-122.1774,W002,2013-09-18 13:29:54,396672N1221774W002,21N03W23D002M,5/27/2005,00:00,,,32.300,0.000,32.300,206.430,204.760,174.130,30.630,UNK - Unknown,Unknown,ORLAND - ARTOIS WATER DISTRICT,Voluntary,5,27,2005
Glenn_01.01.2003-06.21.2013.csv,Glenn,39.6672,-122.1774,W002,2013-09-18 13:29:54,396672N1221774W002,21N03W23D002M,7/1/2005,00:00,,,37.800,0.000,37.800,206.430,204.760,168.630,36.130,UNK - Unknown,Unknown,ORLAND - ARTOIS WATER DISTRICT,Voluntary,7,1,2005
Glenn_01.01.2003-06.21.2013.csv,Glenn,39.6672,-122.1774,W002,2013-09-18 13:29:54,396672N1221774W002,21N03W23D002M,10/28/2005,00:00,,,39.000,0.000,39.000,206.430,204.760,167.430,37.330,UNK - Unknown,Unknown,ORLAND - ARTOIS WATER DISTRICT,Voluntary,10,28,2005
Glenn_01.01.2003-06.21.2013.csv,Glenn,39.6672,-122.1774,W002,2013-09-18 13:29:54,396672N1221774W002,21N03W23D002M,5/25/2006,00:00,,,29.800,0.000,29.800,206.430,204.760,176.630,28.130,UNK - Unknown,Unknown,ORLAND - ARTOIS WATER DISTRICT,Voluntary,5,25,2006
Glenn_01.01.2003-06.21.2013.csv,Glenn,39.6672,-122.1774,W002,2013-09-18 13:29:54,396672N1221774W002,21N03W23D002M,4/26/2006,00:00,,,28.900,0.000,28.900,206.430,204.760,177.530,27.230,UNK - Unknown,Unknown,ORLAND - ARTOIS WATER DISTRICT,Voluntary,4,26,2006
Glenn_01.01.2003-06.21.2013.csv,Glenn,39.6672,-122.1774,W002,2013-09-18 13:29:54,396672N1221774W002,21N03W23D002M,3/30/2006,00:00,,,31.500,0.000,31.500,206.430,204.760,174.930,29.830,UNK - Unknown,Unknown,ORLAND - ARTOIS WATER DISTRICT,Voluntary,3,30,2006
Glenn_01.01.2003-06.21.2013.csv,Glenn,39.6672,-122.1774,W002,2013-09-18 13:29:54,396672N1221774W002,21N03W23D002M,1/31/2006,00:00,,,33.700,0.000,33.700,206.430,204.760,172.730,32.030,UNK - Unknown,Unknown,ORLAND - ARTOIS WATER DISTRICT,Voluntary,1,31,2006
Glenn_01.01.2003-06.21.2013.csv,Glenn,39.6672,-122.1774,W002,2013-09-18 13:29:54,396672N1221774W002,21N03W23D002M,1/5/2006,00:00,7 - Special/Other,,NULL,NULL,NULL,206.430,204.760,NULL,NULL,,,ORLAND - ARTOIS WATER DISTRICT,Voluntary,1,5,2006
Glenn_01.01.2003-06.21.2013.csv,Glenn,39.6672,-122.1774,W002,2013-09-18 13:29:54,396672N1221774W002,21N03W23D002M,11/30/2005,00:00,,,38.000,0.000,38.000,206.430,204.760,168.430,36.330,UNK - Unknown,Unknown,ORLAND - ARTOIS WATER DISTRICT,Voluntary,11,30,2005
Glenn_01.01.2003-06.21.2013.csv,Glenn,39.6672,-122.1774,W002,2013-09-18 13:29:54,396672N1221774W002,21N03W23D002M,4/26/2005,00:00,,,31.700,0.000,31.700,206.430,204.760,174.730,30.030,UNK - Unknown,Unknown,ORLAND - ARTOIS WATER DISTRICT,Voluntary,4,26,2005
Glenn_01.01.2003-06.21.2013.csv,Glenn,39.6672,-122.1774,W002,2013-09-18 13:29:54,396672N1221774W002,21N03W23D002M,8/26/2005,00:00,,,43.400,0.000,43.400,206.430,204.760,163.030,41.730,UNK - Unknown,Unknown,ORLAND - ARTOIS WATER DISTRICT,Voluntary,8,26,2005
Glenn_01.01.2003-06.21.2013.csv,Glenn,39.6672,-122.1774,W002,2013-09-18 13:29:54,396672N1221774W002,21N03W23D002M,7/28/2005,00:00,,,42.200,0.000,42.200,206.430,204.760,164.230,40.530,UNK - Unknown,Unknown,ORLAND - ARTOIS WATER DISTRICT,Voluntary,7,28,2005
Glenn_01.01.2003-06.21.2013.csv,Glenn,39.6672,-122.1774,W002,2013-09-18 13:29:54,396672N1221774W002,21N03W23D002M,6/29/2006,00:00,,,33.700,0.000,33.700,206.430,204.760,172.730,32.030,UNK - Unknown,Unknown,ORLAND - ARTOIS WATER DISTRICT,Voluntary,6,29,2006
Glenn_01.01.2003-06.21.2013.csv,Glenn,39.6672,-122.1774,W002,2013-09-18 13:29:54,396672N1221774W002,21N03W23D002M,10/12/2006,00:00,,,36.000,0.000,36.000,206.430,204.760,170.430,34.330,UNK - Unknown,Unknown,ORLAND - ARTOIS WATER DISTRICT,Voluntary,TROLL READING ONLY10,12,2006
Glenn_01.01.2003-06.21.2013.csv,Glenn,39.6672,-122.1774,W002,2013-09-18 13:29:54,396672N1221774W002,21N03W23D002M,11/22/2006,00:00,,,35.500,0.000,35.500,206.430,204.760,170.930,33.830,UNK - Unknown,Unknown,ORLAND - ARTOIS WATER DISTRICT,Voluntary,11,22,2006
Glenn_01.01.2003-06.21.2013.csv,Glenn,39.6672,-122.1774,W002,2013-09-18 13:29:54,396672N1221774W002,21N03W23D002M,9/29/2006,00:00,,,36.100,0.000,36.100,206.430,204.760,170.330,34.430,UNK - Unknown,Unknown,ORLAND - ARTOIS WATER DISTRICT,Voluntary,9,29,2006
Glenn_01.01.2003-06.21.2013.csv,Glenn,39.6672,-122.1774,W002,2013-09-18 13:29:54,396672N1221774W002,21N03W23D002M,1/3/2007,00:00,,,35.330,0.000,35.330,206.430,204.760,171.100,33.660,UNK - Unknown,Unknown,ORLAND - ARTOIS WATER DISTRICT,Voluntary,1,3,2007
Glenn_01.01.2003-06.21.2013.csv,Glenn,39.6672,-122.1774,W002,2013-09-18 13:29:54,396672N1221774W002,21N03W23D002M,2/22/2007,00:00,,,35.830,0.000,35.830,206.430,204.760,170.600,34.160,UNK - Unknown,Unknown,ORLAND - ARTOIS WATER DISTRICT,Voluntary,2,22,2007
Glenn_01.01.2003-06.21.2013.csv,Glenn,39.6672,-122.1774,W002,2013-09-18 13:29:54,396672N1221774W002,21N03W23D002M,3/26/2007,00:00,,,40.160,0.000,40.160,206.430,204.760,166.270,38.490,UNK - Unknown,Unknown,ORLAND - ARTOIS WATER DISTRICT,Voluntary,3,26,2007
Glenn_01.01.2003-06.21.2013.csv,Glenn,39.6672,-122.1774,W002,2013-09-18 13:29:54,396672N1221774W002,21N03W23D002M,4/27/2007,00:00,,,38.580,0.000,38.580,206.430,204.760,167.850,36.910,UNK - Unknown,Unknown,ORLAND - ARTOIS WATER DISTRICT,Voluntary,4,27,2007
Glenn_01.01.2003-06.21.2013.csv,Glenn,39.6672,-122.1774,W002,2013-09-18 13:29:54,396672N1221774W002,21N03W23D002M,8/9/2007,00:00,,,49.840,0.000,49.840,206.430,204.760,156.590,48.170,UNK - Unknown,Unknown,ORLAND - ARTOIS WATER DISTRICT,Voluntary,8,9,2007
Glenn_01.01.2003-06.21.2013.csv,Glenn,39.6672,-122.1774,W002,2013-09-18 13:29:54,396672N1221774W002,21N03W23D002M,10/19/2007,00:00,,,47.210,0.000,47.210,206.430,204.760,159.220,45.540,UNK - Unknown,Unknown,ORLAND - ARTOIS WATER DISTRICT,Voluntary,10,19,2007
Glenn_01.01.2003-06.21.2013.csv,Glenn,39.6672,-122.1774,W002,2013-09-18 13:29:54,396672N1221774W002,21N03W23D002M,1/17/2008,00:00,,,45.280,0.000,45.280,206.430,204.760,161.150,43.610,UNK - Unknown,Unknown,ORLAND - ARTOIS WATER DISTRICT,Voluntary,1,17,2008
Glenn_01.01.2003-06.21.2013.csv,Glenn,39.6672,-122.1774,W002,2013-09-18 13:29:54,396672N1221774W002,21N03W23D002M,3/13/2008,00:00,,,41.440,0.000,41.440,206.430,204.760,164.990,39.770,UNK - Unknown,Unknown,ORLAND - ARTOIS WATER DISTRICT,Voluntary,3,13,2008
Glenn_01.01.2003-06.21.2013.csv,Glenn,39.6672,-122.1774,W002,2013-09-18 13:29:54,396672N1221774W002,21N03W23D002M,7/1/2008,00:00,,,55.370,0.000,55.370,206.430,204.760,151.060,53.700,UNK - Unknown,Unknown,ORLAND - ARTOIS WATER DISTRICT,Voluntary,7,1,2008
Glenn_01.01.2003-06.21.2013.csv,Glenn,39.6672,-122.1774,W002,2013-09-18 13:29:54,396672N1221774W002,21N03W23D002M,7/16/2008,00:00,,,56.720,0.000,56.720,206.430,204.760,149.710,55.050,UNK - Unknown,Unknown,ORLAND - ARTOIS WATER DISTRICT,Voluntary,7,16,2008
Glenn_01.01.2003-06.21.2013.csv,Glenn,39.6672,-122.1774,W002,2013-09-18 13:29:54,396672N1221774W002,21N03W23D002M,8/5/2008,00:00,,,57.920,0.000,57.920,206.430,204.760,148.510,56.250,UNK - Unknown,Unknown,ORLAND - ARTOIS WATER DISTRICT,Voluntary,8,5,2008
Glenn_01.01.2003-06.21.2013.csv,Glenn,39.6672,-122.1774,W002,2013-09-18 13:29:54,396672N1221774W002,21N03W23D002M,10/22/2008,00:00,,,55.160,0.000,55.160,206.430,204.760,151.270,53.490,UNK - Unknown,Unknown,ORLAND - ARTOIS WATER DISTRICT,Voluntary,10,22,2008
Glenn_01.01.2003-06.21.2013.csv,Glenn,39.6672,-122.1774,W002,2013-09-18 13:29:54,396672N1221774W002,21N03W23D002M,1/13/2009,00:00,,,53.040,0.000,53.040,206.430,204.760,153.390,51.370,UNK - Unknown,Unknown,ORLAND - ARTOIS WATER DISTRICT,Voluntary,1,13,2009
Glenn_01.01.2003-06.21.2013.csv,Glenn,39.6672,-122.1774,W002,2013-09-18 13:29:54,396672N1221774W002,21N03W23D002M,3/25/2009,00:00,,,50.840,0.000,50.840,206.430,204.760,155.590,49.170,UNK - Unknown,Unknown,ORLAND - ARTOIS WATER DISTRICT,Voluntary,3,25,2009
Glenn_01.01.2003-06.21.2013.csv,Glenn,39.6672,-122.1774,W002,2013-09-18 13:29:54,396672N1221774W002,21N03W23D002M,5/14/2009,00:00,,,50.460,0.000,50.460,206.430,204.760,155.970,48.790,UNK - Unknown,Unknown,ORLAND - ARTOIS WATER DISTRICT,Voluntary,5,14,2009
Glenn_01.01.2003-06.21.2013.csv,Glenn,39.6672,-122.1774,W002,2013-09-18 13:29:54,396672N1221774W002,21N03W23D002M,6/25/2009,00:00,,,60.500,0.000,60.500,206.430,204.760,145.930,58.830,UNK - Unknown,Unknown,Department of Water Resources,Voluntary,6,25,2009
Glenn_01.01.2003-06.21.2013.csv,Glenn,39.6672,-122.1774,W002,2013-09-18 13:29:54,396672N1221774W002,21N03W23D002M,8/6/2009,00:00,,,65.070,0.000,65.070,206.430,204.760,141.360,63.400,UNK - Unknown,Unknown,Department of Water Resources,Voluntary,8,6,2009
Glenn_01.01.2003-06.21.2013.csv,Glenn,39.6672,-122.1774,W002,2013-09-18 13:29:54,396672N1221774W002,21N03W23D002M,9/16/2009,00:00,,,63.060,0.000,63.060,206.430,204.760,143.370,61.390,UNK - Unknown,Unknown,Department of Water Resources,Voluntary,9,16,2009
Glenn_01.01.2003-06.21.2013.csv,Glenn,39.6672,-122.1774,W002,2013-09-18 13:29:54,396672N1221774W002,21N03W23D002M,10/22/2009,00:00,,,59.950,0.000,59.950,206.430,204.760,146.480,58.280,UNK - Unknown,Unknown,Department of Water Resources,Voluntary,10,22,2009
Glenn_01.01.2003-06.21.2013.csv,Glenn,39.6672,-122.1774,W002,2013-09-18 13:29:54,396672N1221774W002,21N03W23D002M,3/25/2010,00:00,,,47.690,0.000,47.690,206.430,204.760,158.740,46.020,UNK - Unknown,Unknown,Department of Water Resources,Voluntary,3,25,2010
Glenn_01.01.2003-06.21.2013.csv,Glenn,39.6672,-122.1774,W002,2013-09-18 13:29:54,396672N1221774W002,21N03W23D002M,8/3/2010,00:00,,,57.730,0.000,57.730,206.430,204.760,148.700,56.060,UNK - Unknown,Unknown,Department of Water Resources,Voluntary,8,3,2010
Glenn_01.01.2003-06.21.2013.csv,Glenn,39.6672,-122.1774,W002,2013-09-18 13:29:54,396672N1221774W002,21N03W23D002M,10/18/2010,00:00,,,52.740,0.000,52.740,206.430,204.760,153.690,51.070,UNK - Unknown,Unknown,Department of Water Resources,Voluntary,10,18,2010
Glenn_01.01.2003-06.21.2013.csv,Glenn,39.6672,-122.1774,W002,2013-09-18 13:29:54,396672N1221774W002,21N03W23D002M,1/18/2011,00:00,,,48.180,0.000,48.180,206.430,204.760,158.250,46.510,UNK - Unknown,Unknown,Department of Water Resources,Voluntary,1,18,2011
Glenn_01.01.2003-06.21.2013.csv,Glenn,39.6672,-122.1774,W002,2013-09-18 13:29:54,396672N1221774W002,21N03W23D002M,2/14/2011,00:00,,,48.750,0.000,48.750,206.430,204.760,157.680,47.080,UNK - Unknown,Unknown,Department of Water Resources,Voluntary,2,14,2011
Glenn_01.01.2003-06.21.2013.csv,Glenn,39.6672,-122.1774,W002,2013-09-18 13:29:54,396672N1221774W002,21N03W23D002M,4/5/2011,00:00,,,47.220,0.000,47.220,206.430,204.760,159.210,45.550,UNK - Unknown,Unknown,Department of Water Resources,Voluntary,4,5,2011
Glenn_01.01.2003-06.21.2013.csv,Glenn,39.6672,-122.1774,W002,2013-09-18 13:29:54,396672N1221774W002,21N03W23D002M,8/3/2011,00:00,,,52.250,0.000,52.250,206.430,204.760,154.180,50.580,UNK - Unknown,Unknown,Department of Water Resources,Voluntary,8,3,2011
Glenn_01.01.2003-06.21.2013.csv,Glenn,39.6672,-122.1774,W002,2013-09-18 13:29:54,396672N1221774W002,21N03W23D002M,10/12/2011,00:00,,,50.010,0.000,50.010,206.430,204.760,156.420,48.340,UNK - Unknown,Unknown,Department of Water Resources,Voluntary,10,12,2011
Glenn_01.01.2003-06.21.2013.csv,Glenn,39.6672,-122.1774,W002,2013-09-18 13:29:54,396672N1221774W002,21N03W23D002M,11/29/2011,00:00,,,48.520,0.000,48.520,206.430,204.760,157.910,46.850,UNK - Unknown,Unknown,Department of Water Resources,Voluntary,11,29,2011
Glenn_01.01.2003-06.21.2013.csv,Glenn,39.6672,-122.1774,W002,2013-09-18 13:29:54,396672N1221774W002,21N03W23D002M,3/21/2013,00:00,,,53.030,0.000,53.030,206.430,204.760,153.400,51.360,ES - Electric sounder measurement,0.01 Ft,Department of Water Resources,CASGEM,3,21,2013
Glenn_01.01.2003-06.21.2013.csv,Glenn,39.6672,-122.1774,W003,2013-09-18 13:29:54,396672N1221774W003,21N03W23D003M,10/12/2011,00:00,,,54.790,0.000,54.790,206.930,204.760,152.140,52.620,ES - Electric sounder measurement,0.01 Ft,Department of Water Resources,CASGEM,10,12,2011
Glenn_01.01.2003-06.21.2013.csv,Glenn,39.6672,-122.1774,W003,2013-09-18 13:29:54,396672N1221774W003,21N03W23D003M,3/28/2012,00:00,,,52.170,0.000,52.170,206.930,204.760,154.760,50.000,ES - Electric sounder measurement,0.01 Ft,Department of Water Resources,CASGEM,3,28,2012
Glenn_01.01.2003-06.21.2013.csv,Glenn,39.6672,-122.1774,W003,2013-09-18 13:29:54,396672N1221774W003,21N03W23D003M,8/2/2012,00:00,,,59.000,0.000,59.000,206.930,204.760,147.930,56.830,ES - Electric sounder measurement,0.01 Ft,Department of Water Resources,CASGEM,8,2,2012
Glenn_01.01.2003-06.21.2013.csv,Glenn,39.6672,-122.1774,W003,2013-09-18 13:29:54,396672N1221774W003,21N03W23D003M,10/17/2012,00:00,,,62.520,0.000,62.520,206.930,204.760,144.410,60.350,ES - Electric sounder measurement,0.01 Ft,Department of Water Resources,CASGEM,10,17,2012
Glenn_01.01.2003-06.21.2013.csv,Glenn,39.6672,-122.1774,W003,2013-09-18 13:29:54,396672N1221774W003,21N03W23D003M,1/23/2003,00:00,,,39.600,0.000,39.600,206.930,204.760,167.330,37.430,UNK - Unknown,Unknown,ORLAND - ARTOIS WATER DISTRICT,Voluntary,1,23,2003
Glenn_01.01.2003-06.21.2013.csv,Glenn,39.6672,-122.1774,W003,2013-09-18 13:29:54,396672N1221774W003,21N03W23D003M,2/20/2003,00:00,,,38.000,0.000,38.000,206.930,204.760,168.930,35.830,UNK - Unknown,Unknown,ORLAND - ARTOIS WATER DISTRICT,Voluntary,2,20,2003
Glenn_01.01.2003-06.21.2013.csv,Glenn,39.6672,-122.1774,W003,2013-09-18 13:29:54,396672N1221774W003,21N03W23D003M,3/3/2003,00:00,,,37.000,0.000,37.000,206.930,204.760,169.930,34.830,UNK - Unknown,Unknown,ORLAND - ARTOIS WATER DISTRICT,Voluntary,3,3,2003
Glenn_01.01.2003-06.21.2013.csv,Glenn,39.6672,-122.1774,W003,2013-09-18 13:29:54,396672N1221774W003,21N03W23D003M,4/1/2003,00:00,,,35.900,0.000,35.900,206.930,204.760,171.030,33.730,UNK - Unknown,Unknown,ORLAND - ARTOIS WATER DISTRICT,Voluntary,4,1,2003
Glenn_01.01.2003-06.21.2013.csv,Glenn,39.6672,-122.1774,W003,2013-09-18 13:29:54,396672N1221774W003,21N03W23D003M,5/12/2003,00:00,,,36.500,0.000,36.500,206.930,204.760,170.430,34.330,UNK - Unknown,Unknown,ORLAND - ARTOIS WATER DISTRICT,Voluntary,5,12,2003
Glenn_01.01.2003-06.21.2013.csv,Glenn,39.6672,-122.1774,W003,2013-09-18 13:29:54,396672N1221774W003,21N03W23D003M,7/1/2003,00:00,,,39.360,0.000,39.360,206.930,204.760,167.570,37.190,UNK - Unknown,Unknown,ORLAND - ARTOIS WATER DISTRICT,Voluntary,7,1,2003
Glenn_01.01.2003-06.21.2013.csv,Glenn,39.6672,-122.1774,W003,2013-09-18 13:29:54,396672N1221774W003,21N03W23D003M,7/24/2003,00:00,,,41.040,0.000,41.040,206.930,204.760,165.890,38.870,UNK - Unknown,Unknown,ORLAND - ARTOIS WATER DISTRICT,Voluntary,7,24,2003
Glenn_01.01.2003-06.21.2013.csv,Glenn,39.6672,-122.1774,W003,2013-09-18 13:29:54,396672N1221774W003,21N03W23D003M,8/28/2003,00:00,,,41.890,0.000,41.890,206.930,204.760,165.040,39.720,UNK - Unknown,Unknown,ORLAND - ARTOIS WATER DISTRICT,Voluntary,8,28,2003
Glenn_01.01.2003-06.21.2013.csv,Glenn,39.6672,-122.1774,W003,2013-09-18 13:29:54,396672N1221774W003,21N03W23D003M,10/30/2003,00:00,,,42.100,0.000,42.100,206.930,204.760,164.830,39.930,UNK - Unknown,Unknown,ORLAND - ARTOIS WATER DISTRICT,Voluntary,10,30,2003
Glenn_01.01.2003-06.21.2013.csv,Glenn,39.6672,-122.1774,W003,2013-09-18 13:29:54,396672N1221774W003,21N03W23D003M,9/25/2003,00:00,,,42.500,0.000,42.500,206.930,204.760,164.430,40.330,UNK - Unknown,Unknown,ORLAND - ARTOIS WATER DISTRICT,Voluntary,9,25,2003
Glenn_01.01.2003-06.21.2013.csv,Glenn,39.6672,-122.1774,W003,2013-09-18 13:29:54,396672N1221774W003,21N03W23D003M,11/30/2003,00:00,,,41.600,0.000,41.600,206.930,204.760,165.330,39.430,UNK - Unknown,Unknown,ORLAND - ARTOIS WATER DISTRICT,Voluntary,11,30,2003
Glenn_01.01.2003-06.21.2013.csv,Glenn,39.6672,-122.1774,W003,2013-09-18 13:29:54,396672N1221774W003,21N03W23D003M,2/24/2004,00:00,,,35.600,0.000,35.600,206.930,204.760,171.330,33.430,UNK - Unknown,Unknown,ORLAND - ARTOIS WATER DISTRICT,Voluntary,2,24,2004
Glenn_01.01.2003-06.21.2013.csv,Glenn,39.6672,-122.1774,W003,2013-09-18 13:29:54,396672N1221774W003,21N03W23D003M,3/31/2004,00:00,,,33.400,0.000,33.400,206.930,204.760,173.530,31.230,UNK - Unknown,Unknown,ORLAND - ARTOIS WATER DISTRICT,Voluntary,3,31,2004
Glenn_01.01.2003-06.21.2013.csv,Glenn,39.6672,-122.1774,W003,2013-09-18 13:29:54,396672N1221774W003,21N03W23D003M,4/29/2004,00:00,,,33.900,0.000,33.900,206.930,204.760,173.030,31.730,UNK - Unknown,Unknown,ORLAND - ARTOIS WATER DISTRICT,Voluntary,4,29,2004
Glenn_01.01.2003-06.21.2013.csv,Glenn,39.6672,-122.1774,W003,2013-09-18 13:29:54,396672N1221774W003,21N03W23D003M,5/26/2004,00:00,,,35.800,0.000,35.800,206.930,204.760,171.130,33.630,UNK - Unknown,Unknown,ORLAND - ARTOIS WATER DISTRICT,Voluntary,5,26,2004
Glenn_01.01.2003-06.21.2013.csv,Glenn,39.6672,-122.1774,W003,2013-09-18 13:29:54,396672N1221774W003,21N03W23D003M,12/30/2003,00:00,,,39.900,0.000,39.900,206.930,204.760,167.030,37.730,UNK - Unknown,Unknown,ORLAND - ARTOIS WATER DISTRICT,Voluntary,12,30,2003
Glenn_01.01.2003-06.21.2013.csv,Glenn,39.6672,-122.1774,W003,2013-09-18 13:29:54,396672N1221774W003,21N03W23D003M,6/30/2004,00:00,,,37.900,0.000,37.900,206.930,204.760,169.030,35.730,UNK - Unknown,Unknown,ORLAND - ARTOIS WATER DISTRICT,Voluntary,6,30,2004
Glenn_01.01.2003-06.21.2013.csv,Glenn,39.6672,-122.1774,W003,2013-09-18 13:29:54,396672N1221774W003,21N03W23D003M,7/29/2004,00:00,,,39.800,0.000,39.800,206.930,204.760,167.130,37.630,UNK - Unknown,Unknown,ORLAND - ARTOIS WATER DISTRICT,Voluntary,7,29,2004
Glenn_01.01.2003-06.21.2013.csv,Glenn,39.6672,-122.1774,W003,2013-09-18 13:29:54,396672N1221774W003,21N03W23D003M,8/26/2004,00:00,,,41.200,0.000,41.200,206.930,204.760,165.730,39.030,UNK - Unknown,Unknown,ORLAND - ARTOIS WATER DISTRICT,Voluntary,8,26,2004
Glenn_01.01.2003-06.21.2013.csv,Glenn,39.6672,-122.1774,W003,2013-09-18 13:29:54,396672N1221774W003,21N03W23D003M,9/22/2004,00:00,,,41.600,0.000,41.600,206.930,204.760,165.330,39.430,UNK - Unknown,Unknown,ORLAND - ARTOIS WATER DISTRICT,Voluntary,9,22,2004
Glenn_01.01.2003-06.21.2013.csv,Glenn,39.6672,-122.1774,W003,2013-09-18 13:29:54,396672N1221774W003,21N03W23D003M,10/28/2004,00:00,,,41.500,0.000,41.500,206.930,204.760,165.430,39.330,UNK - Unknown,Unknown,ORLAND - ARTOIS WATER DISTRICT,Voluntary,10,28,2004
Glenn_01.01.2003-06.21.2013.csv,Glenn,39.6672,-122.1774,W003,2013-09-18 13:29:54,396672N1221774W003,21N03W23D003M,12/1/2004,00:00,,,41.300,0.000,41.300,206.930,204.760,165.630,39.130,UNK - Unknown,Unknown,ORLAND - ARTOIS WATER DISTRICT,Voluntary,12,1,2004
Glenn_01.01.2003-06.21.2013.csv,Glenn,39.6672,-122.1774,W003,2013-09-18 13:29:54,396672N1221774W003,21N03W23D003M,12/29/2004,00:00,,,40.500,0.000,40.500,206.930,204.760,166.430,38.330,UNK - Unknown,Unknown,ORLAND - ARTOIS WATER DISTRICT,Voluntary,12,29,2004
Glenn_01.01.2003-06.21.2013.csv,Glenn,39.6672,-122.1774,W003,2013-09-18 13:29:54,396672N1221774W003,21N03W23D003M,1/31/2005,00:00,,,36.800,0.000,36.800,206.930,204.760,170.130,34.630,UNK - Unknown,Unknown,ORLAND - ARTOIS WATER DISTRICT,Voluntary,1,31,2005
Glenn_01.01.2003-06.21.2013.csv,Glenn,39.6672,-122.1774,W003,2013-09-18 13:29:54,396672N1221774W003,21N03W23D003M,2/25/2005,00:00,,,35.800,0.000,35.800,206.930,204.760,171.130,33.630,UNK - Unknown,Unknown,ORLAND - ARTOIS WATER DISTRICT,Voluntary,2,25,2005
Glenn_01.01.2003-06.21.2013.csv,Glenn,39.6672,-122.1774,W003,2013-09-18 13:29:54,396672N1221774W003,21N03W23D003M,4/26/2004,00:00,,,34.800,0.000,34.800,206.930,204.760,172.130,32.630,UNK - Unknown,Unknown,ORLAND - ARTOIS WATER DISTRICT,Voluntary,4,26,2004
Glenn_01.01.2003-06.21.2013.csv,Glenn,39.6672,-122.1774,W003,2013-09-18 13:29:54,396672N1221774W003,21N03W23D003M,5/27/2005,00:00,,,35.000,0.000,35.000,206.930,204.760,171.930,32.830,UNK - Unknown,Unknown,ORLAND - ARTOIS WATER DISTRICT,Voluntary,5,27,2005
Glenn_01.01.2003-06.21.2013.csv,Glenn,39.6672,-122.1774,W003,2013-09-18 13:29:54,396672N1221774W003,21N03W23D003M,7/1/2005,00:00,,,37.300,0.000,37.300,206.930,204.760,169.630,35.130,UNK - Unknown,Unknown,ORLAND - ARTOIS WATER DISTRICT,Voluntary,7,1,2005
Glenn_01.01.2003-06.21.2013.csv,Glenn,39.6672,-122.1774,W003,2013-09-18 13:29:54,396672N1221774W003,21N03W23D003M,10/28/2005,00:00,,,42.200,0.000,42.200,206.930,204.760,164.730,40.030,UNK - Unknown,Unknown,ORLAND - ARTOIS WATER DISTRICT,Voluntary,10,28,2005
Glenn_01.01.2003-06.21.2013.csv,Glenn,39.6672,-122.1774,W003,2013-09-18 13:29:54,396672N1221774W003,21N03W23D003M,5/25/2006,00:00,,,32.500,0.000,32.500,206.930,204.760,174.430,30.330,UNK - Unknown,Unknown,ORLAND - ARTOIS WATER DISTRICT,Voluntary,5,25,2006
Glenn_01.01.2003-06.21.2013.csv,Glenn,39.6672,-122.1774,W003,2013-09-18 13:29:54,396672N1221774W003,21N03W23D003M,4/26/2006,00:00,,,32.200,0.000,32.200,206.930,204.760,174.730,30.030,UNK - Unknown,Unknown,ORLAND - ARTOIS WATER DISTRICT,Voluntary,4,26,2006
Glenn_01.01.2003-06.21.2013.csv,Glenn,39.6672,-122.1774,W003,2013-09-18 13:29:54,396672N1221774W003,21N03W23D003M,3/30/2006,00:00,,,35.000,0.000,35.000,206.930,204.760,171.930,32.830,UNK - Unknown,Unknown,ORLAND - ARTOIS WATER DISTRICT,Voluntary,3,30,2006
Glenn_01.01.2003-06.21.2013.csv,Glenn,39.6672,-122.1774,W003,2013-09-18 13:29:54,396672N1221774W003,21N03W23D003M,1/31/2006,00:00,,,37.400,0.000,37.400,206.930,204.760,169.530,35.230,UNK - Unknown,Unknown,ORLAND - ARTOIS WATER DISTRICT,Voluntary,1,31,2006
Glenn_01.01.2003-06.21.2013.csv,Glenn,39.6672,-122.1774,W003,2013-09-18 13:29:54,396672N1221774W003,21N03W23D003M,1/5/2006,00:00,7 - Special/Other,,NULL,NULL,NULL,206.930,204.760,NULL,NULL,,,ORLAND - ARTOIS WATER DISTRICT,Voluntary,1,5,2006
Glenn_01.01.2003-06.21.2013.csv,Glenn,39.6672,-122.1774,W003,2013-09-18 13:29:54,396672N1221774W003,21N03W23D003M,11/30/2005,00:00,,,41.800,0.000,41.800,206.930,204.760,165.130,39.630,UNK - Unknown,Unknown,ORLAND - ARTOIS WATER DISTRICT,Voluntary,11,30,2005
Glenn_01.01.2003-06.21.2013.csv,Glenn,39.6672,-122.1774,W003,2013-09-18 13:29:54,396672N1221774W003,21N03W23D003M,4/26/2005,00:00,,,34.800,0.000,34.800,206.930,204.760,172.130,32.630,UNK - Unknown,Unknown,ORLAND - ARTOIS WATER DISTRICT,Voluntary,4,26,2005
Glenn_01.01.2003-06.21.2013.csv,Glenn,39.6672,-122.1774,W003,2013-09-18 13:29:54,396672N1221774W003,21N03W23D003M,8/26/2005,00:00,,,42.400,0.000,42.400,206.930,204.760,164.530,40.230,UNK - Unknown,Unknown,ORLAND - ARTOIS WATER DISTRICT,Voluntary,8,26,2005
Glenn_01.01.2003-06.21.2013.csv,Glenn,39.6672,-122.1774,W003,2013-09-18 13:29:54,396672N1221774W003,21N03W23D003M,7/28/2005,00:00,,,39.700,0.000,39.700,206.930,204.760,167.230,37.530,UNK - Unknown,Unknown,ORLAND - ARTOIS WATER DISTRICT,Voluntary,7,28,2005
Glenn_01.01.2003-06.21.2013.csv,Glenn,39.6672,-122.1774,W003,2013-09-18 13:29:54,396672N1221774W003,21N03W23D003M,6/29/2006,00:00,,,34.900,0.000,34.900,206.930,204.760,172.030,32.730,UNK - Unknown,Unknown,ORLAND - ARTOIS WATER DISTRICT,Voluntary,6,29,2006
Glenn_01.01.2003-06.21.2013.csv,Glenn,39.6672,-122.1774,W003,2013-09-18 13:29:54,396672N1221774W003,21N03W23D003M,10/12/2006,00:00,,,39.300,0.000,39.300,206.930,204.760,167.630,37.130,UNK - Unknown,Unknown,ORLAND - ARTOIS WATER DISTRICT,Voluntary,TROLL READING ONLY10,12,2006
Glenn_01.01.2003-06.21.2013.csv,Glenn,39.6672,-122.1774,W003,2013-09-18 13:29:54,396672N1221774W003,21N03W23D003M,11/22/2006,00:00,,,39.300,0.000,39.300,206.930,204.760,167.630,37.130,UNK - Unknown,Unknown,ORLAND - ARTOIS WATER DISTRICT,Voluntary,11,22,2006
Glenn_01.01.2003-06.21.2013.csv,Glenn,39.6672,-122.1774,W003,2013-09-18 13:29:54,396672N1221774W003,21N03W23D003M,9/29/2006,00:00,,,39.400,0.000,39.400,206.930,204.760,167.530,37.230,UNK - Unknown,Unknown,ORLAND - ARTOIS WATER DISTRICT,Voluntary,9,29,2006
Glenn_01.01.2003-06.21.2013.csv,Glenn,39.6672,-122.1774,W003,2013-09-18 13:29:54,396672N1221774W003,21N03W23D003M,1/3/2007,00:00,,,39.020,0.000,39.020,206.930,204.760,167.910,36.850,UNK - Unknown,Unknown,ORLAND - ARTOIS WATER DISTRICT,Voluntary,1,3,2007
Glenn_01.01.2003-06.21.2013.csv,Glenn,39.6672,-122.1774,W003,2013-09-18 13:29:54,396672N1221774W003,21N03W23D003M,2/22/2007,00:00,,,39.070,0.000,39.070,206.930,204.760,167.860,36.900,UNK - Unknown,Unknown,ORLAND - ARTOIS WATER DISTRICT,Voluntary,2,22,2007
Glenn_01.01.2003-06.21.2013.csv,Glenn,39.6672,-122.1774,W003,2013-09-18 13:29:54,396672N1221774W003,21N03W23D003M,3/26/2007,00:00,,,40.860,0.000,40.860,206.930,204.760,166.070,38.690,UNK - Unknown,Unknown,ORLAND - ARTOIS WATER DISTRICT,Voluntary,3,26,2007
Glenn_01.01.2003-06.21.2013.csv,Glenn,39.6672,-122.1774,W003,2013-09-18 13:29:54,396672N1221774W003,21N03W23D003M,4/27/2007,00:00,,,41.660,0.000,41.660,206.930,204.760,165.270,39.490,UNK - Unknown,Unknown,ORLAND - ARTOIS WATER DISTRICT,Voluntary,4,27,2007
Glenn_01.01.2003-06.21.2013.csv,Glenn,39.6672,-122.1774,W003,2013-09-18 13:29:54,396672N1221774W003,21N03W23D003M,8/9/2007,00:00,,,50.790,0.000,50.790,206.930,204.760,156.140,48.620,UNK - Unknown,Unknown,ORLAND - ARTOIS WATER DISTRICT,Voluntary,8,9,2007
Glenn_01.01.2003-06.21.2013.csv,Glenn,39.6672,-122.1774,W003,2013-09-18 13:29:54,396672N1221774W003,21N03W23D003M,10/19/2007,00:00,,,51.680,0.000,51.680,206.930,204.760,155.250,49.510,UNK - Unknown,Unknown,ORLAND - ARTOIS WATER DISTRICT,Voluntary,10,19,2007
Glenn_01.01.2003-06.21.2013.csv,Glenn,39.6672,-122.1774,W003,2013-09-18 13:29:54,396672N1221774W003,21N03W23D003M,1/17/2008,00:00,,,49.720,0.000,49.720,206.930,204.760,157.210,47.550,UNK - Unknown,Unknown,ORLAND - ARTOIS WATER DISTRICT,Voluntary,1,17,2008
Glenn_01.01.2003-06.21.2013.csv,Glenn,39.6672,-122.1774,W003,2013-09-18 13:29:54,396672N1221774W003,21N03W23D003M,3/13/2008,00:00,,,45.380,0.000,45.380,206.930,204.760,161.550,43.210,UNK - Unknown,Unknown,ORLAND - ARTOIS WATER DISTRICT,Voluntary,3,13,2008
Glenn_01.01.2003-06.21.2013.csv,Glenn,39.6672,-122.1774,W003,2013-09-18 13:29:54,396672N1221774W003,21N03W23D003M,7/1/2008,00:00,,,53.650,0.000,53.650,206.930,204.760,153.280,51.480,UNK - Unknown,Unknown,ORLAND - ARTOIS WATER DISTRICT,Voluntary,7,1,2008
Glenn_01.01.2003-06.21.2013.csv,Glenn,39.6672,-122.1774,W003,2013-09-18 13:29:54,396672N1221774W003,21N03W23D003M,7/16/2008,00:00,,,56.050,0.000,56.050,206.930,204.760,150.880,53.880,UNK - Unknown,Unknown,ORLAND - ARTOIS WATER DISTRICT,Voluntary,7,16,2008
Glenn_01.01.2003-06.21.2013.csv,Glenn,39.6672,-122.1774,W003,2013-09-18 13:29:54,396672N1221774W003,21N03W23D003M,8/5/2008,00:00,,,56.870,0.000,56.870,206.930,204.760,150.060,54.700,UNK - Unknown,Unknown,ORLAND - ARTOIS WATER DISTRICT,Voluntary,8,5,2008
Glenn_01.01.2003-06.21.2013.csv,Glenn,39.6672,-122.1774,W003,2013-09-18 13:29:54,396672N1221774W003,21N03W23D003M,10/21/2008,00:00,,,59.620,0.000,59.620,206.930,204.760,147.310,57.450,UNK - Unknown,Unknown,ORLAND - ARTOIS WATER DISTRICT,Voluntary,10,21,2008
Glenn_01.01.2003-06.21.2013.csv,Glenn,39.6672,-122.1774,W003,2013-09-18 13:29:54,396672N1221774W003,21N03W23D003M,1/13/2009,00:00,,,56.640,0.000,56.640,206.930,204.760,150.290,54.470,UNK - Unknown,Unknown,ORLAND - ARTOIS WATER DISTRICT,Voluntary,1,13,2009
Glenn_01.01.2003-06.21.2013.csv,Glenn,39.6672,-122.1774,W003,2013-09-18 13:29:54,396672N1221774W003,21N03W23D003M,3/25/2009,00:00,,,51.970,0.000,51.970,206.930,204.760,154.960,49.800,UNK - Unknown,Unknown,ORLAND - ARTOIS WATER DISTRICT,Voluntary,3,25,2009
Glenn_01.01.2003-06.21.2013.csv,Glenn,39.6672,-122.1774,W003,2013-09-18 13:29:54,396672N1221774W003,21N03W23D003M,5/14/2009,00:00,,,53.600,0.000,53.600,206.930,204.760,153.330,51.430,UNK - Unknown,Unknown,ORLAND - ARTOIS WATER DISTRICT,Voluntary,5,14,2009
Glenn_01.01.2003-06.21.2013.csv,Glenn,39.6672,-122.1774,W003,2013-09-18 13:29:54,396672N1221774W003,21N03W23D003M,6/25/2009,00:00,,,57.900,0.000,57.900,206.930,204.760,149.030,55.730,UNK - Unknown,Unknown,Department of Water Resources,Voluntary,6,25,2009
Glenn_01.01.2003-06.21.2013.csv,Glenn,39.6672,-122.1774,W003,2013-09-18 13:29:54,396672N1221774W003,21N03W23D003M,8/6/2009,00:00,,,62.070,0.000,62.070,206.930,204.760,144.860,59.900,UNK - Unknown,Unknown,Department of Water Resources,Voluntary,8,6,2009
Glenn_01.01.2003-06.21.2013.csv,Glenn,39.6672,-122.1774,W003,2013-09-18 13:29:54,396672N1221774W003,21N03W23D003M,9/16/2009,00:00,,,65.810,0.000,65.810,206.930,204.760,141.120,63.640,UNK - Unknown,Unknown,Department of Water Resources,Voluntary,9,16,2009
Glenn_01.01.2003-06.21.2013.csv,Glenn,39.6672,-122.1774,W003,2013-09-18 13:29:54,396672N1221774W003,21N03W23D003M,10/22/2009,00:00,,,64.920,0.000,64.920,206.930,204.760,142.010,62.750,UNK - Unknown,Unknown,Department of Water Resources,Voluntary,10,22,2009
Glenn_01.01.2003-06.21.2013.csv,Glenn,39.6672,-122.1774,W003,2013-09-18 13:29:54,396672N1221774W003,21N03W23D003M,3/25/2010,00:00,,,53.030,0.000,53.030,206.930,204.760,153.900,50.860,UNK - Unknown,Unknown,Department of Water Resources,Voluntary,3,25,2010
Glenn_01.01.2003-06.21.2013.csv,Glenn,39.6672,-122.1774,W003,2013-09-18 13:29:54,396672N1221774W003,21N03W23D003M,8/3/2010,00:00,,,56.490,0.000,56.490,206.930,204.760,150.440,54.320,UNK - Unknown,Unknown,Department of Water Resources,Voluntary,8,3,2010
Glenn_01.01.2003-06.21.2013.csv,Glenn,39.6672,-122.1774,W003,2013-09-18 13:29:54,396672N1221774W003,21N03W23D003M,10/18/2010,00:00,,,57.590,0.000,57.590,206.930,204.760,149.340,55.420,UNK - Unknown,Unknown,Department of Water Resources,Voluntary,10,18,2010
Glenn_01.01.2003-06.21.2013.csv,Glenn,39.6672,-122.1774,W003,2013-09-18 13:29:54,396672N1221774W003,21N03W23D003M,1/18/2011,00:00,,,53.580,0.000,53.580,206.930,204.760,153.350,51.410,UNK - Unknown,Unknown,Department of Water Resources,Voluntary,1,18,2011
Glenn_01.01.2003-06.21.2013.csv,Glenn,39.6672,-122.1774,W003,2013-09-18 13:29:54,396672N1221774W003,21N03W23D003M,1/20/2011,00:00,,,53.530,0.000,53.530,206.930,204.760,153.400,51.360,UNK - Unknown,Unknown,Department of Water Resources,Voluntary,1,20,2011
Glenn_01.01.2003-06.21.2013.csv,Glenn,39.6672,-122.1774,W003,2013-09-18 13:29:54,396672N1221774W003,21N03W23D003M,2/14/2011,00:00,,,52.550,0.000,52.550,206.930,204.760,154.380,50.380,UNK - Unknown,Unknown,Department of Water Resources,Voluntary,2,14,2011
Glenn_01.01.2003-06.21.2013.csv,Glenn,39.6672,-122.1774,W003,2013-09-18 13:29:54,396672N1221774W003,21N03W23D003M,4/5/2011,00:00,,,49.120,0.000,49.120,206.930,204.760,157.810,46.950,UNK - Unknown,Unknown,Department of Water Resources,Voluntary,4,5,2011
Glenn_01.01.2003-06.21.2013.csv,Glenn,39.6672,-122.1774,W003,2013-09-18 13:29:54,396672N1221774W003,21N03W23D003M,8/3/2011,00:00,,,52.060,0.000,52.060,206.930,204.760,154.870,49.890,UNK - Unknown,Unknown,Department of Water Resources,Voluntary,8,3,2011
Glenn_01.01.2003-06.21.2013.csv,Glenn,39.6672,-122.1774,W003,2013-09-18 13:29:54,396672N1221774W003,21N03W23D003M,10/12/2011,00:00,,,54.790,0.000,54.790,206.930,204.760,152.140,52.620,UNK - Unknown,Unknown,Department of Water Resources,Voluntary,10,12,2011
Glenn_01.01.2003-06.21.2013.csv,Glenn,39.6672,-122.1774,W003,2013-09-18 13:29:54,396672N1221774W003,21N03W23D003M,11/29/2011,00:00,,,35.550,0.000,35.550,206.930,204.760,171.380,33.380,UNK - Unknown,Unknown,Department of Water Resources,Voluntary,11,29,2011
Glenn_01.01.2003-06.21.2013.csv,Glenn,39.6672,-122.1774,W003,2013-09-18 13:29:54,396672N1221774W003,21N03W23D003M,3/21/2013,00:00,,,54.460,0.000,54.460,206.930,204.760,152.470,52.290,ES - Electric sounder measurement,0.01 Ft,Department of Water Resources,CASGEM,3,21,2013
Glenn_01.01.2003-06.21.2013.csv,Glenn,39.6675,-122.1766,W001,2013-09-18 13:29:54,396675N1221766W001,Van Tol Well B,1/23/2003,00:00,,,40.700,0.000,40.700,207.670,205.070,166.970,38.100,UNK - Unknown,Unknown,ORLAND - ARTOIS WATER DISTRICT,Voluntary,1,23,2003
Glenn_01.01.2003-06.21.2013.csv,Glenn,39.6675,-122.1766,W001,2013-09-18 13:29:54,396675N1221766W001,Van Tol Well B,2/20/2003,00:00,,,39.200,0.000,39.200,207.670,205.070,168.470,36.600,UNK - Unknown,Unknown,ORLAND - ARTOIS WATER DISTRICT,Voluntary,2,20,2003
Glenn_01.01.2003-06.21.2013.csv,Glenn,39.6675,-122.1766,W001,2013-09-18 13:29:54,396675N1221766W001,Van Tol Well B,3/3/2003,00:00,,,38.300,0.000,38.300,207.670,205.070,169.370,35.700,UNK - Unknown,Unknown,ORLAND - ARTOIS WATER DISTRICT,Voluntary,3,3,2003
Glenn_01.01.2003-06.21.2013.csv,Glenn,39.6675,-122.1766,W001,2013-09-18 13:29:54,396675N1221766W001,Van Tol Well B,4/1/2003,00:00,,,37.300,0.000,37.300,207.670,205.070,170.370,34.700,UNK - Unknown,Unknown,ORLAND - ARTOIS WATER DISTRICT,Voluntary,4,1,2003
Glenn_01.01.2003-06.21.2013.csv,Glenn,39.6675,-122.1766,W001,2013-09-18 13:29:54,396675N1221766W001,Van Tol Well B,5/12/2003,00:00,,,37.700,0.000,37.700,207.670,205.070,169.970,35.100,UNK - Unknown,Unknown,ORLAND - ARTOIS WATER DISTRICT,Voluntary,5,12,2003
Glenn_01.01.2003-06.21.2013.csv,Glenn,39.6675,-122.1766,W001,2013-09-18 13:29:54,396675N1221766W001,Van Tol Well B,7/1/2003,00:00,,,40.670,0.000,40.670,207.670,205.070,167.000,38.070,UNK - Unknown,Unknown,ORLAND - ARTOIS WATER DISTRICT,Voluntary,7,1,2003
Glenn_01.01.2003-06.21.2013.csv,Glenn,39.6675,-122.1766,W001,2013-09-18 13:29:54,396675N1221766W001,Van Tol Well B,7/24/2003,00:00,,,42.560,0.000,42.560,207.670,205.070,165.110,39.960,UNK - Unknown,Unknown,ORLAND - ARTOIS WATER DISTRICT,Voluntary,7,24,2003
Glenn_01.01.2003-06.21.2013.csv,Glenn,39.6675,-122.1766,W001,2013-09-18 13:29:54,396675N1221766W001,Van Tol Well B,8/28/2003,00:00,,,42.930,0.000,42.930,207.670,205.070,164.740,40.330,UNK - Unknown,Unknown,ORLAND - ARTOIS WATER DISTRICT,Voluntary,8,28,2003
Glenn_01.01.2003-06.21.2013.csv,Glenn,39.6675,-122.1766,W001,2013-09-18 13:29:54,396675N1221766W001,Van Tol Well B,10/30/2003,00:00,,,43.300,0.000,43.300,207.670,205.070,164.370,40.700,UNK - Unknown,Unknown,ORLAND - ARTOIS WATER DISTRICT,Voluntary,10,30,2003
Glenn_01.01.2003-06.21.2013.csv,Glenn,39.6675,-122.1766,W001,2013-09-18 13:29:54,396675N1221766W001,Van Tol Well B,9/25/2003,00:00,,,43.600,0.000,43.600,207.670,205.070,164.070,41.000,UNK - Unknown,Unknown,ORLAND - ARTOIS WATER DISTRICT,Voluntary,9,25,2003
Glenn_01.01.2003-06.21.2013.csv,Glenn,39.6675,-122.1766,W001,2013-09-18 13:29:54,396675N1221766W001,Van Tol Well B,11/30/2003,00:00,,,42.000,0.000,42.000,207.670,205.070,165.670,39.400,UNK - Unknown,Unknown,ORLAND - ARTOIS WATER DISTRICT,Voluntary,11,30,2003
Glenn_01.01.2003-06.21.2013.csv,Glenn,39.6675,-122.1766,W001,2013-09-18 13:29:54,396675N1221766W001,Van Tol Well B,2/24/2004,00:00,,,36.900,0.000,36.900,207.670,205.070,170.770,34.300,UNK - Unknown,Unknown,ORLAND - ARTOIS WATER DISTRICT,Voluntary,2,24,2004
Glenn_01.01.2003-06.21.2013.csv,Glenn,39.6675,-122.1766,W001,2013-09-18 13:29:54,396675N1221766W001,Van Tol Well B,3/31/2004,00:00,,,34.500,0.000,34.500,207.670,205.070,173.170,31.900,UNK - Unknown,Unknown,ORLAND - ARTOIS WATER DISTRICT,Voluntary,3,31,2004
Glenn_01.01.2003-06.21.2013.csv,Glenn,39.6675,-122.1766,W001,2013-09-18 13:29:54,396675N1221766W001,Van Tol Well B,4/29/2004,00:00,,,34.900,0.000,34.900,207.670,205.070,172.770,32.300,UNK - Unknown,Unknown,ORLAND - ARTOIS WATER DISTRICT,Voluntary,4,29,2004
Glenn_01.01.2003-06.21.2013.csv,Glenn,39.6675,-122.1766,W001,2013-09-18 13:29:54,396675N1221766W001,Van Tol Well B,5/26/2004,00:00,,,36.700,0.000,36.700,207.670,205.070,170.970,34.100,UNK - Unknown,Unknown,ORLAND - ARTOIS WATER DISTRICT,Voluntary,5,26,2004
Glenn_01.01.2003-06.21.2013.csv,Glenn,39.6675,-122.1766,W001,2013-09-18 13:29:54,396675N1221766W001,Van Tol Well B,12/30/2003,00:00,,,41.000,0.000,41.000,207.670,205.070,166.670,38.400,UNK - Unknown,Unknown,ORLAND - ARTOIS WATER DISTRICT,Voluntary,12,30,2003
Glenn_01.01.2003-06.21.2013.csv,Glenn,39.6675,-122.1766,W001,2013-09-18 13:29:54,396675N1221766W001,Van Tol Well B,6/30/2004,00:00,,,38.800,0.000,38.800,207.670,205.070,168.870,36.200,UNK - Unknown,Unknown,ORLAND - ARTOIS WATER DISTRICT,Voluntary,6,30,2004
Glenn_01.01.2003-06.21.2013.csv,Glenn,39.6675,-122.1766,W001,2013-09-18 13:29:54,396675N1221766W001,Van Tol Well B,7/29/2004,00:00,,,40.900,0.000,40.900,207.670,205.070,166.770,38.300,UNK - Unknown,Unknown,ORLAND - ARTOIS WATER DISTRICT,Voluntary,7,29,2004
Glenn_01.01.2003-06.21.2013.csv,Glenn,39.6675,-122.1766,W001,2013-09-18 13:29:54,396675N1221766W001,Van Tol Well B,8/26/2004,00:00,,,42.300,0.000,42.300,207.670,205.070,165.370,39.700,UNK - Unknown,Unknown,ORLAND - ARTOIS WATER DISTRICT,Voluntary,8,26,2004
Glenn_01.01.2003-06.21.2013.csv,Glenn,39.6675,-122.1766,W001,2013-09-18 13:29:54,396675N1221766W001,Van Tol Well B,9/22/2004,00:00,,,42.800,0.000,42.800,207.670,205.070,164.870,40.200,UNK - Unknown,Unknown,ORLAND - ARTOIS WATER DISTRICT,Voluntary,9,22,2004
Glenn_01.01.2003-06.21.2013.csv,Glenn,39.6675,-122.1766,W001,2013-09-18 13:29:54,396675N1221766W001,Van Tol Well B,10/28/2004,00:00,,,42.700,0.000,42.700,207.670,205.070,164.970,40.100,UNK - Unknown,Unknown,ORLAND - ARTOIS WATER DISTRICT,Voluntary,10,28,2004
Glenn_01.01.2003-06.21.2013.csv,Glenn,39.6675,-122.1766,W001,2013-09-18 13:29:54,396675N1221766W001,Van Tol Well B,12/1/2004,00:00,,,42.500,0.000,42.500,207.670,205.070,165.170,39.900,UNK - Unknown,Unknown,ORLAND - ARTOIS WATER DISTRICT,Voluntary,12,1,2004
Glenn_01.01.2003-06.21.2013.csv,Glenn,39.6675,-122.1766,W001,2013-09-18 13:29:54,396675N1221766W001,Van Tol Well B,12/29/2004,00:00,,,41.700,0.000,41.700,207.670,205.070,165.970,39.100,UNK - Unknown,Unknown,ORLAND - ARTOIS WATER DISTRICT,Voluntary,12,29,2004
Glenn_01.01.2003-06.21.2013.csv,Glenn,39.6675,-122.1766,W001,2013-09-18 13:29:54,396675N1221766W001,Van Tol Well B,1/31/2005,00:00,,,37.900,0.000,37.900,207.670,205.070,169.770,35.300,UNK - Unknown,Unknown,ORLAND - ARTOIS WATER DISTRICT,Voluntary,1,31,2005
Glenn_01.01.2003-06.21.2013.csv,Glenn,39.6675,-122.1766,W001,2013-09-18 13:29:54,396675N1221766W001,Van Tol Well B,2/25/2005,00:00,,,37.000,0.000,37.000,207.670,205.070,170.670,34.400,UNK - Unknown,Unknown,ORLAND - ARTOIS WATER DISTRICT,Voluntary,2,25,2005
Glenn_01.01.2003-06.21.2013.csv,Glenn,39.6675,-122.1766,W001,2013-09-18 13:29:54,396675N1221766W001,Van Tol Well B,4/26/2004,00:00,,,36.000,0.000,36.000,207.670,205.070,171.670,33.400,UNK - Unknown,Unknown,ORLAND - ARTOIS WATER DISTRICT,Voluntary,4,26,2004
Glenn_01.01.2003-06.21.2013.csv,Glenn,39.6675,-122.1766,W001,2013-09-18 13:29:54,396675N1221766W001,Van Tol Well B,5/27/2005,00:00,,,36.200,0.000,36.200,207.670,205.070,171.470,33.600,UNK - Unknown,Unknown,ORLAND - ARTOIS WATER DISTRICT,Voluntary,5,27,2005
Glenn_01.01.2003-06.21.2013.csv,Glenn,39.6675,-122.1766,W001,2013-09-18 13:29:54,396675N1221766W001,Van Tol Well B,7/1/2005,00:00,,,38.400,0.000,38.400,207.670,205.070,169.270,35.800,UNK - Unknown,Unknown,ORLAND - ARTOIS WATER DISTRICT,Voluntary,7,1,2005
Glenn_01.01.2003-06.21.2013.csv,Glenn,39.6675,-122.1766,W001,2013-09-18 13:29:54,396675N1221766W001,Van Tol Well B,10/28/2005,00:00,,,43.500,0.000,43.500,207.670,205.070,164.170,40.900,UNK - Unknown,Unknown,ORLAND - ARTOIS WATER DISTRICT,Voluntary,10,28,2005
Glenn_01.01.2003-06.21.2013.csv,Glenn,39.6675,-122.1766,W001,2013-09-18 13:29:54,396675N1221766W001,Van Tol Well B,5/25/2006,00:00,,,33.600,0.000,33.600,207.670,205.070,174.070,31.000,UNK - Unknown,Unknown,ORLAND - ARTOIS WATER DISTRICT,Voluntary,5,25,2006
Glenn_01.01.2003-06.21.2013.csv,Glenn,39.6675,-122.1766,W001,2013-09-18 13:29:54,396675N1221766W001,Van Tol Well B,4/26/2006,00:00,,,33.400,0.000,33.400,207.670,205.070,174.270,30.800,UNK - Unknown,Unknown,ORLAND - ARTOIS WATER DISTRICT,Voluntary,4,26,2006
Glenn_01.01.2003-06.21.2013.csv,Glenn,39.6675,-122.1766,W001,2013-09-18 13:29:54,396675N1221766W001,Van Tol Well B,3/30/2006,00:00,,,36.200,0.000,36.200,207.670,205.070,171.470,33.600,UNK - Unknown,Unknown,ORLAND - ARTOIS WATER DISTRICT,Voluntary,3,30,2006
Glenn_01.01.2003-06.21.2013.csv,Glenn,39.6675,-122.1766,W001,2013-09-18 13:29:54,396675N1221766W001,Van Tol Well B,1/31/2006,00:00,,,38.600,0.000,38.600,207.670,205.070,169.070,36.000,UNK - Unknown,Unknown,ORLAND - ARTOIS WATER DISTRICT,Voluntary,1,31,2006
Glenn_01.01.2003-06.21.2013.csv,Glenn,39.6675,-122.1766,W001,2013-09-18 13:29:54,396675N1221766W001,Van Tol Well B,1/5/2006,00:00,7 - Special/Other,,NULL,NULL,NULL,207.670,205.070,NULL,NULL,,,ORLAND - ARTOIS WATER DISTRICT,Voluntary,1,5,2006
Glenn_01.01.2003-06.21.2013.csv,Glenn,39.6675,-122.1766,W001,2013-09-18 13:29:54,396675N1221766W001,Van Tol Well B,11/30/2005,00:00,,,43.100,0.000,43.100,207.670,205.070,164.570,40.500,UNK - Unknown,Unknown,ORLAND - ARTOIS WATER DISTRICT,Voluntary,11,30,2005
Glenn_01.01.2003-06.21.2013.csv,Glenn,39.6675,-122.1766,W001,2013-09-18 13:29:54,396675N1221766W001,Van Tol Well B,4/26/2005,00:00,,,36.000,0.000,36.000,207.670,205.070,171.670,33.400,UNK - Unknown,Unknown,ORLAND - ARTOIS WATER DISTRICT,Voluntary,4,26,2005
Glenn_01.01.2003-06.21.2013.csv,Glenn,39.6675,-122.1766,W001,2013-09-18 13:29:54,396675N1221766W001,Van Tol Well B,8/26/2005,00:00,,,43.500,0.000,43.500,207.670,205.070,164.170,40.900,UNK - Unknown,Unknown,ORLAND - ARTOIS WATER DISTRICT,Voluntary,8,26,2005
Glenn_01.01.2003-06.21.2013.csv,Glenn,39.6675,-122.1766,W001,2013-09-18 13:29:54,396675N1221766W001,Van Tol Well B,7/28/2005,00:00,,,40.800,0.000,40.800,207.670,205.070,166.870,38.200,UNK - Unknown,Unknown,ORLAND - ARTOIS WATER DISTRICT,Voluntary,7,28,2005
Glenn_01.01.2003-06.21.2013.csv,Glenn,39.6675,-122.1766,W001,2013-09-18 13:29:54,396675N1221766W001,Van Tol Well B,6/29/2006,00:00,,,36.100,0.000,36.100,207.670,205.070,171.570,33.500,UNK - Unknown,Unknown,ORLAND - ARTOIS WATER DISTRICT,Voluntary,6,29,2006
Glenn_01.01.2003-06.21.2013.csv,Glenn,39.6675,-122.1766,W001,2013-09-18 13:29:54,396675N1221766W001,Van Tol Well B,11/22/2006,00:00,,,40.500,0.000,40.500,207.670,205.070,167.170,37.900,UNK - Unknown,Unknown,ORLAND - ARTOIS WATER DISTRICT,Voluntary,11,22,2006
Glenn_01.01.2003-06.21.2013.csv,Glenn,39.6675,-122.1766,W001,2013-09-18 13:29:54,396675N1221766W001,Van Tol Well B,9/29/2006,00:00,,,40.700,0.000,40.700,207.670,205.070,166.970,38.100,UNK - Unknown,Unknown,ORLAND - ARTOIS WATER DISTRICT,Voluntary,9,29,2006
Glenn_01.01.2003-06.21.2013.csv,Glenn,39.6675,-122.2533,W001,2013-09-18 13:29:54,396675N1222533W001,21N04W24A003M,3/28/2012,10:30,,,126.150,0.000,126.150,231.500,230.000,105.350,124.650,ES - Electric sounder measurement,0.01 Ft,"County of Glenn, Department of Agriculture",Voluntary,3,28,2012
Glenn_01.01.2003-06.21.2013.csv,Glenn,39.6675,-122.2533,W001,2013-09-18 13:29:54,396675N1222533W001,21N04W24A003M,10/15/2012,00:00,,,141.000,0.000,141.000,231.500,230.000,90.500,139.500,ES - Electric sounder measurement,0.01 Ft,"County of Glenn, Department of Agriculture",Voluntary,10,15,2012
Glenn_01.01.2003-06.21.2013.csv,Glenn,39.6675,-122.2533,W001,2013-09-18 13:29:54,396675N1222533W001,21N04W24A003M,3/20/2013,00:00,,,135.880,0.000,135.880,231.500,230.000,95.620,134.380,ES - Electric sounder measurement,0.01 Ft,"County of Glenn, Department of Agriculture",Voluntary,3,20,2013
Glenn_01.01.2003-06.21.2013.csv,Glenn,39.6676,-122.1697,W001,2013-09-18 13:29:54,396676N1221697W001,Van Tol Well C,1/23/2003,00:00,,,35.500,0.000,35.500,202.370,200.350,166.870,33.480,UNK - Unknown,Unknown,ORLAND - ARTOIS WATER DISTRICT,Voluntary,1,23,2003
Glenn_01.01.2003-06.21.2013.csv,Glenn,39.6676,-122.1697,W001,2013-09-18 13:29:54,396676N1221697W001,Van Tol Well C,2/20/2003,00:00,,,33.900,0.000,33.900,202.370,200.350,168.470,31.880,UNK - Unknown,Unknown,ORLAND - ARTOIS WATER DISTRICT,Voluntary,2,20,2003
Glenn_01.01.2003-06.21.2013.csv,Glenn,39.6676,-122.1697,W001,2013-09-18 13:29:54,396676N1221697W001,Van Tol Well C,3/3/2003,00:00,,,33.300,0.000,33.300,202.370,200.350,169.070,31.280,UNK - Unknown,Unknown,ORLAND - ARTOIS WATER DISTRICT,Voluntary,3,3,2003
Glenn_01.01.2003-06.21.2013.csv,Glenn,39.6676,-122.1697,W001,2013-09-18 13:29:54,396676N1221697W001,Van Tol Well C,4/1/2003,00:00,,,32.200,0.000,32.200,202.370,200.350,170.170,30.180,UNK - Unknown,Unknown,ORLAND - ARTOIS WATER DISTRICT,Voluntary,4,1,2003
Glenn_01.01.2003-06.21.2013.csv,Glenn,39.6676,-122.1697,W001,2013-09-18 13:29:54,396676N1221697W001,Van Tol Well C,5/12/2003,00:00,,,32.200,0.000,32.200,202.370,200.350,170.170,30.180,UNK - Unknown,Unknown,ORLAND - ARTOIS WATER DISTRICT,Voluntary,5,12,2003
Glenn_01.01.2003-06.21.2013.csv,Glenn,39.6676,-122.1697,W001,2013-09-18 13:29:54,396676N1221697W001,Van Tol Well C,7/1/2003,00:00,,,35.230,0.000,35.230,202.370,200.350,167.140,33.210,UNK - Unknown,Unknown,ORLAND - ARTOIS WATER DISTRICT,Voluntary,7,1,2003
Glenn_01.01.2003-06.21.2013.csv,Glenn,39.6676,-122.1697,W001,2013-09-18 13:29:54,396676N1221697W001,Van Tol Well C,7/24/2003,00:00,,,36.740,0.000,36.740,202.370,200.350,165.630,34.720,UNK - Unknown,Unknown,ORLAND - ARTOIS WATER DISTRICT,Voluntary,7,24,2003
Glenn_01.01.2003-06.21.2013.csv,Glenn,39.6676,-122.1697,W001,2013-09-18 13:29:54,396676N1221697W001,Van Tol Well C,8/28/2003,00:00,,,37.360,0.000,37.360,202.370,200.350,165.010,35.340,UNK - Unknown,Unknown,ORLAND - ARTOIS WATER DISTRICT,Voluntary,8,28,2003
Glenn_01.01.2003-06.21.2013.csv,Glenn,39.6676,-122.1697,W001,2013-09-18 13:29:54,396676N1221697W001,Van Tol Well C,10/30/2003,00:00,,,37.900,0.000,37.900,202.370,200.350,164.470,35.880,UNK - Unknown,Unknown,ORLAND - ARTOIS WATER DISTRICT,Voluntary,10,30,2003
Glenn_01.01.2003-06.21.2013.csv,Glenn,39.6676,-122.1697,W001,2013-09-18 13:29:54,396676N1221697W001,Van Tol Well C,9/25/2003,00:00,,,38.200,0.000,38.200,202.370,200.350,164.170,36.180,UNK - Unknown,Unknown,ORLAND - ARTOIS WATER DISTRICT,Voluntary,9,25,2003
Glenn_01.01.2003-06.21.2013.csv,Glenn,39.6676,-122.1697,W001,2013-09-18 13:29:54,396676N1221697W001,Van Tol Well C,11/30/2003,00:00,,,37.500,0.000,37.500,202.370,200.350,164.870,35.480,UNK - Unknown,Unknown,ORLAND - ARTOIS WATER DISTRICT,Voluntary,11,30,2003
Glenn_01.01.2003-06.21.2013.csv,Glenn,39.6676,-122.1697,W001,2013-09-18 13:29:54,396676N1221697W001,Van Tol Well C,2/24/2004,00:00,,,31.700,0.000,31.700,202.370,200.350,170.670,29.680,UNK - Unknown,Unknown,ORLAND - ARTOIS WATER DISTRICT,Voluntary,2,24,2004
Glenn_01.01.2003-06.21.2013.csv,Glenn,39.6676,-122.1697,W001,2013-09-18 13:29:54,396676N1221697W001,Van Tol Well C,3/31/2004,00:00,,,29.000,0.000,29.000,202.370,200.350,173.370,26.980,UNK - Unknown,Unknown,ORLAND - ARTOIS WATER DISTRICT,Voluntary,3,31,2004
Glenn_01.01.2003-06.21.2013.csv,Glenn,39.6676,-122.1697,W001,2013-09-18 13:29:54,396676N1221697W001,Van Tol Well C,4/29/2004,00:00,,,29.600,0.000,29.600,202.370,200.350,172.770,27.580,UNK - Unknown,Unknown,ORLAND - ARTOIS WATER DISTRICT,Voluntary,4,29,2004
Glenn_01.01.2003-06.21.2013.csv,Glenn,39.6676,-122.1697,W001,2013-09-18 13:29:54,396676N1221697W001,Van Tol Well C,5/26/2004,00:00,,,31.400,0.000,31.400,202.370,200.350,170.970,29.380,UNK - Unknown,Unknown,ORLAND - ARTOIS WATER DISTRICT,Voluntary,5,26,2004
Glenn_01.01.2003-06.21.2013.csv,Glenn,39.6676,-122.1697,W001,2013-09-18 13:29:54,396676N1221697W001,Van Tol Well C,12/30/2003,00:00,,,36.100,0.000,36.100,202.370,200.350,166.270,34.080,UNK - Unknown,Unknown,ORLAND - ARTOIS WATER DISTRICT,Voluntary,12,30,2003
Glenn_01.01.2003-06.21.2013.csv,Glenn,39.6676,-122.1697,W001,2013-09-18 13:29:54,396676N1221697W001,Van Tol Well C,6/30/2004,00:00,,,33.300,0.000,33.300,202.370,200.350,169.070,31.280,UNK - Unknown,Unknown,ORLAND - ARTOIS WATER DISTRICT,Voluntary,6,30,2004
Glenn_01.01.2003-06.21.2013.csv,Glenn,39.6676,-122.1697,W001,2013-09-18 13:29:54,396676N1221697W001,Van Tol Well C,7/29/2004,00:00,,,35.300,0.000,35.300,202.370,200.350,167.070,33.280,UNK - Unknown,Unknown,ORLAND - ARTOIS WATER DISTRICT,Voluntary,7,29,2004
Glenn_01.01.2003-06.21.2013.csv,Glenn,39.6676,-122.1697,W001,2013-09-18 13:29:54,396676N1221697W001,Van Tol Well C,8/26/2004,00:00,,,36.600,0.000,36.600,202.370,200.350,165.770,34.580,UNK - Unknown,Unknown,ORLAND - ARTOIS WATER DISTRICT,Voluntary,8,26,2004
Glenn_01.01.2003-06.21.2013.csv,Glenn,39.6676,-122.1697,W001,2013-09-18 13:29:54,396676N1221697W001,Van Tol Well C,9/22/2004,00:00,,,37.500,0.000,37.500,202.370,200.350,164.870,35.480,UNK - Unknown,Unknown,ORLAND - ARTOIS WATER DISTRICT,Voluntary,9,22,2004
Glenn_01.01.2003-06.21.2013.csv,Glenn,39.6676,-122.1697,W001,2013-09-18 13:29:54,396676N1221697W001,Van Tol Well C,10/28/2004,00:00,,,37.500,0.000,37.500,202.370,200.350,164.870,35.480,UNK - Unknown,Unknown,ORLAND - ARTOIS WATER DISTRICT,Voluntary,10,28,2004
Glenn_01.01.2003-06.21.2013.csv,Glenn,39.6676,-122.1697,W001,2013-09-18 13:29:54,396676N1221697W001,Van Tol Well C,12/1/2004,00:00,,,37.300,0.000,37.300,202.370,200.350,165.070,35.280,UNK - Unknown,Unknown,ORLAND - ARTOIS WATER DISTRICT,Voluntary,12,1,2004
Glenn_01.01.2003-06.21.2013.csv,Glenn,39.6676,-122.1697,W001,2013-09-18 13:29:54,396676N1221697W001,Van Tol Well C,12/29/2004,00:00,,,36.500,0.000,36.500,202.370,200.350,165.870,34.480,UNK - Unknown,Unknown,ORLAND - ARTOIS WATER DISTRICT,Voluntary,12,29,2004
Glenn_01.01.2003-06.21.2013.csv,Glenn,39.6676,-122.1697,W001,2013-09-18 13:29:54,396676N1221697W001,Van Tol Well C,1/31/2005,00:00,,,32.600,0.000,32.600,202.370,200.350,169.770,30.580,UNK - Unknown,Unknown,ORLAND - ARTOIS WATER DISTRICT,Voluntary,1,31,2005
Glenn_01.01.2003-06.21.2013.csv,Glenn,39.6676,-122.1697,W001,2013-09-18 13:29:54,396676N1221697W001,Van Tol Well C,2/25/2005,00:00,7 - Special/Other,,NULL,NULL,NULL,202.370,200.350,NULL,NULL,,,ORLAND - ARTOIS WATER DISTRICT,Voluntary,2,25,2005
Glenn_01.01.2003-06.21.2013.csv,Glenn,39.6676,-122.1697,W001,2013-09-18 13:29:54,396676N1221697W001,Van Tol Well C,4/26/2004,00:00,,,30.700,0.000,30.700,202.370,200.350,171.670,28.680,UNK - Unknown,Unknown,ORLAND - ARTOIS WATER DISTRICT,Voluntary,4,26,2004
Glenn_01.01.2003-06.21.2013.csv,Glenn,39.6676,-122.1697,W001,2013-09-18 13:29:54,396676N1221697W001,Van Tol Well C,5/27/2005,00:00,,,30.800,0.000,30.800,202.370,200.350,171.570,28.780,UNK - Unknown,Unknown,ORLAND - ARTOIS WATER DISTRICT,Voluntary,5,27,2005
Glenn_01.01.2003-06.21.2013.csv,Glenn,39.6676,-122.1697,W001,2013-09-18 13:29:54,396676N1221697W001,Van Tol Well C,7/1/2005,00:00,,,32.900,0.000,32.900,202.370,200.350,169.470,30.880,UNK - Unknown,Unknown,ORLAND - ARTOIS WATER DISTRICT,Voluntary,7,1,2005
Glenn_01.01.2003-06.21.2013.csv,Glenn,39.6676,-122.1697,W001,2013-09-18 13:29:54,396676N1221697W001,Van Tol Well C,10/28/2005,00:00,,,38.100,0.000,38.100,202.370,200.350,164.270,36.080,UNK - Unknown,Unknown,ORLAND - ARTOIS WATER DISTRICT,Voluntary,10,28,2005
Glenn_01.01.2003-06.21.2013.csv,Glenn,39.6676,-122.1697,W001,2013-09-18 13:29:54,396676N1221697W001,Van Tol Well C,5/25/2006,00:00,,,25.800,0.000,25.800,202.370,200.350,176.570,23.780,UNK - Unknown,Unknown,ORLAND - ARTOIS WATER DISTRICT,Voluntary,5,25,2006
Glenn_01.01.2003-06.21.2013.csv,Glenn,39.6676,-122.1697,W001,2013-09-18 13:29:54,396676N1221697W001,Van Tol Well C,4/26/2006,00:00,,,27.800,0.000,27.800,202.370,200.350,174.570,25.780,UNK - Unknown,Unknown,ORLAND - ARTOIS WATER DISTRICT,Voluntary,4,26,2006
Glenn_01.01.2003-06.21.2013.csv,Glenn,39.6676,-122.1697,W001,2013-09-18 13:29:54,396676N1221697W001,Van Tol Well C,1/31/2006,00:00,,,33.300,0.000,33.300,202.370,200.350,169.070,31.280,UNK - Unknown,Unknown,ORLAND - ARTOIS WATER DISTRICT,Voluntary,1,31,2006
Glenn_01.01.2003-06.21.2013.csv,Glenn,39.6676,-122.1697,W001,2013-09-18 13:29:54,396676N1221697W001,Van Tol Well C,1/5/2006,00:00,7 - Special/Other,,NULL,NULL,NULL,202.370,200.350,NULL,NULL,,,ORLAND - ARTOIS WATER DISTRICT,Voluntary,1,5,2006
Glenn_01.01.2003-06.21.2013.csv,Glenn,39.6676,-122.1697,W001,2013-09-18 13:29:54,396676N1221697W001,Van Tol Well C,11/30/2005,00:00,,,37.800,0.000,37.800,202.370,200.350,164.570,35.780,UNK - Unknown,Unknown,ORLAND - ARTOIS WATER DISTRICT,Voluntary,11,30,2005
Glenn_01.01.2003-06.21.2013.csv,Glenn,39.6676,-122.1697,W001,2013-09-18 13:29:54,396676N1221697W001,Van Tol Well C,4/26/2005,00:00,,,30.700,0.000,30.700,202.370,200.350,171.670,28.680,UNK - Unknown,Unknown,ORLAND - ARTOIS WATER DISTRICT,Voluntary,4,26,2005
Glenn_01.01.2003-06.21.2013.csv,Glenn,39.6676,-122.1697,W001,2013-09-18 13:29:54,396676N1221697W001,Van Tol Well C,8/26/2005,00:00,,,37.900,0.000,37.900,202.370,200.350,164.470,35.880,UNK - Unknown,Unknown,ORLAND - ARTOIS WATER DISTRICT,Voluntary,8,26,2005
Glenn_01.01.2003-06.21.2013.csv,Glenn,39.6676,-122.1697,W001,2013-09-18 13:29:54,396676N1221697W001,Van Tol Well C,7/28/2005,00:00,,,35.300,0.000,35.300,202.370,200.350,167.070,33.280,UNK - Unknown,Unknown,ORLAND - ARTOIS WATER DISTRICT,Voluntary,7,28,2005
Glenn_01.01.2003-06.21.2013.csv,Glenn,39.6676,-122.1697,W001,2013-09-18 13:29:54,396676N1221697W001,Van Tol Well C,6/29/2006,00:00,,,30.500,0.000,30.500,202.370,200.350,171.870,28.480,UNK - Unknown,Unknown,ORLAND - ARTOIS WATER DISTRICT,Voluntary,6,29,2006
Glenn_01.01.2003-06.21.2013.csv,Glenn,39.6676,-122.1697,W001,2013-09-18 13:29:54,396676N1221697W001,Van Tol Well C,11/22/2006,00:00,,,35.200,0.000,35.200,202.370,200.350,167.170,33.180,UNK - Unknown,Unknown,ORLAND - ARTOIS WATER DISTRICT,Voluntary,11,22,2006
Glenn_01.01.2003-06.21.2013.csv,Glenn,39.6676,-122.1697,W001,2013-09-18 13:29:54,396676N1221697W001,Van Tol Well C,9/29/2006,00:00,,,35.300,0.000,35.300,202.370,200.350,167.070,33.280,UNK - Unknown,Unknown,ORLAND - ARTOIS WATER DISTRICT,Voluntary,9,29,2006
Glenn_01.01.2003-06.21.2013.csv,Glenn,39.6682,-122.2528,W001,2013-09-18 13:29:54,396682N1222528W001,,4/7/2003,00:00,,,97.500,0.000,97.500,232.980,232.480,135.480,97.000,UNK - Unknown,Unknown,Bureau of Reclamation,Voluntary,4,7,2003
Glenn_01.01.2003-06.21.2013.csv,Glenn,39.6682,-122.2528,W001,2013-09-18 13:29:54,396682N1222528W001,,10/14/2003,00:00,,,100.400,0.000,100.400,232.980,232.480,132.580,99.900,UNK - Unknown,Unknown,Bureau of Reclamation,Voluntary,10,14,2003
Glenn_01.01.2003-06.21.2013.csv,Glenn,39.6682,-122.2528,W001,2013-09-18 13:29:54,396682N1222528W001,,4/1/2004,00:00,,,96.100,0.000,96.100,232.980,232.480,136.880,95.600,UNK - Unknown,Unknown,Bureau of Reclamation,Voluntary,4,1,2004
Glenn_01.01.2003-06.21.2013.csv,Glenn,39.6682,-122.2528,W001,2013-09-18 13:29:54,396682N1222528W001,,9/21/2004,00:00,,1 - Pumping,103.170,0.000,103.170,232.980,232.480,129.810,102.670,UNK - Unknown,Unknown,Department of Water Resources,Voluntary,9,21,2004
Glenn_01.01.2003-06.21.2013.csv,Glenn,39.6682,-122.2528,W001,2013-09-18 13:29:54,396682N1222528W001,,10/20/2004,00:00,,,103.500,0.000,103.500,232.980,232.480,129.480,103.000,UNK - Unknown,Unknown,County of Glenn,Voluntary,10,20,2004
Glenn_01.01.2003-06.21.2013.csv,Glenn,39.6682,-122.2528,W001,2013-09-18 13:29:54,396682N1222528W001,,4/14/2005,00:00,,,98.300,0.000,98.300,232.980,232.480,134.680,97.800,UNK - Unknown,Unknown,County of Glenn,Voluntary,4,14,2005
Glenn_01.01.2003-06.21.2013.csv,Glenn,39.6682,-122.2528,W001,2013-09-18 13:29:54,396682N1222528W001,,4/5/2005,00:00,,,98.300,0.000,98.300,232.980,232.480,134.680,97.800,UNK - Unknown,Unknown,County of Glenn,Voluntary,4,5,2005
Glenn_01.01.2003-06.21.2013.csv,Glenn,39.6682,-122.2528,W001,2013-09-18 13:29:54,396682N1222528W001,,10/18/2005,00:00,,,100.600,0.000,100.600,232.980,232.480,132.380,100.100,UNK - Unknown,Unknown,County of Glenn,Voluntary,10,18,2005
Glenn_01.01.2003-06.21.2013.csv,Glenn,39.6682,-122.2528,W001,2013-09-18 13:29:54,396682N1222528W001,,3/30/2006,00:00,,,95.700,0.000,95.700,232.980,232.480,137.280,95.200,UNK - Unknown,Unknown,County of Glenn,Voluntary,3,30,2006
Glenn_01.01.2003-06.21.2013.csv,Glenn,39.6682,-122.2528,W001,2013-09-18 13:29:54,396682N1222528W001,,3/28/2007,00:00,,,93.800,0.000,93.800,232.980,232.480,139.180,93.300,UNK - Unknown,Unknown,Bureau of Reclamation,Voluntary,3,28,2007
Glenn_01.01.2003-06.21.2013.csv,Glenn,39.6682,-122.2528,W001,2013-09-18 13:29:54,396682N1222528W001,,4/9/2007,00:00,,,93.600,0.000,93.600,232.980,232.480,139.380,93.100,UNK - Unknown,Unknown,County of Glenn,Voluntary,MEASURED BY L.MESSINA GLENN COUNTY4,9,2007
Glenn_01.01.2003-06.21.2013.csv,Glenn,39.6682,-122.2528,W001,2013-09-18 13:29:54,396682N1222528W001,,10/17/2006,00:00,,,97.000,0.000,97.000,232.980,232.480,135.980,96.500,UNK - Unknown,Unknown,Bureau of Reclamation,Voluntary,10,17,2006
Glenn_01.01.2003-06.21.2013.csv,Glenn,39.6682,-122.2528,W001,2013-09-18 13:29:54,396682N1222528W001,,10/23/2007,00:00,,,102.600,0.000,102.600,232.980,232.480,130.380,102.100,UNK - Unknown,Unknown,Bureau of Reclamation,Voluntary,10,23,2007
Glenn_01.01.2003-06.21.2013.csv,Glenn,39.6682,-122.2528,W001,2013-09-18 13:29:54,396682N1222528W001,,3/28/2012,00:00,0 - Measurement Discontinued,,NULL,NULL,NULL,232.980,232.480,NULL,NULL,,,Bureau of Reclamation,Voluntary,GLENN COUNTY NOW MEASURING3,28,2012
Glenn_01.01.2003-06.21.2013.csv,Glenn,39.6688,-122.0133,W001,2013-09-18 13:29:54,396688N1220133W001,21N01W18Q002M,10/11/2011,00:00,,,20.640,0.000,20.640,133.840,132.390,113.200,19.190,ES - Electric sounder measurement,0.01 Ft,Department of Water Resources,Voluntary,10,11,2011
Glenn_01.01.2003-06.21.2013.csv,Glenn,39.6688,-122.0133,W001,2013-09-18 13:29:54,396688N1220133W001,21N01W18Q002M,3/28/2012,00:00,,,19.880,0.000,19.880,133.840,132.390,113.960,18.430,ES - Electric sounder measurement,0.01 Ft,Department of Water Resources,Voluntary,3,28,2012
Glenn_01.01.2003-06.21.2013.csv,Glenn,39.6688,-122.0133,W001,2013-09-18 13:29:54,396688N1220133W001,21N01W18Q002M,7/31/2012,00:00,1 - Pumping,,NULL,NULL,NULL,133.840,132.390,NULL,NULL,,,Department of Water Resources,Voluntary,7,31,2012
Glenn_01.01.2003-06.21.2013.csv,Glenn,39.6688,-122.0133,W001,2013-09-18 13:29:54,396688N1220133W001,21N01W18Q002M,10/16/2012,00:00,,,23.940,0.000,23.940,133.840,132.390,109.900,22.490,ES - Electric sounder measurement,0.01 Ft,Department of Water Resources,Voluntary,10,16,2012
Glenn_01.01.2003-06.21.2013.csv,Glenn,39.6688,-122.0133,W001,2013-09-18 13:29:54,396688N1220133W001,21N01W18Q002M,7/11/2003,00:00,,4 - Pumped recently,25.270,0.000,25.270,133.840,132.390,108.570,23.820,UNK - Unknown,Unknown,Department of Water Resources,Voluntary,7,11,2003
Glenn_01.01.2003-06.21.2013.csv,Glenn,39.6688,-122.0133,W001,2013-09-18 13:29:54,396688N1220133W001,21N01W18Q002M,7/18/2003,00:00,,,25.450,0.000,25.450,133.840,132.390,108.390,24.000,UNK - Unknown,Unknown,Department of Water Resources,Voluntary,7,18,2003
Glenn_01.01.2003-06.21.2013.csv,Glenn,39.6688,-122.0133,W001,2013-09-18 13:29:54,396688N1220133W001,21N01W18Q002M,7/24/2003,00:00,,,29.520,0.000,29.520,133.840,132.390,104.320,28.070,UNK - Unknown,Unknown,Department of Water Resources,Voluntary,7,24,2003
Glenn_01.01.2003-06.21.2013.csv,Glenn,39.6688,-122.0133,W001,2013-09-18 13:29:54,396688N1220133W001,21N01W18Q002M,7/31/2003,00:00,,,24.150,0.000,24.150,133.840,132.390,109.690,22.700,UNK - Unknown,Unknown,Department of Water Resources,Voluntary,7,31,2003
Glenn_01.01.2003-06.21.2013.csv,Glenn,39.6688,-122.0133,W001,2013-09-18 13:29:54,396688N1220133W001,21N01W18Q002M,8/28/2003,00:00,,,22.500,0.000,22.500,133.840,132.390,111.340,21.050,UNK - Unknown,Unknown,Department of Water Resources,Voluntary,8,28,2003
Glenn_01.01.2003-06.21.2013.csv,Glenn,39.6688,-122.0133,W001,2013-09-18 13:29:54,396688N1220133W001,21N01W18Q002M,8/7/2003,00:00,,,25.000,0.000,25.000,133.840,132.390,108.840,23.550,UNK - Unknown,Unknown,Department of Water Resources,Voluntary,8,7,2003
Glenn_01.01.2003-06.21.2013.csv,Glenn,39.6688,-122.0133,W001,2013-09-18 13:29:54,396688N1220133W001,21N01W18Q002M,8/14/2003,00:00,,,24.700,0.000,24.700,133.840,132.390,109.140,23.250,UNK - Unknown,Unknown,Department of Water Resources,Voluntary,8,14,2003
Glenn_01.01.2003-06.21.2013.csv,Glenn,39.6688,-122.0133,W001,2013-09-18 13:29:54,396688N1220133W001,21N01W18Q002M,8/21/2003,00:00,,,23.000,0.000,23.000,133.840,132.390,110.840,21.550,UNK - Unknown,Unknown,Department of Water Resources,Voluntary,8,21,2003
Glenn_01.01.2003-06.21.2013.csv,Glenn,39.6688,-122.0133,W001,2013-09-18 13:29:54,396688N1220133W001,21N01W18Q002M,9/4/2003,00:00,,,22.800,0.000,22.800,133.840,132.390,111.040,21.350,UNK - Unknown,Unknown,Department of Water Resources,Voluntary,9,4,2003
Glenn_01.01.2003-06.21.2013.csv,Glenn,39.6688,-122.0133,W001,2013-09-18 13:29:54,396688N1220133W001,21N01W18Q002M,9/18/2003,00:00,,,22.600,0.000,22.600,133.840,132.390,111.240,21.150,UNK - Unknown,Unknown,Department of Water Resources,Voluntary,9,18,2003
Glenn_01.01.2003-06.21.2013.csv,Glenn,39.6688,-122.0133,W001,2013-09-18 13:29:54,396688N1220133W001,21N01W18Q002M,9/25/2003,00:00,,,23.600,0.000,23.600,133.840,132.390,110.240,22.150,UNK - Unknown,Unknown,Department of Water Resources,Voluntary,9,25,2003
Glenn_01.01.2003-06.21.2013.csv,Glenn,39.6688,-122.0133,W001,2013-09-18 13:29:54,396688N1220133W001,21N01W18Q002M,10/2/2003,00:00,,,20.700,0.000,20.700,133.840,132.390,113.140,19.250,UNK - Unknown,Unknown,Department of Water Resources,Voluntary,10,2,2003
Glenn_01.01.2003-06.21.2013.csv,Glenn,39.6688,-122.0133,W001,2013-09-18 13:29:54,396688N1220133W001,21N01W18Q002M,10/15/2003,00:00,,,20.900,0.000,20.900,133.840,132.390,112.940,19.450,UNK - Unknown,Unknown,Department of Water Resources,Voluntary,10,15,2003
Glenn_01.01.2003-06.21.2013.csv,Glenn,39.6688,-122.0133,W001,2013-09-18 13:29:54,396688N1220133W001,21N01W18Q002M,10/9/2003,00:00,,1 - Pumping,74.200,0.000,74.200,133.840,132.390,59.640,72.750,UNK - Unknown,Unknown,Department of Water Resources,Voluntary,10,9,2003
Glenn_01.01.2003-06.21.2013.csv,Glenn,39.6688,-122.0133,W001,2013-09-18 13:29:54,396688N1220133W001,21N01W18Q002M,10/23/2003,00:00,,,26.900,0.000,26.900,133.840,132.390,106.940,25.450,UNK - Unknown,Unknown,Department of Water Resources,Voluntary,10,23,2003
Glenn_01.01.2003-06.21.2013.csv,Glenn,39.6688,-122.0133,W001,2013-09-18 13:29:54,396688N1220133W001,21N01W18Q002M,10/30/2003,00:00,,,21.200,0.000,21.200,133.840,132.390,112.640,19.750,UNK - Unknown,Unknown,Department of Water Resources,Voluntary,10,30,2003
Glenn_01.01.2003-06.21.2013.csv,Glenn,39.6688,-122.0133,W001,2013-09-18 13:29:54,396688N1220133W001,21N01W18Q002M,11/17/2003,00:00,,,20.700,0.000,20.700,133.840,132.390,113.140,19.250,UNK - Unknown,Unknown,Department of Water Resources,Voluntary,11,17,2003
Glenn_01.01.2003-06.21.2013.csv,Glenn,39.6688,-122.0133,W001,2013-09-18 13:29:54,396688N1220133W001,21N01W18Q002M,11/6/2003,00:00,,,20.700,0.000,20.700,133.840,132.390,113.140,19.250,UNK - Unknown,Unknown,Department of Water Resources,Voluntary,11,6,2003
Glenn_01.01.2003-06.21.2013.csv,Glenn,39.6688,-122.0133,W001,2013-09-18 13:29:54,396688N1220133W001,21N01W18Q002M,11/13/2003,00:00,,,20.600,0.000,20.600,133.840,132.390,113.240,19.150,UNK - Unknown,Unknown,Department of Water Resources,Voluntary,11,13,2003
Glenn_01.01.2003-06.21.2013.csv,Glenn,39.6688,-122.0133,W001,2013-09-18 13:29:54,396688N1220133W001,21N01W18Q002M,3/31/2004,00:00,,,16.000,0.000,16.000,133.840,132.390,117.840,14.550,UNK - Unknown,Unknown,Department of Water Resources,Voluntary,3,31,2004
Glenn_01.01.2003-06.21.2013.csv,Glenn,39.6688,-122.0133,W001,2013-09-18 13:29:54,396688N1220133W001,21N01W18Q002M,4/27/2004,00:00,,,20.000,0.000,20.000,133.840,132.390,113.840,18.550,UNK - Unknown,Unknown,Department of Water Resources,Voluntary,4,27,2004
Glenn_01.01.2003-06.21.2013.csv,Glenn,39.6688,-122.0133,W001,2013-09-18 13:29:54,396688N1220133W001,21N01W18Q002M,5/21/2004,00:00,,,20.400,0.000,20.400,133.840,132.390,113.440,18.950,UNK - Unknown,Unknown,Department of Water Resources,Voluntary,5,21,2004
Glenn_01.01.2003-06.21.2013.csv,Glenn,39.6688,-122.0133,W001,2013-09-18 13:29:54,396688N1220133W001,21N01W18Q002M,6/22/2004,00:00,,,20.400,0.000,20.400,133.840,132.390,113.440,18.950,UNK - Unknown,Unknown,Department of Water Resources,Voluntary,6,22,2004
Glenn_01.01.2003-06.21.2013.csv,Glenn,39.6688,-122.0133,W001,2013-09-18 13:29:54,396688N1220133W001,21N01W18Q002M,7/28/2004,00:00,,,21.600,0.000,21.600,133.840,132.390,112.240,20.150,UNK - Unknown,Unknown,Department of Water Resources,Voluntary,7,28,2004
Glenn_01.01.2003-06.21.2013.csv,Glenn,39.6688,-122.0133,W001,2013-09-18 13:29:54,396688N1220133W001,21N01W18Q002M,8/25/2004,00:00,,,23.500,0.000,23.500,133.840,132.390,110.340,22.050,UNK - Unknown,Unknown,Department of Water Resources,Voluntary,8,25,2004
Glenn_01.01.2003-06.21.2013.csv,Glenn,39.6688,-122.0133,W001,2013-09-18 13:29:54,396688N1220133W001,21N01W18Q002M,9/22/2004,00:00,,,22.200,0.000,22.200,133.840,132.390,111.640,20.750,UNK - Unknown,Unknown,Department of Water Resources,Voluntary,9,22,2004
Glenn_01.01.2003-06.21.2013.csv,Glenn,39.6688,-122.0133,W001,2013-09-18 13:29:54,396688N1220133W001,21N01W18Q002M,10/20/2004,00:00,,,20.600,0.000,20.600,133.840,132.390,113.240,19.150,UNK - Unknown,Unknown,Department of Water Resources,Voluntary,10,20,2004
Glenn_01.01.2003-06.21.2013.csv,Glenn,39.6688,-122.0133,W001,2013-09-18 13:29:54,396688N1220133W001,21N01W18Q002M,11/16/2004,00:00,,,20.000,0.000,20.000,133.840,132.390,113.840,18.550,UNK - Unknown,Unknown,Department of Water Resources,Voluntary,11,16,2004
Glenn_01.01.2003-06.21.2013.csv,Glenn,39.6688,-122.0133,W001,2013-09-18 13:29:54,396688N1220133W001,21N01W18Q002M,3/29/2005,00:00,,,16.400,0.000,16.400,133.840,132.390,117.440,14.950,UNK - Unknown,Unknown,Department of Water Resources,Voluntary,3,29,2005
Glenn_01.01.2003-06.21.2013.csv,Glenn,39.6688,-122.0133,W001,2013-09-18 13:29:54,396688N1220133W001,21N01W18Q002M,4/29/2005,00:00,,,20.600,0.000,20.600,133.840,132.390,113.240,19.150,UNK - Unknown,Unknown,Department of Water Resources,Voluntary,4,29,2005
Glenn_01.01.2003-06.21.2013.csv,Glenn,39.6688,-122.0133,W001,2013-09-18 13:29:54,396688N1220133W001,21N01W18Q002M,5/26/2005,00:00,,,19.900,0.000,19.900,133.840,132.390,113.940,18.450,UNK - Unknown,Unknown,Department of Water Resources,Voluntary,5,26,2005
Glenn_01.01.2003-06.21.2013.csv,Glenn,39.6688,-122.0133,W001,2013-09-18 13:29:54,396688N1220133W001,21N01W18Q002M,6/23/2005,00:00,1 - Pumping,,NULL,NULL,NULL,133.840,132.390,NULL,NULL,,,Department of Water Resources,Voluntary,6,23,2005
Glenn_01.01.2003-06.21.2013.csv,Glenn,39.6688,-122.0133,W001,2013-09-18 13:29:54,396688N1220133W001,21N01W18Q002M,7/28/2005,00:00,,,22.000,0.000,22.000,133.840,132.390,111.840,20.550,UNK - Unknown,Unknown,Department of Water Resources,Voluntary,7,28,2005
Glenn_01.01.2003-06.21.2013.csv,Glenn,39.6688,-122.0133,W001,2013-09-18 13:29:54,396688N1220133W001,21N01W18Q002M,8/24/2005,00:00,,,21.000,0.000,21.000,133.840,132.390,112.840,19.550,UNK - Unknown,Unknown,Department of Water Resources,Voluntary,8,24,2005
Glenn_01.01.2003-06.21.2013.csv,Glenn,39.6688,-122.0133,W001,2013-09-18 13:29:54,396688N1220133W001,21N01W18Q002M,9/28/2005,00:00,,,23.200,0.000,23.200,133.840,132.390,110.640,21.750,UNK - Unknown,Unknown,Department of Water Resources,Voluntary,9,28,2005
Glenn_01.01.2003-06.21.2013.csv,Glenn,39.6688,-122.0133,W001,2013-09-18 13:29:54,396688N1220133W001,21N01W18Q002M,10/20/2005,00:00,,,20.100,0.000,20.100,133.840,132.390,113.740,18.650,UNK - Unknown,Unknown,Department of Water Resources,Voluntary,10,20,2005
Glenn_01.01.2003-06.21.2013.csv,Glenn,39.6688,-122.0133,W001,2013-09-18 13:29:54,396688N1220133W001,21N01W18Q002M,3/28/2006,00:00,,,12.200,0.000,12.200,133.840,132.390,121.640,10.750,UNK - Unknown,Unknown,Department of Water Resources,Voluntary,3,28,2006
Glenn_01.01.2003-06.21.2013.csv,Glenn,39.6688,-122.0133,W001,2013-09-18 13:29:54,396688N1220133W001,21N01W18Q002M,5/18/2006,00:00,,,19.100,0.000,19.100,133.840,132.390,114.740,17.650,UNK - Unknown,Unknown,Department of Water Resources,Voluntary,5,18,2006
Glenn_01.01.2003-06.21.2013.csv,Glenn,39.6688,-122.0133,W001,2013-09-18 13:29:54,396688N1220133W001,21N01W18Q002M,8/3/2006,00:00,,,22.400,0.000,22.400,133.840,132.390,111.440,20.950,UNK - Unknown,Unknown,Department of Water Resources,Voluntary,8,3,2006
Glenn_01.01.2003-06.21.2013.csv,Glenn,39.6688,-122.0133,W001,2013-09-18 13:29:54,396688N1220133W001,21N01W18Q002M,10/11/2006,00:00,,,20.500,0.000,20.500,133.840,132.390,113.340,19.050,UNK - Unknown,Unknown,Department of Water Resources,Voluntary,10,11,2006
Glenn_01.01.2003-06.21.2013.csv,Glenn,39.6688,-122.0133,W001,2013-09-18 13:29:54,396688N1220133W001,21N01W18Q002M,3/19/2007,00:00,,,19.590,0.000,19.590,133.840,132.390,114.250,18.140,UNK - Unknown,Unknown,Department of Water Resources,Voluntary,3,19,2007
Glenn_01.01.2003-06.21.2013.csv,Glenn,39.6688,-122.0133,W001,2013-09-18 13:29:54,396688N1220133W001,21N01W18Q002M,8/8/2007,00:00,,,25.600,0.000,25.600,133.840,132.390,108.240,24.150,UNK - Unknown,Unknown,Department of Water Resources,Voluntary,8,8,2007
Glenn_01.01.2003-06.21.2013.csv,Glenn,39.6688,-122.0133,W001,2013-09-18 13:29:54,396688N1220133W001,21N01W18Q002M,10/17/2007,00:00,,,22.300,0.000,22.300,133.840,132.390,111.540,20.850,UNK - Unknown,Unknown,Department of Water Resources,Voluntary,10,17,2007
Glenn_01.01.2003-06.21.2013.csv,Glenn,39.6688,-122.0133,W001,2013-09-18 13:29:54,396688N1220133W001,21N01W18Q002M,3/11/2008,00:00,,,20.000,0.000,20.000,133.840,132.390,113.840,18.550,UNK - Unknown,Unknown,Department of Water Resources,Voluntary,3,11,2008
Glenn_01.01.2003-06.21.2013.csv,Glenn,39.6688,-122.0133,W001,2013-09-18 13:29:54,396688N1220133W001,21N01W18Q002M,8/6/2008,00:00,,,25.210,0.000,25.210,133.840,132.390,108.630,23.760,UNK - Unknown,Unknown,Department of Water Resources,Voluntary,8,6,2008
Glenn_01.01.2003-06.21.2013.csv,Glenn,39.6688,-122.0133,W001,2013-09-18 13:29:54,396688N1220133W001,21N01W18Q002M,10/20/2008,00:00,,,24.570,0.000,24.570,133.840,132.390,109.270,23.120,UNK - Unknown,Unknown,Department of Water Resources,Voluntary,10,20,2008
Glenn_01.01.2003-06.21.2013.csv,Glenn,39.6688,-122.0133,W001,2013-09-18 13:29:54,396688N1220133W001,21N01W18Q002M,1/14/2009,00:00,,,25.110,0.000,25.110,133.840,132.390,108.730,23.660,UNK - Unknown,Unknown,Department of Water Resources,Voluntary,1,14,2009
Glenn_01.01.2003-06.21.2013.csv,Glenn,39.6688,-122.0133,W001,2013-09-18 13:29:54,396688N1220133W001,21N01W18Q002M,3/25/2009,00:00,,,20.320,0.000,20.320,133.840,132.390,113.520,18.870,UNK - Unknown,Unknown,Department of Water Resources,Voluntary,3,25,2009
Glenn_01.01.2003-06.21.2013.csv,Glenn,39.6688,-122.0133,W001,2013-09-18 13:29:54,396688N1220133W001,21N01W18Q002M,5/14/2009,00:00,,,24.740,0.000,24.740,133.840,132.390,109.100,23.290,UNK - Unknown,Unknown,Department of Water Resources,Voluntary,5,14,2009
Glenn_01.01.2003-06.21.2013.csv,Glenn,39.6688,-122.0133,W001,2013-09-18 13:29:54,396688N1220133W001,21N01W18Q002M,6/24/2009,00:00,,,26.750,0.000,26.750,133.840,132.390,107.090,25.300,UNK - Unknown,Unknown,Department of Water Resources,Voluntary,6,24,2009
Glenn_01.01.2003-06.21.2013.csv,Glenn,39.6688,-122.0133,W001,2013-09-18 13:29:54,396688N1220133W001,21N01W18Q002M,8/5/2009,00:00,,,27.650,0.000,27.650,133.840,132.390,106.190,26.200,UNK - Unknown,Unknown,Department of Water Resources,Voluntary,8,5,2009
Glenn_01.01.2003-06.21.2013.csv,Glenn,39.6688,-122.0133,W001,2013-09-18 13:29:54,396688N1220133W001,21N01W18Q002M,9/16/2009,00:00,,,26.220,0.000,26.220,133.840,132.390,107.620,24.770,UNK - Unknown,Unknown,Department of Water Resources,Voluntary,9,16,2009
Glenn_01.01.2003-06.21.2013.csv,Glenn,39.6688,-122.0133,W001,2013-09-18 13:29:54,396688N1220133W001,21N01W18Q002M,10/22/2009,00:00,,,24.400,0.000,24.400,133.840,132.390,109.440,22.950,UNK - Unknown,Unknown,Department of Water Resources,Voluntary,10,22,2009
Glenn_01.01.2003-06.21.2013.csv,Glenn,39.6688,-122.0133,W001,2013-09-18 13:29:54,396688N1220133W001,21N01W18Q002M,3/25/2010,00:00,,,20.950,0.000,20.950,133.840,132.390,112.890,19.500,UNK - Unknown,Unknown,Department of Water Resources,Voluntary,3,25,2010
Glenn_01.01.2003-06.21.2013.csv,Glenn,39.6688,-122.0133,W001,2013-09-18 13:29:54,396688N1220133W001,21N01W18Q002M,8/2/2010,00:00,,1 - Pumping,70.320,0.000,70.320,133.840,132.390,63.520,68.870,UNK - Unknown,Unknown,Department of Water Resources,Voluntary,WELL WAS PUMPING.8,2,2010
Glenn_01.01.2003-06.21.2013.csv,Glenn,39.6688,-122.0133,W001,2013-09-18 13:29:54,396688N1220133W001,21N01W18Q002M,10/20/2010,00:00,,,22.780,0.000,22.780,133.840,132.390,111.060,21.330,UNK - Unknown,Unknown,Department of Water Resources,Voluntary,10,20,2010
Glenn_01.01.2003-06.21.2013.csv,Glenn,39.6688,-122.0133,W001,2013-09-18 13:29:54,396688N1220133W001,21N01W18Q002M,4/6/2011,00:00,,1 - Pumping,14.200,0.000,14.200,133.840,132.390,119.640,12.750,UNK - Unknown,Unknown,Department of Water Resources,Voluntary,4,6,2011
Glenn_01.01.2003-06.21.2013.csv,Glenn,39.6688,-122.0133,W001,2013-09-18 13:29:54,396688N1220133W001,21N01W18Q002M,8/3/2011,00:00,,,23.500,0.000,23.500,133.840,132.390,110.340,22.050,UNK - Unknown,Unknown,Department of Water Resources,Voluntary,8,3,2011
Glenn_01.01.2003-06.21.2013.csv,Glenn,39.6688,-122.0133,W001,2013-09-18 13:29:54,396688N1220133W001,21N01W18Q002M,10/11/2011,00:00,,,20.640,0.000,20.640,133.840,132.390,113.200,19.190,UNK - Unknown,Unknown,Department of Water Resources,Voluntary,10,11,2011
Glenn_01.01.2003-06.21.2013.csv,Glenn,39.6688,-122.0133,W001,2013-09-18 13:29:54,396688N1220133W001,21N01W18Q002M,3/18/2013,00:00,,,23.010,0.000,23.010,133.840,132.390,110.830,21.560,ES - Electric sounder measurement,0.01 Ft,Department of Water Resources,Voluntary,3,18,2013
Glenn_01.01.2003-06.21.2013.csv,Glenn,39.6748,-122.3105,W001,2013-09-18 13:29:54,396748N1223105W001,21N04W16J001M,10/12/2011,00:00,,,251.900,0.000,251.900,320.830,320.530,68.930,251.600,ES - Electric sounder measurement,0.01 Ft,Department of Water Resources,Voluntary,10,12,2011
Glenn_01.01.2003-06.21.2013.csv,Glenn,39.6748,-122.3105,W001,2013-09-18 13:29:54,396748N1223105W001,21N04W16J001M,3/26/2012,00:00,,,217.110,0.000,217.110,320.830,320.530,103.720,216.810,ES - Electric sounder measurement,0.01 Ft,Department of Water Resources,Voluntary,3,26,2012
Glenn_01.01.2003-06.21.2013.csv,Glenn,39.6748,-122.3105,W001,2013-09-18 13:29:54,396748N1223105W001,21N04W16J001M,8/1/2012,00:00,1 - Pumping,,NULL,NULL,NULL,320.830,320.530,NULL,NULL,,,Department of Water Resources,Voluntary,8,1,2012
Glenn_01.01.2003-06.21.2013.csv,Glenn,39.6748,-122.3105,W001,2013-09-18 13:29:54,396748N1223105W001,21N04W16J001M,10/17/2012,00:00,1 - Pumping,,NULL,NULL,NULL,320.830,320.530,NULL,NULL,,,Department of Water Resources,Voluntary,10,17,2012
Glenn_01.01.2003-06.21.2013.csv,Glenn,39.6748,-122.3105,W001,2013-09-18 13:29:54,396748N1223105W001,21N04W16J001M,3/19/2013,00:00,1 - Pumping,,NULL,NULL,NULL,320.830,320.530,NULL,NULL,,,Department of Water Resources,Voluntary,3,19,2013
Glenn_01.01.2003-06.21.2013.csv,Glenn,39.6752,-122.002,W001,2013-09-18 13:29:54,396752N1220020W001,,3/13/2003,00:00,,,17.000,0.000,17.000,136.380,134.880,119.380,15.500,UNK - Unknown,Unknown,Department of Water Resources,Voluntary,3,13,2003
Glenn_01.01.2003-06.21.2013.csv,Glenn,39.6752,-122.002,W001,2013-09-18 13:29:54,396752N1220020W001,,4/8/2003,00:00,,,17.600,0.000,17.600,136.380,134.880,118.780,16.100,UNK - Unknown,Unknown,Department of Water Resources,Voluntary,4,8,2003
Glenn_01.01.2003-06.21.2013.csv,Glenn,39.6752,-122.002,W001,2013-09-18 13:29:54,396752N1220020W001,,5/20/2003,00:00,,,15.800,0.000,15.800,136.380,134.880,120.580,14.300,UNK - Unknown,Unknown,Department of Water Resources,Voluntary,5,20,2003
Glenn_01.01.2003-06.21.2013.csv,Glenn,39.6752,-122.002,W001,2013-09-18 13:29:54,396752N1220020W001,,6/20/2003,00:00,,,13.900,0.000,13.900,136.380,134.880,122.480,12.400,UNK - Unknown,Unknown,Department of Water Resources,Voluntary,6,20,2003
Glenn_01.01.2003-06.21.2013.csv,Glenn,39.6752,-122.002,W001,2013-09-18 13:29:54,396752N1220020W001,,7/11/2003,00:00,,,15.100,0.000,15.100,136.380,134.880,121.280,13.600,UNK - Unknown,Unknown,Department of Water Resources,Voluntary,7,11,2003
Glenn_01.01.2003-06.21.2013.csv,Glenn,39.6752,-122.002,W001,2013-09-18 13:29:54,396752N1220020W001,,7/18/2003,00:00,,,13.400,0.000,13.400,136.380,134.880,122.980,11.900,UNK - Unknown,Unknown,Department of Water Resources,Voluntary,7,18,2003
Glenn_01.01.2003-06.21.2013.csv,Glenn,39.6752,-122.002,W001,2013-09-18 13:29:54,396752N1220020W001,,7/24/2003,00:00,,,12.300,0.000,12.300,136.380,134.880,124.080,10.800,UNK - Unknown,Unknown,Department of Water Resources,Voluntary,7,24,2003
Glenn_01.01.2003-06.21.2013.csv,Glenn,39.6752,-122.002,W001,2013-09-18 13:29:54,396752N1220020W001,,7/31/2003,00:00,,,12.000,0.000,12.000,136.380,134.880,124.380,10.500,UNK - Unknown,Unknown,Department of Water Resources,Voluntary,7,31,2003
Glenn_01.01.2003-06.21.2013.csv,Glenn,39.6752,-122.002,W001,2013-09-18 13:29:54,396752N1220020W001,,7/30/2003,00:00,,,12.000,0.000,12.000,136.380,134.880,124.380,10.500,UNK - Unknown,Unknown,Department of Water Resources,Voluntary,7,30,2003
Glenn_01.01.2003-06.21.2013.csv,Glenn,39.6752,-122.002,W001,2013-09-18 13:29:54,396752N1220020W001,,8/28/2003,00:00,,,11.300,0.000,11.300,136.380,134.880,125.080,9.800,UNK - Unknown,Unknown,Department of Water Resources,Voluntary,8,28,2003
Glenn_01.01.2003-06.21.2013.csv,Glenn,39.6752,-122.002,W001,2013-09-18 13:29:54,396752N1220020W001,,8/7/2003,00:00,,,12.000,0.000,12.000,136.380,134.880,124.380,10.500,UNK - Unknown,Unknown,Department of Water Resources,Voluntary,8,7,2003
Glenn_01.01.2003-06.21.2013.csv,Glenn,39.6752,-122.002,W001,2013-09-18 13:29:54,396752N1220020W001,,8/14/2003,00:00,,,11.600,0.000,11.600,136.380,134.880,124.780,10.100,UNK - Unknown,Unknown,Department of Water Resources,Voluntary,8,14,2003
Glenn_01.01.2003-06.21.2013.csv,Glenn,39.6752,-122.002,W001,2013-09-18 13:29:54,396752N1220020W001,,8/21/2003,00:00,,,11.500,0.000,11.500,136.380,134.880,124.880,10.000,UNK - Unknown,Unknown,Department of Water Resources,Voluntary,8,21,2003
Glenn_01.01.2003-06.21.2013.csv,Glenn,39.6752,-122.002,W001,2013-09-18 13:29:54,396752N1220020W001,,9/4/2003,00:00,,,11.000,0.000,11.000,136.380,134.880,125.380,9.500,UNK - Unknown,Unknown,Department of Water Resources,Voluntary,9,4,2003
Glenn_01.01.2003-06.21.2013.csv,Glenn,39.6752,-122.002,W001,2013-09-18 13:29:54,396752N1220020W001,,9/18/2003,00:00,,,11.800,0.000,11.800,136.380,134.880,124.580,10.300,UNK - Unknown,Unknown,Department of Water Resources,Voluntary,9,18,2003
Glenn_01.01.2003-06.21.2013.csv,Glenn,39.6752,-122.002,W001,2013-09-18 13:29:54,396752N1220020W001,,9/25/2003,00:00,,,13.400,0.000,13.400,136.380,134.880,122.980,11.900,UNK - Unknown,Unknown,Department of Water Resources,Voluntary,9,25,2003
Glenn_01.01.2003-06.21.2013.csv,Glenn,39.6752,-122.002,W001,2013-09-18 13:29:54,396752N1220020W001,,10/2/2003,00:00,,,16.200,0.000,16.200,136.380,134.880,120.180,14.700,UNK - Unknown,Unknown,Department of Water Resources,Voluntary,10,2,2003
Glenn_01.01.2003-06.21.2013.csv,Glenn,39.6752,-122.002,W001,2013-09-18 13:29:54,396752N1220020W001,,10/15/2003,00:00,,,18.400,0.000,18.400,136.380,134.880,117.980,16.900,UNK - Unknown,Unknown,Department of Water Resources,Voluntary,10,15,2003
Glenn_01.01.2003-06.21.2013.csv,Glenn,39.6752,-122.002,W001,2013-09-18 13:29:54,396752N1220020W001,,10/9/2003,00:00,,,17.600,0.000,17.600,136.380,134.880,118.780,16.100,UNK - Unknown,Unknown,Department of Water Resources,Voluntary,10,9,2003
Glenn_01.01.2003-06.21.2013.csv,Glenn,39.6752,-122.002,W001,2013-09-18 13:29:54,396752N1220020W001,,10/23/2003,00:00,,,19.000,0.000,19.000,136.380,134.880,117.380,17.500,UNK - Unknown,Unknown,Department of Water Resources,Voluntary,10,23,2003
Glenn_01.01.2003-06.21.2013.csv,Glenn,39.6752,-122.002,W001,2013-09-18 13:29:54,396752N1220020W001,,10/30/2003,00:00,,,19.400,0.000,19.400,136.380,134.880,116.980,17.900,UNK - Unknown,Unknown,Department of Water Resources,Voluntary,10,30,2003
Glenn_01.01.2003-06.21.2013.csv,Glenn,39.6752,-122.002,W001,2013-09-18 13:29:54,396752N1220020W001,,11/17/2003,00:00,,,19.600,0.000,19.600,136.380,134.880,116.780,18.100,UNK - Unknown,Unknown,Department of Water Resources,Voluntary,11,17,2003
Glenn_01.01.2003-06.21.2013.csv,Glenn,39.6752,-122.002,W001,2013-09-18 13:29:54,396752N1220020W001,,11/6/2003,00:00,,,19.600,0.000,19.600,136.380,134.880,116.780,18.100,UNK - Unknown,Unknown,Department of Water Resources,Voluntary,11,6,2003
Glenn_01.01.2003-06.21.2013.csv,Glenn,39.6752,-122.002,W001,2013-09-18 13:29:54,396752N1220020W001,,11/13/2003,00:00,,,19.700,0.000,19.700,136.380,134.880,116.680,18.200,UNK - Unknown,Unknown,Department of Water Resources,Voluntary,11,13,2003
Glenn_01.01.2003-06.21.2013.csv,Glenn,39.6752,-122.002,W001,2013-09-18 13:29:54,396752N1220020W001,,3/31/2004,00:00,,,15.600,0.000,15.600,136.380,134.880,120.780,14.100,UNK - Unknown,Unknown,Department of Water Resources,Voluntary,3,31,2004
Glenn_01.01.2003-06.21.2013.csv,Glenn,39.6752,-122.002,W001,2013-09-18 13:29:54,396752N1220020W001,,4/27/2004,00:00,,,17.300,0.000,17.300,136.380,134.880,119.080,15.800,UNK - Unknown,Unknown,Department of Water Resources,Voluntary,4,27,2004
Glenn_01.01.2003-06.21.2013.csv,Glenn,39.6752,-122.002,W001,2013-09-18 13:29:54,396752N1220020W001,,5/21/2004,00:00,,,11.600,0.000,11.600,136.380,134.880,124.780,10.100,UNK - Unknown,Unknown,Department of Water Resources,Voluntary,5,21,2004
Glenn_01.01.2003-06.21.2013.csv,Glenn,39.6752,-122.002,W001,2013-09-18 13:29:54,396752N1220020W001,,6/22/2004,00:00,,,14.100,0.000,14.100,136.380,134.880,122.280,12.600,UNK - Unknown,Unknown,Department of Water Resources,Voluntary,6,22,2004
Glenn_01.01.2003-06.21.2013.csv,Glenn,39.6752,-122.002,W001,2013-09-18 13:29:54,396752N1220020W001,,7/28/2004,00:00,,,11.100,0.000,11.100,136.380,134.880,125.280,9.600,UNK - Unknown,Unknown,Department of Water Resources,Voluntary,7,28,2004
Glenn_01.01.2003-06.21.2013.csv,Glenn,39.6752,-122.002,W001,2013-09-18 13:29:54,396752N1220020W001,,8/25/2004,00:00,,,11.100,0.000,11.100,136.380,134.880,125.280,9.600,UNK - Unknown,Unknown,Department of Water Resources,Voluntary,8,25,2004
Glenn_01.01.2003-06.21.2013.csv,Glenn,39.6752,-122.002,W001,2013-09-18 13:29:54,396752N1220020W001,,9/22/2004,00:00,,,13.000,0.000,13.000,136.380,134.880,123.380,11.500,UNK - Unknown,Unknown,Department of Water Resources,Voluntary,9,22,2004
Glenn_01.01.2003-06.21.2013.csv,Glenn,39.6752,-122.002,W001,2013-09-18 13:29:54,396752N1220020W001,,10/20/2004,00:00,,,18.400,0.000,18.400,136.380,134.880,117.980,16.900,UNK - Unknown,Unknown,Department of Water Resources,Voluntary,10,20,2004
Glenn_01.01.2003-06.21.2013.csv,Glenn,39.6752,-122.002,W001,2013-09-18 13:29:54,396752N1220020W001,,11/16/2004,00:00,,,18.200,0.000,18.200,136.380,134.880,118.180,16.700,UNK - Unknown,Unknown,Department of Water Resources,Voluntary,11,16,2004
Glenn_01.01.2003-06.21.2013.csv,Glenn,39.6752,-122.002,W001,2013-09-18 13:29:54,396752N1220020W001,,3/29/2005,00:00,,,16.300,0.000,16.300,136.380,134.880,120.080,14.800,UNK - Unknown,Unknown,Department of Water Resources,Voluntary,3,29,2005
Glenn_01.01.2003-06.21.2013.csv,Glenn,39.6752,-122.002,W001,2013-09-18 13:29:54,396752N1220020W001,,4/29/2005,00:00,,,18.100,0.000,18.100,136.380,134.880,118.280,16.600,UNK - Unknown,Unknown,Department of Water Resources,Voluntary,4,29,2005
Glenn_01.01.2003-06.21.2013.csv,Glenn,39.6752,-122.002,W001,2013-09-18 13:29:54,396752N1220020W001,,5/26/2005,00:00,,,14.000,0.000,14.000,136.380,134.880,122.380,12.500,UNK - Unknown,Unknown,Department of Water Resources,Voluntary,5,26,2005
Glenn_01.01.2003-06.21.2013.csv,Glenn,39.6752,-122.002,W001,2013-09-18 13:29:54,396752N1220020W001,,6/23/2005,00:00,,,11.200,0.000,11.200,136.380,134.880,125.180,9.700,UNK - Unknown,Unknown,Department of Water Resources,Voluntary,6,23,2005
Glenn_01.01.2003-06.21.2013.csv,Glenn,39.6752,-122.002,W001,2013-09-18 13:29:54,396752N1220020W001,,7/28/2005,00:00,,,11.800,0.000,11.800,136.380,134.880,124.580,10.300,UNK - Unknown,Unknown,Department of Water Resources,Voluntary,7,28,2005
Glenn_01.01.2003-06.21.2013.csv,Glenn,39.6752,-122.002,W001,2013-09-18 13:29:54,396752N1220020W001,,7/28/2005,00:00,,,11.830,0.000,11.830,136.380,134.880,124.550,10.330,UNK - Unknown,Unknown,Department of Water Resources,Voluntary,7,28,2005
Glenn_01.01.2003-06.21.2013.csv,Glenn,39.6752,-122.002,W001,2013-09-18 13:29:54,396752N1220020W001,,8/24/2005,00:00,,,11.500,0.000,11.500,136.380,134.880,124.880,10.000,UNK - Unknown,Unknown,Department of Water Resources,Voluntary,8,24,2005
Glenn_01.01.2003-06.21.2013.csv,Glenn,39.6752,-122.002,W001,2013-09-18 13:29:54,396752N1220020W001,,8/24/2005,00:00,0 - Measurement Discontinued,,NULL,NULL,NULL,136.380,134.880,NULL,NULL,,,Department of Water Resources,Voluntary,DISCONTINUED-OWNER WILL SEAL CAVERNOUS WELL8,24,2005
Glenn_01.01.2003-06.21.2013.csv,Glenn,39.6779,-122.15,W001,2013-09-18 13:29:54,396779N1221500W001,21N03W13F001M,10/12/2011,00:00,,,46.200,0.000,46.200,193.210,192.440,147.010,45.430,ES - Electric sounder measurement,0.01 Ft,Department of Water Resources,Voluntary,10,12,2011
Glenn_01.01.2003-06.21.2013.csv,Glenn,39.6779,-122.15,W001,2013-09-18 13:29:54,396779N1221500W001,21N03W13F001M,3/29/2012,00:00,,,41.800,0.000,41.800,193.210,192.440,151.410,41.030,ES - Electric sounder measurement,0.01 Ft,Department of Water Resources,Voluntary,3,29,2012
Glenn_01.01.2003-06.21.2013.csv,Glenn,39.6779,-122.15,W001,2013-09-18 13:29:54,396779N1221500W001,21N03W13F001M,8/2/2012,00:00,,,52.150,0.000,52.150,193.210,192.440,141.060,51.380,ES - Electric sounder measurement,0.01 Ft,Department of Water Resources,Voluntary,8,2,2012
Glenn_01.01.2003-06.21.2013.csv,Glenn,39.6779,-122.15,W001,2013-09-18 13:29:54,396779N1221500W001,21N03W13F001M,10/17/2012,00:00,,,51.520,0.000,51.520,193.210,192.440,141.690,50.750,ES - Electric sounder measurement,0.01 Ft,Department of Water Resources,Voluntary,10,17,2012
Glenn_01.01.2003-06.21.2013.csv,Glenn,39.6779,-122.15,W001,2013-09-18 13:29:54,396779N1221500W001,21N03W13F001M,3/21/2013,00:00,,,50.000,0.000,50.000,193.210,192.440,143.210,49.230,ES - Electric sounder measurement,0.01 Ft,Department of Water Resources,Voluntary,3,21,2013
Glenn_01.01.2003-06.21.2013.csv,Glenn,39.6823,-122.0117,W001,2013-09-18 13:29:54,396823N1220117W001,21N01W31H001M,10/11/2011,00:00,,1 - Pumping,205.920,0.000,205.920,139.385,140.275,-66.535,206.810,ES - Electric sounder measurement,0.01 Ft,Department of Water Resources,Voluntary,10,11,2011
Glenn_01.01.2003-06.21.2013.csv,Glenn,39.6823,-122.0117,W001,2013-09-18 13:29:54,396823N1220117W001,21N01W31H001M,3/29/2012,00:00,,,31.000,0.000,31.000,139.385,140.275,108.385,31.890,ES - Electric sounder measurement,0.01 Ft,Department of Water Resources,Voluntary,3,29,2012
Glenn_01.01.2003-06.21.2013.csv,Glenn,39.6823,-122.0117,W001,2013-09-18 13:29:54,396823N1220117W001,21N01W31H001M,8/2/2012,00:00,,,38.410,0.000,38.410,139.385,140.275,100.975,39.300,ES - Electric sounder measurement,0.01 Ft,Department of Water Resources,Voluntary,8,2,2012
Glenn_01.01.2003-06.21.2013.csv,Glenn,39.6823,-122.0117,W001,2013-09-18 13:29:54,396823N1220117W001,21N01W31H001M,10/18/2012,00:00,,,38.190,0.000,38.190,139.385,140.275,101.195,39.080,ES - Electric sounder measurement,0.01 Ft,Department of Water Resources,Voluntary,10,18,2012
Glenn_01.01.2003-06.21.2013.csv,Glenn,39.6823,-122.0117,W001,2013-09-18 13:29:54,396823N1220117W001,21N01W31H001M,8/3/2011,00:00,,1 - Pumping,201.490,0.000,201.490,139.390,140.280,-62.100,202.380,UNK - Unknown,Unknown,Department of Water Resources,Voluntary,8,3,2011
Glenn_01.01.2003-06.21.2013.csv,Glenn,39.6823,-122.0117,W001,2013-09-18 13:29:54,396823N1220117W001,21N01W31H001M,10/11/2011,00:00,,1 - Pumping,205.920,0.000,205.920,139.390,140.280,-66.530,206.810,UNK - Unknown,Unknown,Department of Water Resources,Voluntary,10,11,2011
Glenn_01.01.2003-06.21.2013.csv,Glenn,39.6823,-122.0117,W001,2013-09-18 13:29:54,396823N1220117W001,21N01W31H001M,4/6/2011,00:00,,,34.210,0.000,34.210,139.390,140.280,105.180,35.100,UNK - Unknown,Unknown,Department of Water Resources,Voluntary,4,6,2011
Glenn_01.01.2003-06.21.2013.csv,Glenn,39.6823,-122.0117,W001,2013-09-18 13:29:54,396823N1220117W001,21N01W31H001M,6/24/2011,00:00,,1 - Pumping,184.090,0.000,184.090,139.390,140.280,-44.700,184.980,UNK - Unknown,Unknown,Department of Water Resources,Voluntary,6,24,2011
Glenn_01.01.2003-06.21.2013.csv,Glenn,39.6823,-122.0117,W001,2013-09-18 13:29:54,396823N1220117W001,21N01W31H001M,11/28/2011,00:00,,,69.140,0.000,69.140,139.390,140.280,70.250,70.030,UNK - Unknown,Unknown,Department of Water Resources,Voluntary,11,28,2011
Glenn_01.01.2003-06.21.2013.csv,Glenn,39.6823,-122.0117,W001,2013-09-18 13:29:54,396823N1220117W001,21N01W31H001M,3/18/2013,00:00,,,29.740,0.000,29.740,139.385,140.275,109.645,30.630,ES - Electric sounder measurement,0.01 Ft,Department of Water Resources,Voluntary,3,18,2013
Glenn_01.01.2003-06.21.2013.csv,Glenn,39.6834,-122.2426,W001,2013-09-18 13:29:54,396834N1222426W001,21N03W18B002M,3/28/2012,10:00,,,120.520,0.000,120.520,224.480,224.080,103.960,120.120,ES - Electric sounder measurement,0.01 Ft,"County of Glenn, Department of Agriculture",Voluntary,3,28,2012
Glenn_01.01.2003-06.21.2013.csv,Glenn,39.6834,-122.2426,W001,2013-09-18 13:29:54,396834N1222426W001,21N03W18B002M,10/15/2012,00:00,7 - Special/Other,,NULL,NULL,NULL,224.480,224.080,NULL,NULL,,,"County of Glenn, Department of Agriculture",Voluntary,oil in casing10,15,2012
Glenn_01.01.2003-06.21.2013.csv,Glenn,39.6834,-122.2426,W001,2013-09-18 13:29:54,396834N1222426W001,21N03W18B002M,3/20/2013,00:00,7 - Special/Other,,NULL,NULL,NULL,224.480,224.080,NULL,NULL,,,"County of Glenn, Department of Agriculture",Voluntary,oil in casing3,20,2013
Glenn_01.01.2003-06.21.2013.csv,Glenn,39.6834,-122.2426,W001,2013-09-18 13:29:54,396834N1222426W001,21N03W18B002M,4/7/2003,00:00,,,85.500,0.000,85.500,224.480,224.080,138.980,85.100,UNK - Unknown,Unknown,Bureau of Reclamation,Voluntary,4,7,2003
Glenn_01.01.2003-06.21.2013.csv,Glenn,39.6834,-122.2426,W001,2013-09-18 13:29:54,396834N1222426W001,21N03W18B002M,10/14/2003,00:00,,,93.900,0.000,93.900,224.480,224.080,130.580,93.500,UNK - Unknown,Unknown,Bureau of Reclamation,Voluntary,10,14,2003
Glenn_01.01.2003-06.21.2013.csv,Glenn,39.6834,-122.2426,W001,2013-09-18 13:29:54,396834N1222426W001,21N03W18B002M,4/1/2004,00:00,,,86.700,0.000,86.700,224.480,224.080,137.780,86.300,UNK - Unknown,Unknown,Bureau of Reclamation,Voluntary,4,1,2004
Glenn_01.01.2003-06.21.2013.csv,Glenn,39.6834,-122.2426,W001,2013-09-18 13:29:54,396834N1222426W001,21N03W18B002M,9/21/2004,00:00,,2 - Nearby pump operating,100.950,0.000,100.950,224.480,224.080,123.530,100.550,UNK - Unknown,Unknown,Department of Water Resources,Voluntary,9,21,2004
Glenn_01.01.2003-06.21.2013.csv,Glenn,39.6834,-122.2426,W001,2013-09-18 13:29:54,396834N1222426W001,21N03W18B002M,10/20/2004,00:00,,,97.650,0.000,97.650,224.480,224.080,126.830,97.250,UNK - Unknown,Unknown,County of Glenn,Voluntary,10,20,2004
Glenn_01.01.2003-06.21.2013.csv,Glenn,39.6834,-122.2426,W001,2013-09-18 13:29:54,396834N1222426W001,21N03W18B002M,11/5/2004,00:00,,,94.400,0.000,94.400,224.480,224.080,130.080,94.000,UNK - Unknown,Unknown,County of Glenn,Voluntary,11,5,2004
Glenn_01.01.2003-06.21.2013.csv,Glenn,39.6834,-122.2426,W001,2013-09-18 13:29:54,396834N1222426W001,21N03W18B002M,4/14/2005,00:00,,,83.000,0.000,83.000,224.480,224.080,141.480,82.600,UNK - Unknown,Unknown,County of Glenn,Voluntary,4,14,2005
Glenn_01.01.2003-06.21.2013.csv,Glenn,39.6834,-122.2426,W001,2013-09-18 13:29:54,396834N1222426W001,21N03W18B002M,4/5/2005,00:00,,,83.600,0.000,83.600,224.480,224.080,140.880,83.200,UNK - Unknown,Unknown,County of Glenn,Voluntary,4,5,2005
Glenn_01.01.2003-06.21.2013.csv,Glenn,39.6834,-122.2426,W001,2013-09-18 13:29:54,396834N1222426W001,21N03W18B002M,10/18/2005,00:00,,,96.400,0.000,96.400,224.480,224.080,128.080,96.000,UNK - Unknown,Unknown,County of Glenn,Voluntary,10,18,2005
Glenn_01.01.2003-06.21.2013.csv,Glenn,39.6834,-122.2426,W001,2013-09-18 13:29:54,396834N1222426W001,21N03W18B002M,3/30/2006,00:00,,,82.700,0.000,82.700,224.480,224.080,141.780,82.300,UNK - Unknown,Unknown,County of Glenn,Voluntary,3,30,2006
Glenn_01.01.2003-06.21.2013.csv,Glenn,39.6834,-122.2426,W001,2013-09-18 13:29:54,396834N1222426W001,21N03W18B002M,3/28/2007,00:00,1 - Pumping,,NULL,NULL,NULL,224.480,224.080,NULL,NULL,,,Bureau of Reclamation,Voluntary,PUMPING3,28,2007
Glenn_01.01.2003-06.21.2013.csv,Glenn,39.6834,-122.2426,W001,2013-09-18 13:29:54,396834N1222426W001,21N03W18B002M,4/9/2007,00:00,,,85.700,0.000,85.700,224.480,224.080,138.780,85.300,UNK - Unknown,Unknown,County of Glenn,Voluntary,MEASURED BY L.MESSINA GLENN COUNTY4,9,2007
Glenn_01.01.2003-06.21.2013.csv,Glenn,39.6834,-122.2426,W001,2013-09-18 13:29:54,396834N1222426W001,21N03W18B002M,10/17/2006,00:00,,,95.400,0.000,95.400,224.480,224.080,129.080,95.000,UNK - Unknown,Unknown,Bureau of Reclamation,Voluntary,10,17,2006
Glenn_01.01.2003-06.21.2013.csv,Glenn,39.6834,-122.2426,W001,2013-09-18 13:29:54,396834N1222426W001,21N03W18B002M,10/23/2007,00:00,1 - Pumping,,NULL,NULL,NULL,224.480,224.080,NULL,NULL,,,Bureau of Reclamation,Voluntary,PUMPING10,23,2007
Glenn_01.01.2003-06.21.2013.csv,Glenn,39.6834,-122.2426,W001,2013-09-18 13:29:54,396834N1222426W001,21N03W18B002M,3/14/2008,00:00,,,89.100,0.000,89.100,224.480,224.080,135.380,88.700,UNK - Unknown,Unknown,Bureau of Reclamation,Voluntary,3,14,2008
Glenn_01.01.2003-06.21.2013.csv,Glenn,39.6834,-122.2426,W001,2013-09-18 13:29:54,396834N1222426W001,21N03W18B002M,9/30/2008,00:00,,,119.900,0.000,119.900,224.480,224.080,104.580,119.500,UNK - Unknown,Unknown,Bureau of Reclamation,Voluntary,9,30,2008
Glenn_01.01.2003-06.21.2013.csv,Glenn,39.6834,-122.2426,W001,2013-09-18 13:29:54,396834N1222426W001,21N03W18B002M,3/24/2009,00:00,,,104.600,0.000,104.600,224.480,224.080,119.880,104.200,UNK - Unknown,Unknown,County of Glenn,Voluntary,3,24,2009
Glenn_01.01.2003-06.21.2013.csv,Glenn,39.6834,-122.2426,W001,2013-09-18 13:29:54,396834N1222426W001,21N03W18B002M,3/23/2009,00:00,,,104.000,0.000,104.000,224.480,224.080,120.480,103.600,UNK - Unknown,Unknown,Bureau of Reclamation,Voluntary,3,23,2009
Glenn_01.01.2003-06.21.2013.csv,Glenn,39.6834,-122.2426,W001,2013-09-18 13:29:54,396834N1222426W001,21N03W18B002M,10/20/2009,00:00,,,134.500,0.000,134.500,224.480,224.080,89.980,134.100,UNK - Unknown,Unknown,Bureau of Reclamation,Voluntary,10,20,2009
Glenn_01.01.2003-06.21.2013.csv,Glenn,39.6834,-122.2426,W001,2013-09-18 13:29:54,396834N1222426W001,21N03W18B002M,4/8/2010,00:00,,,116.000,0.000,116.000,224.480,224.080,108.480,115.600,UNK - Unknown,Unknown,Bureau of Reclamation,Voluntary,4,8,2010
Glenn_01.01.2003-06.21.2013.csv,Glenn,39.6834,-122.2426,W001,2013-09-18 13:29:54,396834N1222426W001,21N03W18B002M,10/18/2010,00:00,,,136.800,0.000,136.800,224.480,224.080,87.680,136.400,UNK - Unknown,Unknown,Bureau of Reclamation,Voluntary,10,18,2010
Glenn_01.01.2003-06.21.2013.csv,Glenn,39.6834,-122.2426,W001,2013-09-18 13:29:54,396834N1222426W001,21N03W18B002M,4/7/2011,00:00,,,112.830,0.000,112.830,224.480,224.080,111.650,112.430,UNK - Unknown,Unknown,County of Glenn,Voluntary,4,7,2011
Glenn_01.01.2003-06.21.2013.csv,Glenn,39.6834,-122.2426,W001,2013-09-18 13:29:54,396834N1222426W001,21N03W18B002M,4/4/2011,00:00,,,113.300,0.000,113.300,224.480,224.080,111.180,112.900,UNK - Unknown,Unknown,Bureau of Reclamation,Voluntary,4,4,2011
Glenn_01.01.2003-06.21.2013.csv,Glenn,39.6834,-122.2426,W001,2013-09-18 13:29:54,396834N1222426W001,21N03W18B002M,10/12/2011,00:00,,,135.420,0.000,135.420,224.480,224.080,89.060,135.020,UNK - Unknown,Unknown,County of Glenn,Voluntary,10,12,2011
Glenn_01.01.2003-06.21.2013.csv,Glenn,39.6834,-122.2426,W001,2013-09-18 13:29:54,396834N1222426W001,21N03W18B002M,10/11/2011,00:00,,,135.800,0.000,135.800,224.480,224.080,88.680,135.400,UNK - Unknown,Unknown,Bureau of Reclamation,Voluntary,10,11,2011
Glenn_01.01.2003-06.21.2013.csv,Glenn,39.6834,-122.2426,W001,2013-09-18 13:29:54,396834N1222426W001,21N03W18B002M,3/28/2012,00:00,0 - Measurement Discontinued,,NULL,NULL,NULL,224.480,224.080,NULL,NULL,,,Bureau of Reclamation,Voluntary,GLENN COUNTY NOW MEASURING3,28,2012
Glenn_01.01.2003-06.21.2013.csv,Glenn,39.6869,-122.103,W001,2013-09-18 13:29:54,396869N1221030W001,21N02W09M002M,10/12/2011,00:00,,,47.600,0.000,47.600,181.920,181.420,134.320,47.100,ST - Steel tape measurement,0.1 Ft,Department of Water Resources,Voluntary,10,12,2011
Glenn_01.01.2003-06.21.2013.csv,Glenn,39.6869,-122.103,W001,2013-09-18 13:29:54,396869N1221030W001,21N02W09M002M,3/29/2012,00:00,,,40.000,1.600,38.400,181.920,181.420,143.520,37.900,ST - Steel tape measurement,0.1 Ft,Department of Water Resources,Voluntary,3,29,2012
Glenn_01.01.2003-06.21.2013.csv,Glenn,39.6869,-122.103,W001,2013-09-18 13:29:54,396869N1221030W001,21N02W09M002M,8/2/2012,00:00,1 - Pumping,,NULL,NULL,NULL,181.920,181.420,NULL,NULL,,,Department of Water Resources,Voluntary,8,2,2012
Glenn_01.01.2003-06.21.2013.csv,Glenn,39.6869,-122.103,W001,2013-09-18 13:29:54,396869N1221030W001,21N02W09M002M,10/18/2012,00:00,,,66.000,12.100,53.900,181.920,181.420,128.020,53.400,ST - Steel tape measurement,0.1 Ft,Department of Water Resources,Voluntary,10,18,2012
Glenn_01.01.2003-06.21.2013.csv,Glenn,39.6869,-122.103,W001,2013-09-18 13:29:54,396869N1221030W001,21N02W09M002M,3/13/2003,00:00,,,27.900,0.000,27.900,181.920,181.420,154.020,27.400,UNK - Unknown,Unknown,Department of Water Resources,Voluntary,3,13,2003
Glenn_01.01.2003-06.21.2013.csv,Glenn,39.6869,-122.103,W001,2013-09-18 13:29:54,396869N1221030W001,21N02W09M002M,4/8/2003,00:00,,,29.800,0.000,29.800,181.920,181.420,152.120,29.300,UNK - Unknown,Unknown,Department of Water Resources,Voluntary,4,8,2003
Glenn_01.01.2003-06.21.2013.csv,Glenn,39.6869,-122.103,W001,2013-09-18 13:29:54,396869N1221030W001,21N02W09M002M,5/20/2003,00:00,,,30.200,0.000,30.200,181.920,181.420,151.720,29.700,UNK - Unknown,Unknown,Department of Water Resources,Voluntary,5,20,2003
Glenn_01.01.2003-06.21.2013.csv,Glenn,39.6869,-122.103,W001,2013-09-18 13:29:54,396869N1221030W001,21N02W09M002M,6/20/2003,00:00,,,35.800,0.000,35.800,181.920,181.420,146.120,35.300,UNK - Unknown,Unknown,Department of Water Resources,Voluntary,6,20,2003
Glenn_01.01.2003-06.21.2013.csv,Glenn,39.6869,-122.103,W001,2013-09-18 13:29:54,396869N1221030W001,21N02W09M002M,7/30/2003,00:00,,,40.700,0.000,40.700,181.920,181.420,141.220,40.200,UNK - Unknown,Unknown,Department of Water Resources,Voluntary,7,30,2003
Glenn_01.01.2003-06.21.2013.csv,Glenn,39.6869,-122.103,W001,2013-09-18 13:29:54,396869N1221030W001,21N02W09M002M,8/28/2003,00:00,,,40.900,0.000,40.900,181.920,181.420,141.020,40.400,UNK - Unknown,Unknown,Department of Water Resources,Voluntary,8,28,2003
Glenn_01.01.2003-06.21.2013.csv,Glenn,39.6869,-122.103,W001,2013-09-18 13:29:54,396869N1221030W001,21N02W09M002M,9/18/2003,00:00,,,39.900,0.000,39.900,181.920,181.420,142.020,39.400,UNK - Unknown,Unknown,Department of Water Resources,Voluntary,9,18,2003
Glenn_01.01.2003-06.21.2013.csv,Glenn,39.6869,-122.103,W001,2013-09-18 13:29:54,396869N1221030W001,21N02W09M002M,10/15/2003,00:00,,,40.000,0.000,40.000,181.920,181.420,141.920,39.500,UNK - Unknown,Unknown,Department of Water Resources,Voluntary,10,15,2003
Glenn_01.01.2003-06.21.2013.csv,Glenn,39.6869,-122.103,W001,2013-09-18 13:29:54,396869N1221030W001,21N02W09M002M,11/17/2003,00:00,,,36.900,0.000,36.900,181.920,181.420,145.020,36.400,UNK - Unknown,Unknown,Department of Water Resources,Voluntary,11,17,2003
Glenn_01.01.2003-06.21.2013.csv,Glenn,39.6869,-122.103,W001,2013-09-18 13:29:54,396869N1221030W001,21N02W09M002M,3/31/2004,00:00,,,24.200,0.000,24.200,181.920,181.420,157.720,23.700,UNK - Unknown,Unknown,Department of Water Resources,Voluntary,3,31,2004
Glenn_01.01.2003-06.21.2013.csv,Glenn,39.6869,-122.103,W001,2013-09-18 13:29:54,396869N1221030W001,21N02W09M002M,4/27/2004,00:00,,1 - Pumping,48.300,0.000,48.300,181.920,181.420,133.620,47.800,UNK - Unknown,Unknown,Department of Water Resources,Voluntary,4,27,2004
Glenn_01.01.2003-06.21.2013.csv,Glenn,39.6869,-122.103,W001,2013-09-18 13:29:54,396869N1221030W001,21N02W09M002M,5/21/2004,00:00,,,31.600,0.000,31.600,181.920,181.420,150.320,31.100,UNK - Unknown,Unknown,Department of Water Resources,Voluntary,5,21,2004
Glenn_01.01.2003-06.21.2013.csv,Glenn,39.6869,-122.103,W001,2013-09-18 13:29:54,396869N1221030W001,21N02W09M002M,6/22/2004,00:00,,,33.400,0.000,33.400,181.920,181.420,148.520,32.900,UNK - Unknown,Unknown,Department of Water Resources,Voluntary,6,22,2004
Glenn_01.01.2003-06.21.2013.csv,Glenn,39.6869,-122.103,W001,2013-09-18 13:29:54,396869N1221030W001,21N02W09M002M,7/28/2004,00:00,,,38.200,0.000,38.200,181.920,181.420,143.720,37.700,UNK - Unknown,Unknown,Department of Water Resources,Voluntary,7,28,2004
Glenn_01.01.2003-06.21.2013.csv,Glenn,39.6869,-122.103,W001,2013-09-18 13:29:54,396869N1221030W001,21N02W09M002M,8/25/2004,00:00,,,38.400,0.000,38.400,181.920,181.420,143.520,37.900,UNK - Unknown,Unknown,Department of Water Resources,Voluntary,8,25,2004
Glenn_01.01.2003-06.21.2013.csv,Glenn,39.6869,-122.103,W001,2013-09-18 13:29:54,396869N1221030W001,21N02W09M002M,9/22/2004,00:00,,,38.800,0.000,38.800,181.920,181.420,143.120,38.300,UNK - Unknown,Unknown,Department of Water Resources,Voluntary,9,22,2004
Glenn_01.01.2003-06.21.2013.csv,Glenn,39.6869,-122.103,W001,2013-09-18 13:29:54,396869N1221030W001,21N02W09M002M,10/20/2004,00:00,,,38.100,0.000,38.100,181.920,181.420,143.820,37.600,UNK - Unknown,Unknown,Department of Water Resources,Voluntary,10,20,2004
Glenn_01.01.2003-06.21.2013.csv,Glenn,39.6869,-122.103,W001,2013-09-18 13:29:54,396869N1221030W001,21N02W09M002M,11/16/2004,00:00,,,35.500,0.000,35.500,181.920,181.420,146.420,35.000,UNK - Unknown,Unknown,Department of Water Resources,Voluntary,11,16,2004
Glenn_01.01.2003-06.21.2013.csv,Glenn,39.6869,-122.103,W001,2013-09-18 13:29:54,396869N1221030W001,21N02W09M002M,3/29/2005,00:00,,,25.300,0.000,25.300,181.920,181.420,156.620,24.800,UNK - Unknown,Unknown,Department of Water Resources,Voluntary,3,29,2005
Glenn_01.01.2003-06.21.2013.csv,Glenn,39.6869,-122.103,W001,2013-09-18 13:29:54,396869N1221030W001,21N02W09M002M,4/29/2005,00:00,,,26.300,0.000,26.300,181.920,181.420,155.620,25.800,UNK - Unknown,Unknown,Department of Water Resources,Voluntary,4,29,2005
Glenn_01.01.2003-06.21.2013.csv,Glenn,39.6869,-122.103,W001,2013-09-18 13:29:54,396869N1221030W001,21N02W09M002M,5/26/2005,00:00,,,27.400,0.000,27.400,181.920,181.420,154.520,26.900,UNK - Unknown,Unknown,Department of Water Resources,Voluntary,5,26,2005
Glenn_01.01.2003-06.21.2013.csv,Glenn,39.6869,-122.103,W001,2013-09-18 13:29:54,396869N1221030W001,21N02W09M002M,6/23/2005,00:00,,,33.100,0.000,33.100,181.920,181.420,148.820,32.600,UNK - Unknown,Unknown,Department of Water Resources,Voluntary,6,23,2005
Glenn_01.01.2003-06.21.2013.csv,Glenn,39.6869,-122.103,W001,2013-09-18 13:29:54,396869N1221030W001,21N02W09M002M,7/28/2005,00:00,,1 - Pumping,50.900,0.000,50.900,181.920,181.420,131.020,50.400,UNK - Unknown,Unknown,Department of Water Resources,Voluntary,7,28,2005
Glenn_01.01.2003-06.21.2013.csv,Glenn,39.6869,-122.103,W001,2013-09-18 13:29:54,396869N1221030W001,21N02W09M002M,8/25/2005,00:00,,,38.300,0.000,38.300,181.920,181.420,143.620,37.800,UNK - Unknown,Unknown,Department of Water Resources,Voluntary,8,25,2005
Glenn_01.01.2003-06.21.2013.csv,Glenn,39.6869,-122.103,W001,2013-09-18 13:29:54,396869N1221030W001,21N02W09M002M,9/29/2005,00:00,,,37.300,0.000,37.300,181.920,181.420,144.620,36.800,UNK - Unknown,Unknown,Department of Water Resources,Voluntary,9,29,2005
Glenn_01.01.2003-06.21.2013.csv,Glenn,39.6869,-122.103,W001,2013-09-18 13:29:54,396869N1221030W001,21N02W09M002M,10/20/2005,00:00,,,37.700,0.000,37.700,181.920,181.420,144.220,37.200,UNK - Unknown,Unknown,Department of Water Resources,Voluntary,10,20,2005
Glenn_01.01.2003-06.21.2013.csv,Glenn,39.6869,-122.103,W001,2013-09-18 13:29:54,396869N1221030W001,21N02W09M002M,3/29/2006,00:00,,,20.500,0.000,20.500,181.920,181.420,161.420,20.000,UNK - Unknown,Unknown,Department of Water Resources,Voluntary,3,29,2006
Glenn_01.01.2003-06.21.2013.csv,Glenn,39.6869,-122.103,W001,2013-09-18 13:29:54,396869N1221030W001,21N02W09M002M,5/18/2006,00:00,,,25.800,0.000,25.800,181.920,181.420,156.120,25.300,UNK - Unknown,Unknown,Department of Water Resources,Voluntary,5,18,2006
Glenn_01.01.2003-06.21.2013.csv,Glenn,39.6869,-122.103,W001,2013-09-18 13:29:54,396869N1221030W001,21N02W09M002M,8/3/2006,00:00,,,34.300,0.000,34.300,181.920,181.420,147.620,33.800,UNK - Unknown,Unknown,Department of Water Resources,Voluntary,8,3,2006
Glenn_01.01.2003-06.21.2013.csv,Glenn,39.6869,-122.103,W001,2013-09-18 13:29:54,396869N1221030W001,21N02W09M002M,10/11/2006,00:00,,,39.800,0.000,39.800,181.920,181.420,142.120,39.300,UNK - Unknown,Unknown,Department of Water Resources,Voluntary,10,11,2006
Glenn_01.01.2003-06.21.2013.csv,Glenn,39.6869,-122.103,W001,2013-09-18 13:29:54,396869N1221030W001,21N02W09M002M,3/20/2007,00:00,,,35.230,0.000,35.230,181.920,181.420,146.690,34.730,UNK - Unknown,Unknown,Department of Water Resources,Voluntary,3,20,2007
Glenn_01.01.2003-06.21.2013.csv,Glenn,39.6869,-122.103,W001,2013-09-18 13:29:54,396869N1221030W001,21N02W09M002M,8/8/2007,00:00,,8 - Oil or foreign substance in casing,52.200,0.000,52.200,181.920,181.420,129.720,51.700,UNK - Unknown,Unknown,Department of Water Resources,Voluntary,8,8,2007
Glenn_01.01.2003-06.21.2013.csv,Glenn,39.6869,-122.103,W001,2013-09-18 13:29:54,396869N1221030W001,21N02W09M002M,10/19/2007,00:00,,,46.700,0.000,46.700,181.920,181.420,135.220,46.200,UNK - Unknown,Unknown,Department of Water Resources,Voluntary,10,19,2007
Glenn_01.01.2003-06.21.2013.csv,Glenn,39.6869,-122.103,W001,2013-09-18 13:29:54,396869N1221030W001,21N02W09M002M,3/11/2008,00:00,,,37.500,0.000,37.500,181.920,181.420,144.420,37.000,UNK - Unknown,Unknown,Department of Water Resources,Voluntary,3,11,2008
Glenn_01.01.2003-06.21.2013.csv,Glenn,39.6869,-122.103,W001,2013-09-18 13:29:54,396869N1221030W001,21N02W09M002M,7/17/2008,00:00,,,55.500,0.000,55.500,181.920,181.420,126.420,55.000,UNK - Unknown,Unknown,County of Glenn,Voluntary,7,17,2008
Glenn_01.01.2003-06.21.2013.csv,Glenn,39.6869,-122.103,W001,2013-09-18 13:29:54,396869N1221030W001,21N02W09M002M,8/4/2008,00:00,1 - Pumping,,NULL,NULL,NULL,181.920,181.420,NULL,NULL,,,County of Glenn,Voluntary,8,4,2008
Glenn_01.01.2003-06.21.2013.csv,Glenn,39.6869,-122.103,W001,2013-09-18 13:29:54,396869N1221030W001,21N02W09M002M,10/20/2008,00:00,,,53.900,0.000,53.900,181.920,181.420,128.020,53.400,UNK - Unknown,Unknown,County of Glenn,Voluntary,10,20,2008
Glenn_01.01.2003-06.21.2013.csv,Glenn,39.6869,-122.103,W001,2013-09-18 13:29:54,396869N1221030W001,21N02W09M002M,1/13/2009,00:00,,,46.300,0.000,46.300,181.920,181.420,135.620,45.800,UNK - Unknown,Unknown,County of Glenn,Voluntary,1,13,2009
Glenn_01.01.2003-06.21.2013.csv,Glenn,39.6869,-122.103,W001,2013-09-18 13:29:54,396869N1221030W001,21N02W09M002M,3/25/2009,00:00,,,39.400,0.000,39.400,181.920,181.420,142.520,38.900,UNK - Unknown,Unknown,Department of Water Resources,Voluntary,3,25,2009
Glenn_01.01.2003-06.21.2013.csv,Glenn,39.6869,-122.103,W001,2013-09-18 13:29:54,396869N1221030W001,21N02W09M002M,5/15/2009,00:00,1 - Pumping,,NULL,NULL,NULL,181.920,181.420,NULL,NULL,,,Department of Water Resources,Voluntary,5,15,2009
Glenn_01.01.2003-06.21.2013.csv,Glenn,39.6869,-122.103,W001,2013-09-18 13:29:54,396869N1221030W001,21N02W09M002M,6/24/2009,00:00,1 - Pumping,,NULL,NULL,NULL,181.920,181.420,NULL,NULL,,,Department of Water Resources,Voluntary,6,24,2009
Glenn_01.01.2003-06.21.2013.csv,Glenn,39.6869,-122.103,W001,2013-09-18 13:29:54,396869N1221030W001,21N02W09M002M,8/6/2009,00:00,1 - Pumping,,NULL,NULL,NULL,181.920,181.420,NULL,NULL,,,Department of Water Resources,Voluntary,8,6,2009
Glenn_01.01.2003-06.21.2013.csv,Glenn,39.6869,-122.103,W001,2013-09-18 13:29:54,396869N1221030W001,21N02W09M002M,9/16/2009,00:00,,,63.600,0.000,63.600,181.920,181.420,118.320,63.100,UNK - Unknown,Unknown,Department of Water Resources,Voluntary,9,16,2009
Glenn_01.01.2003-06.21.2013.csv,Glenn,39.6869,-122.103,W001,2013-09-18 13:29:54,396869N1221030W001,21N02W09M002M,10/23/2009,00:00,,,56.200,0.000,56.200,181.920,181.420,125.720,55.700,UNK - Unknown,Unknown,Department of Water Resources,Voluntary,10,23,2009
Glenn_01.01.2003-06.21.2013.csv,Glenn,39.6869,-122.103,W001,2013-09-18 13:29:54,396869N1221030W001,21N02W09M002M,3/26/2010,00:00,,,38.200,0.000,38.200,181.920,181.420,143.720,37.700,UNK - Unknown,Unknown,Department of Water Resources,Voluntary,3,26,2010
Glenn_01.01.2003-06.21.2013.csv,Glenn,39.6869,-122.103,W001,2013-09-18 13:29:54,396869N1221030W001,21N02W09M002M,8/2/2010,00:00,1 - Pumping,,NULL,NULL,NULL,181.920,181.420,NULL,NULL,,,Department of Water Resources,Voluntary,8,2,2010
Glenn_01.01.2003-06.21.2013.csv,Glenn,39.6869,-122.103,W001,2013-09-18 13:29:54,396869N1221030W001,21N02W09M002M,10/20/2010,00:00,,,48.500,0.000,48.500,181.920,181.420,133.420,48.000,UNK - Unknown,Unknown,Department of Water Resources,Voluntary,10,20,2010
Glenn_01.01.2003-06.21.2013.csv,Glenn,39.6869,-122.103,W001,2013-09-18 13:29:54,396869N1221030W001,21N02W09M002M,4/6/2011,00:00,,,37.000,0.000,37.000,181.920,181.420,144.920,36.500,UNK - Unknown,Unknown,Department of Water Resources,Voluntary,4,6,2011
Glenn_01.01.2003-06.21.2013.csv,Glenn,39.6869,-122.103,W001,2013-09-18 13:29:54,396869N1221030W001,21N02W09M002M,8/3/2011,00:00,1 - Pumping,,NULL,NULL,NULL,181.920,181.420,NULL,NULL,,,Department of Water Resources,Voluntary,8,3,2011
Glenn_01.01.2003-06.21.2013.csv,Glenn,39.6869,-122.103,W001,2013-09-18 13:29:54,396869N1221030W001,21N02W09M002M,10/12/2011,00:00,,,47.600,0.000,47.600,181.920,181.420,134.320,47.100,UNK - Unknown,Unknown,Department of Water Resources,Voluntary,10,12,2011
Glenn_01.01.2003-06.21.2013.csv,Glenn,39.6869,-122.103,W001,2013-09-18 13:29:54,396869N1221030W001,21N02W09M002M,3/19/2013,00:00,,,45.000,3.900,41.100,181.920,181.420,140.820,40.600,ST - Steel tape measurement,0.1 Ft,Department of Water Resources,Voluntary,3,19,2013
Glenn_01.01.2003-06.21.2013.csv,Glenn,39.6887,-122.193,W001,2013-09-18 13:29:54,396887N1221930W001,,10/15/2012,00:00,,,50.000,4.100,45.900,222.450,221.950,176.550,45.400,ST - Steel tape measurement,0.1 Ft,Bureau of Reclamation,Voluntary,10,15,2012
Glenn_01.01.2003-06.21.2013.csv,Glenn,39.6887,-122.193,W001,2013-09-18 13:29:54,396887N1221930W001,,4/15/2013,00:00,1 - Pumping,,NULL,NULL,NULL,222.450,221.950,NULL,NULL,,,Bureau of Reclamation,Voluntary,4,15,2013
Glenn_01.01.2003-06.21.2013.csv,Glenn,39.6887,-122.193,W001,2013-09-18 13:29:54,396887N1221930W001,,4/7/2003,00:00,,,31.700,0.000,31.700,222.450,221.950,190.750,31.200,UNK - Unknown,Unknown,Department of Water Resources,Voluntary,4,7,2003
Glenn_01.01.2003-06.21.2013.csv,Glenn,39.6887,-122.193,W001,2013-09-18 13:29:54,396887N1221930W001,,10/14/2003,00:00,,,34.900,0.000,34.900,222.450,221.950,187.550,34.400,UNK - Unknown,Unknown,Department of Water Resources,Voluntary,10,14,2003
Glenn_01.01.2003-06.21.2013.csv,Glenn,39.6887,-122.193,W001,2013-09-18 13:29:54,396887N1221930W001,,4/1/2004,00:00,,,26.400,0.000,26.400,222.450,221.950,196.050,25.900,UNK - Unknown,Unknown,Department of Water Resources,Voluntary,4,1,2004
Glenn_01.01.2003-06.21.2013.csv,Glenn,39.6887,-122.193,W001,2013-09-18 13:29:54,396887N1221930W001,,11/5/2004,00:00,,,31.900,0.000,31.900,222.450,221.950,190.550,31.400,UNK - Unknown,Unknown,Department of Water Resources,Voluntary,11,5,2004
Glenn_01.01.2003-06.21.2013.csv,Glenn,39.6887,-122.193,W001,2013-09-18 13:29:54,396887N1221930W001,,4/14/2005,00:00,,,28.300,0.000,28.300,222.450,221.950,194.150,27.800,UNK - Unknown,Unknown,Department of Water Resources,Voluntary,4,14,2005
Glenn_01.01.2003-06.21.2013.csv,Glenn,39.6887,-122.193,W001,2013-09-18 13:29:54,396887N1221930W001,,10/18/2005,00:00,,,33.200,0.000,33.200,222.450,221.950,189.250,32.700,UNK - Unknown,Unknown,Department of Water Resources,Voluntary,10,18,2005
Glenn_01.01.2003-06.21.2013.csv,Glenn,39.6887,-122.193,W001,2013-09-18 13:29:54,396887N1221930W001,,3/30/2006,00:00,,,28.000,0.000,28.000,222.450,221.950,194.450,27.500,UNK - Unknown,Unknown,Department of Water Resources,Voluntary,3,30,2006
Glenn_01.01.2003-06.21.2013.csv,Glenn,39.6887,-122.193,W001,2013-09-18 13:29:54,396887N1221930W001,,3/28/2007,00:00,1 - Pumping,,NULL,NULL,NULL,222.450,221.950,NULL,NULL,,,Bureau of Reclamation,Voluntary,PUMPING3,28,2007
Glenn_01.01.2003-06.21.2013.csv,Glenn,39.6887,-122.193,W001,2013-09-18 13:29:54,396887N1221930W001,,10/17/2006,00:00,,,30.100,0.000,30.100,222.450,221.950,192.350,29.600,UNK - Unknown,Unknown,Bureau of Reclamation,Voluntary,10,17,2006
Glenn_01.01.2003-06.21.2013.csv,Glenn,39.6887,-122.193,W001,2013-09-18 13:29:54,396887N1221930W001,,10/23/2007,00:00,,,39.600,0.000,39.600,222.450,221.950,182.850,39.100,UNK - Unknown,Unknown,Bureau of Reclamation,Voluntary,2X CHECKED10,23,2007
Glenn_01.01.2003-06.21.2013.csv,Glenn,39.6887,-122.193,W001,2013-09-18 13:29:54,396887N1221930W001,,3/14/2008,00:00,1 - Pumping,,NULL,NULL,NULL,222.450,221.950,NULL,NULL,,,Bureau of Reclamation,Voluntary,PUMPING3,14,2008
Glenn_01.01.2003-06.21.2013.csv,Glenn,39.6887,-122.193,W001,2013-09-18 13:29:54,396887N1221930W001,,9/30/2008,00:00,,,47.800,0.000,47.800,222.450,221.950,174.650,47.300,UNK - Unknown,Unknown,Bureau of Reclamation,Voluntary,NEW MOTOR9,30,2008
Glenn_01.01.2003-06.21.2013.csv,Glenn,39.6887,-122.193,W001,2013-09-18 13:29:54,396887N1221930W001,,3/23/2009,00:00,,,38.100,0.000,38.100,222.450,221.950,184.350,37.600,UNK - Unknown,Unknown,Bureau of Reclamation,Voluntary,3,23,2009
Glenn_01.01.2003-06.21.2013.csv,Glenn,39.6887,-122.193,W001,2013-09-18 13:29:54,396887N1221930W001,,10/20/2009,00:00,,,47.000,0.000,47.000,222.450,221.950,175.450,46.500,UNK - Unknown,Unknown,Bureau of Reclamation,Voluntary,10,20,2009
Glenn_01.01.2003-06.21.2013.csv,Glenn,39.6887,-122.193,W001,2013-09-18 13:29:54,396887N1221930W001,,4/8/2010,00:00,1 - Pumping,,NULL,NULL,NULL,222.450,221.950,NULL,NULL,,,Bureau of Reclamation,Voluntary,PUMPING4,8,2010
Glenn_01.01.2003-06.21.2013.csv,Glenn,39.6887,-122.193,W001,2013-09-18 13:29:54,396887N1221930W001,,10/18/2010,00:00,,,39.200,0.000,39.200,222.450,221.950,183.250,38.700,UNK - Unknown,Unknown,Bureau of Reclamation,Voluntary,10,18,2010
Glenn_01.01.2003-06.21.2013.csv,Glenn,39.6887,-122.193,W001,2013-09-18 13:29:54,396887N1221930W001,,4/4/2011,00:00,,,35.000,0.000,35.000,222.450,221.950,187.450,34.500,UNK - Unknown,Unknown,Bureau of Reclamation,Voluntary,4,4,2011
Glenn_01.01.2003-06.21.2013.csv,Glenn,39.6887,-122.193,W001,2013-09-18 13:29:54,396887N1221930W001,,10/11/2011,00:00,,,38.500,0.000,38.500,222.450,221.950,183.950,38.000,UNK - Unknown,Unknown,Bureau of Reclamation,Voluntary,10,11,2011
Glenn_01.01.2003-06.21.2013.csv,Glenn,39.6887,-122.193,W001,2013-09-18 13:29:54,396887N1221930W001,,3/26/2012,00:00,,,40.600,0.000,40.600,222.450,221.950,181.850,40.100,UNK - Unknown,Unknown,Bureau of Reclamation,Voluntary,3,26,2012
Glenn_01.01.2003-06.21.2013.csv,Glenn,39.691,-122.1638,W001,2013-09-18 13:29:54,396910N1221638W001,21N03W11G001M,10/12/2011,00:00,,,37.000,0.000,37.000,202.740,202.440,165.740,36.700,ST - Steel tape measurement,0.1 Ft,Department of Water Resources,Voluntary,10,12,2011
Glenn_01.01.2003-06.21.2013.csv,Glenn,39.691,-122.1638,W001,2013-09-18 13:29:54,396910N1221638W001,21N03W11G001M,3/29/2012,00:00,,,40.000,3.900,36.100,202.740,202.440,166.640,35.800,ST - Steel tape measurement,0.1 Ft,Department of Water Resources,Voluntary,3,29,2012
Glenn_01.01.2003-06.21.2013.csv,Glenn,39.691,-122.1638,W001,2013-09-18 13:29:54,396910N1221638W001,21N03W11G001M,8/2/2012,00:00,,,43.450,0.000,43.450,202.740,202.440,159.290,43.150,ES - Electric sounder measurement,0.01 Ft,Department of Water Resources,Voluntary,8,2,2012
Glenn_01.01.2003-06.21.2013.csv,Glenn,39.691,-122.1638,W001,2013-09-18 13:29:54,396910N1221638W001,21N03W11G001M,10/17/2012,00:00,,,42.880,0.000,42.880,202.740,202.440,159.860,42.580,ES - Electric sounder measurement,0.01 Ft,Department of Water Resources,Voluntary,10,17,2012
Glenn_01.01.2003-06.21.2013.csv,Glenn,39.691,-122.1638,W001,2013-09-18 13:29:54,396910N1221638W001,21N03W11G001M,3/21/2013,00:00,,,36.120,0.000,36.120,202.740,202.440,166.620,35.820,ES - Electric sounder measurement,0.01 Ft,Department of Water Resources,Voluntary,3,21,2013
Glenn_01.01.2003-06.21.2013.csv,Glenn,39.6916,-122.0737,W001,2013-09-18 13:29:54,396916N1220737W001,21N02W10B001M,10/12/2011,00:00,9 - Temporarily inaccessible,,NULL,NULL,NULL,166.410,163.410,NULL,NULL,,,Department of Water Resources,Voluntary,10,12,2011
Glenn_01.01.2003-06.21.2013.csv,Glenn,39.6916,-122.0737,W001,2013-09-18 13:29:54,396916N1220737W001,21N02W10B001M,3/29/2012,00:00,9 - Temporarily inaccessible,,NULL,NULL,NULL,166.410,163.410,NULL,NULL,,,Department of Water Resources,Voluntary,3,29,2012
Glenn_01.01.2003-06.21.2013.csv,Glenn,39.6916,-122.0737,W001,2013-09-18 13:29:54,396916N1220737W001,21N02W10B001M,8/2/2012,00:00,9 - Temporarily inaccessible,,NULL,NULL,NULL,166.410,163.410,NULL,NULL,,,Department of Water Resources,Voluntary,8,2,2012
Glenn_01.01.2003-06.21.2013.csv,Glenn,39.6916,-122.0737,W001,2013-09-18 13:29:54,396916N1220737W001,21N02W10B001M,10/18/2012,00:00,9 - Temporarily inaccessible,,NULL,NULL,NULL,166.410,163.410,NULL,NULL,,,Department of Water Resources,Voluntary,10,18,2012
Glenn_01.01.2003-06.21.2013.csv,Glenn,39.6916,-122.0737,W001,2013-09-18 13:29:54,396916N1220737W001,21N02W10B001M,3/21/2013,00:00,9 - Temporarily inaccessible,,NULL,NULL,NULL,166.410,163.410,NULL,NULL,,,Department of Water Resources,Voluntary,3,21,2013
Glenn_01.01.2003-06.21.2013.csv,Glenn,39.6951,-122.0536,W001,2013-09-18 13:29:54,396951N1220536W001,21N02W02K001M,10/11/2011,00:00,0 - Measurement Discontinued,,NULL,NULL,NULL,162.905,162.305,NULL,NULL,,,Department of Water Resources,Voluntary,10,11,2011
Glenn_01.01.2003-06.21.2013.csv,Glenn,39.6951,-122.0536,W001,2013-09-18 13:29:54,396951N1220536W001,21N02W02K001M,3/29/2012,00:00,,,30.100,0.000,30.100,162.905,162.305,132.805,29.500,ES - Electric sounder measurement,0.01 Ft,Department of Water Resources,Voluntary,3,29,2012
Glenn_01.01.2003-06.21.2013.csv,Glenn,39.6951,-122.0536,W001,2013-09-18 13:29:54,396951N1220536W001,21N02W02K001M,8/2/2012,00:00,6 - Well has been destroyed,,NULL,NULL,NULL,162.905,162.305,NULL,NULL,,,Department of Water Resources,Voluntary,8,2,2012
Glenn_01.01.2003-06.21.2013.csv,Glenn,39.6951,-122.0536,W001,2013-09-18 13:29:54,396951N1220536W001,21N02W02K001M,10/18/2012,00:00,1 - Pumping,,NULL,NULL,NULL,162.905,162.305,NULL,NULL,,,Department of Water Resources,Voluntary,10,18,2012
Glenn_01.01.2003-06.21.2013.csv,Glenn,39.6951,-122.0536,W001,2013-09-18 13:29:54,396951N1220536W001,21N02W02K001M,3/21/2013,00:00,6 - Well has been destroyed,,NULL,NULL,NULL,162.905,162.305,NULL,NULL,,,Department of Water Resources,Voluntary,3,21,2013
Glenn_01.01.2003-06.21.2013.csv,Glenn,39.6951,-122.0536,W001,2013-09-18 13:29:54,396951N1220536W001,21N02W02K001M,3/13/2003,00:00,,,21.500,0.000,21.500,162.905,162.305,141.405,20.900,UNK - Unknown,Unknown,Department of Water Resources,Voluntary,3,13,2003
Glenn_01.01.2003-06.21.2013.csv,Glenn,39.6951,-122.0536,W001,2013-09-18 13:29:54,396951N1220536W001,21N02W02K001M,4/8/2003,00:00,,,24.400,0.000,24.400,162.905,162.305,138.505,23.800,UNK - Unknown,Unknown,Department of Water Resources,Voluntary,4,8,2003
Glenn_01.01.2003-06.21.2013.csv,Glenn,39.6951,-122.0536,W001,2013-09-18 13:29:54,396951N1220536W001,21N02W02K001M,5/20/2003,00:00,,1 - Pumping,30.500,0.000,30.500,162.905,162.305,132.405,29.900,UNK - Unknown,Unknown,Department of Water Resources,Voluntary,5,20,2003
Glenn_01.01.2003-06.21.2013.csv,Glenn,39.6951,-122.0536,W001,2013-09-18 13:29:54,396951N1220536W001,21N02W02K001M,6/20/2003,00:00,,1 - Pumping,31.100,0.000,31.100,162.905,162.305,131.805,30.500,UNK - Unknown,Unknown,Department of Water Resources,Voluntary,6,20,2003
Glenn_01.01.2003-06.21.2013.csv,Glenn,39.6951,-122.0536,W001,2013-09-18 13:29:54,396951N1220536W001,21N02W02K001M,7/11/2003,00:00,1 - Pumping,,NULL,NULL,NULL,162.905,162.305,NULL,NULL,,,Department of Water Resources,Voluntary,7,11,2003
Glenn_01.01.2003-06.21.2013.csv,Glenn,39.6951,-122.0536,W001,2013-09-18 13:29:54,396951N1220536W001,21N02W02K001M,7/18/2003,00:00,,,37.500,0.000,37.500,162.905,162.305,125.405,36.900,UNK - Unknown,Unknown,Department of Water Resources,Voluntary,7,18,2003
Glenn_01.01.2003-06.21.2013.csv,Glenn,39.6951,-122.0536,W001,2013-09-18 13:29:54,396951N1220536W001,21N02W02K001M,7/24/2003,00:00,,1 - Pumping,31.800,0.000,31.800,162.905,162.305,131.105,31.200,UNK - Unknown,Unknown,Department of Water Resources,Voluntary,7,24,2003
Glenn_01.01.2003-06.21.2013.csv,Glenn,39.6951,-122.0536,W001,2013-09-18 13:29:54,396951N1220536W001,21N02W02K001M,7/31/2003,00:00,,3 - Casing leaking or wet,39.300,0.000,39.300,162.905,162.305,123.605,38.700,UNK - Unknown,Unknown,Department of Water Resources,Voluntary,7,31,2003
Glenn_01.01.2003-06.21.2013.csv,Glenn,39.6951,-122.0536,W001,2013-09-18 13:29:54,396951N1220536W001,21N02W02K001M,7/30/2003,00:00,,,31.200,0.000,31.200,162.905,162.305,131.705,30.600,UNK - Unknown,Unknown,Department of Water Resources,Voluntary,7,30,2003
Glenn_01.01.2003-06.21.2013.csv,Glenn,39.6951,-122.0536,W001,2013-09-18 13:29:54,396951N1220536W001,21N02W02K001M,8/28/2003,00:00,,,31.400,0.000,31.400,162.905,162.305,131.505,30.800,UNK - Unknown,Unknown,Department of Water Resources,Voluntary,8,28,2003
Glenn_01.01.2003-06.21.2013.csv,Glenn,39.6951,-122.0536,W001,2013-09-18 13:29:54,396951N1220536W001,21N02W02K001M,8/7/2003,00:00,,,32.600,0.000,32.600,162.905,162.305,130.305,32.000,UNK - Unknown,Unknown,Department of Water Resources,Voluntary,8,7,2003
Glenn_01.01.2003-06.21.2013.csv,Glenn,39.6951,-122.0536,W001,2013-09-18 13:29:54,396951N1220536W001,21N02W02K001M,8/14/2003,00:00,,1 - Pumping,32.600,0.000,32.600,162.905,162.305,130.305,32.000,UNK - Unknown,Unknown,Department of Water Resources,Voluntary,8,14,2003
Glenn_01.01.2003-06.21.2013.csv,Glenn,39.6951,-122.0536,W001,2013-09-18 13:29:54,396951N1220536W001,21N02W02K001M,8/21/2003,00:00,,1 - Pumping,33.300,0.000,33.300,162.905,162.305,129.605,32.700,UNK - Unknown,Unknown,Department of Water Resources,Voluntary,8,21,2003
Glenn_01.01.2003-06.21.2013.csv,Glenn,39.6951,-122.0536,W001,2013-09-18 13:29:54,396951N1220536W001,21N02W02K001M,9/4/2003,00:00,,,34.100,0.000,34.100,162.905,162.305,128.805,33.500,UNK - Unknown,Unknown,Department of Water Resources,Voluntary,9,4,2003
Glenn_01.01.2003-06.21.2013.csv,Glenn,39.6951,-122.0536,W001,2013-09-18 13:29:54,396951N1220536W001,21N02W02K001M,9/18/2003,00:00,,1 - Pumping,37.200,0.000,37.200,162.905,162.305,125.705,36.600,UNK - Unknown,Unknown,Department of Water Resources,Voluntary,9,18,2003
Glenn_01.01.2003-06.21.2013.csv,Glenn,39.6951,-122.0536,W001,2013-09-18 13:29:54,396951N1220536W001,21N02W02K001M,9/25/2003,00:00,,1 - Pumping,34.000,0.000,34.000,162.905,162.305,128.905,33.400,UNK - Unknown,Unknown,Department of Water Resources,Voluntary,9,25,2003
Glenn_01.01.2003-06.21.2013.csv,Glenn,39.6951,-122.0536,W001,2013-09-18 13:29:54,396951N1220536W001,21N02W02K001M,10/2/2003,00:00,,1 - Pumping,33.700,0.000,33.700,162.905,162.305,129.205,33.100,UNK - Unknown,Unknown,Department of Water Resources,Voluntary,10,2,2003
Glenn_01.01.2003-06.21.2013.csv,Glenn,39.6951,-122.0536,W001,2013-09-18 13:29:54,396951N1220536W001,21N02W02K001M,10/15/2003,00:00,,,29.900,0.000,29.900,162.905,162.305,133.005,29.300,UNK - Unknown,Unknown,Department of Water Resources,Voluntary,10,15,2003
Glenn_01.01.2003-06.21.2013.csv,Glenn,39.6951,-122.0536,W001,2013-09-18 13:29:54,396951N1220536W001,21N02W02K001M,10/9/2003,00:00,,,30.200,0.000,30.200,162.905,162.305,132.705,29.600,UNK - Unknown,Unknown,Department of Water Resources,Voluntary,10,9,2003
Glenn_01.01.2003-06.21.2013.csv,Glenn,39.6951,-122.0536,W001,2013-09-18 13:29:54,396951N1220536W001,21N02W02K001M,10/23/2003,00:00,,,29.900,0.000,29.900,162.905,162.305,133.005,29.300,UNK - Unknown,Unknown,Department of Water Resources,Voluntary,10,23,2003
Glenn_01.01.2003-06.21.2013.csv,Glenn,39.6951,-122.0536,W001,2013-09-18 13:29:54,396951N1220536W001,21N02W02K001M,10/30/2003,00:00,,,33.400,0.000,33.400,162.905,162.305,129.505,32.800,UNK - Unknown,Unknown,Department of Water Resources,Voluntary,10,30,2003
Glenn_01.01.2003-06.21.2013.csv,Glenn,39.6951,-122.0536,W001,2013-09-18 13:29:54,396951N1220536W001,21N02W02K001M,11/17/2003,00:00,,,27.000,0.000,27.000,162.905,162.305,135.905,26.400,UNK - Unknown,Unknown,Department of Water Resources,Voluntary,11,17,2003
Glenn_01.01.2003-06.21.2013.csv,Glenn,39.6951,-122.0536,W001,2013-09-18 13:29:54,396951N1220536W001,21N02W02K001M,11/6/2003,00:00,,,27.300,0.000,27.300,162.905,162.305,135.605,26.700,UNK - Unknown,Unknown,Department of Water Resources,Voluntary,11,6,2003
Glenn_01.01.2003-06.21.2013.csv,Glenn,39.6951,-122.0536,W001,2013-09-18 13:29:54,396951N1220536W001,21N02W02K001M,11/13/2003,00:00,,,27.100,0.000,27.100,162.905,162.305,135.805,26.500,UNK - Unknown,Unknown,Department of Water Resources,Voluntary,11,13,2003
Glenn_01.01.2003-06.21.2013.csv,Glenn,39.6951,-122.0536,W001,2013-09-18 13:29:54,396951N1220536W001,21N02W02K001M,3/31/2004,00:00,,,21.500,0.000,21.500,162.905,162.305,141.405,20.900,UNK - Unknown,Unknown,Department of Water Resources,Voluntary,3,31,2004
Glenn_01.01.2003-06.21.2013.csv,Glenn,39.6951,-122.0536,W001,2013-09-18 13:29:54,396951N1220536W001,21N02W02K001M,4/27/2004,00:00,,1 - Pumping,33.800,0.000,33.800,162.905,162.305,129.105,33.200,UNK - Unknown,Unknown,Department of Water Resources,Voluntary,4,27,2004
Glenn_01.01.2003-06.21.2013.csv,Glenn,39.6951,-122.0536,W001,2013-09-18 13:29:54,396951N1220536W001,21N02W02K001M,5/21/2004,00:00,,2 - Nearby pump operating,33.800,0.000,33.800,162.905,162.305,129.105,33.200,UNK - Unknown,Unknown,Department of Water Resources,Voluntary,5,21,2004
Glenn_01.01.2003-06.21.2013.csv,Glenn,39.6951,-122.0536,W001,2013-09-18 13:29:54,396951N1220536W001,21N02W02K001M,6/22/2004,00:00,,1 - Pumping,34.600,0.000,34.600,162.905,162.305,128.305,34.000,UNK - Unknown,Unknown,Department of Water Resources,Voluntary,6,22,2004
Glenn_01.01.2003-06.21.2013.csv,Glenn,39.6951,-122.0536,W001,2013-09-18 13:29:54,396951N1220536W001,21N02W02K001M,7/28/2004,00:00,,1 - Pumping,53.600,0.000,53.600,162.905,162.305,109.305,53.000,UNK - Unknown,Unknown,Department of Water Resources,Voluntary,LEAKY CASING7,28,2004
Glenn_01.01.2003-06.21.2013.csv,Glenn,39.6951,-122.0536,W001,2013-09-18 13:29:54,396951N1220536W001,21N02W02K001M,8/25/2004,00:00,,1 - Pumping,52.000,0.000,52.000,162.905,162.305,110.905,51.400,UNK - Unknown,Unknown,Department of Water Resources,Voluntary,LEAKY CASING8,25,2004
Glenn_01.01.2003-06.21.2013.csv,Glenn,39.6951,-122.0536,W001,2013-09-18 13:29:54,396951N1220536W001,21N02W02K001M,9/22/2004,00:00,,1 - Pumping,48.900,0.000,48.900,162.905,162.305,114.005,48.300,UNK - Unknown,Unknown,Department of Water Resources,Voluntary,CASING LEAKY9,22,2004
Glenn_01.01.2003-06.21.2013.csv,Glenn,39.6951,-122.0536,W001,2013-09-18 13:29:54,396951N1220536W001,21N02W02K001M,10/20/2004,00:00,,1 - Pumping,45.400,0.000,45.400,162.905,162.305,117.505,44.800,UNK - Unknown,Unknown,Department of Water Resources,Voluntary,LEAKY CASING10,20,2004
Glenn_01.01.2003-06.21.2013.csv,Glenn,39.6951,-122.0536,W001,2013-09-18 13:29:54,396951N1220536W001,21N02W02K001M,11/16/2004,00:00,,,26.100,0.000,26.100,162.905,162.305,136.805,25.500,UNK - Unknown,Unknown,Department of Water Resources,Voluntary,NEW RP11,16,2004
Glenn_01.01.2003-06.21.2013.csv,Glenn,39.6951,-122.0536,W001,2013-09-18 13:29:54,396951N1220536W001,21N02W02K001M,3/29/2005,00:00,,,17.800,0.000,17.800,162.905,162.305,145.105,17.200,UNK - Unknown,Unknown,Department of Water Resources,Voluntary,3,29,2005
Glenn_01.01.2003-06.21.2013.csv,Glenn,39.6951,-122.0536,W001,2013-09-18 13:29:54,396951N1220536W001,21N02W02K001M,4/29/2005,00:00,,,24.900,0.000,24.900,162.905,162.305,138.005,24.300,UNK - Unknown,Unknown,Department of Water Resources,Voluntary,4,29,2005
Glenn_01.01.2003-06.21.2013.csv,Glenn,39.6951,-122.0536,W001,2013-09-18 13:29:54,396951N1220536W001,21N02W02K001M,5/26/2005,00:00,,,27.900,0.000,27.900,162.905,162.305,135.005,27.300,UNK - Unknown,Unknown,Department of Water Resources,Voluntary,5,26,2005
Glenn_01.01.2003-06.21.2013.csv,Glenn,39.6951,-122.0536,W001,2013-09-18 13:29:54,396951N1220536W001,21N02W02K001M,6/23/2005,00:00,7 - Special/Other,,NULL,NULL,NULL,162.905,162.305,NULL,NULL,,,Department of Water Resources,Voluntary,6,23,2005
Glenn_01.01.2003-06.21.2013.csv,Glenn,39.6951,-122.0536,W001,2013-09-18 13:29:54,396951N1220536W001,21N02W02K001M,7/29/2005,00:00,,3 - Casing leaking or wet,33.600,0.000,33.600,162.905,162.305,129.305,33.000,UNK - Unknown,Unknown,Department of Water Resources,Voluntary,7,29,2005
Glenn_01.01.2003-06.21.2013.csv,Glenn,39.6951,-122.0536,W001,2013-09-18 13:29:54,396951N1220536W001,21N02W02K001M,8/25/2005,00:00,,,34.000,0.000,34.000,162.905,162.305,128.905,33.400,UNK - Unknown,Unknown,Department of Water Resources,Voluntary,8,25,2005
Glenn_01.01.2003-06.21.2013.csv,Glenn,39.6951,-122.0536,W001,2013-09-18 13:29:54,396951N1220536W001,21N02W02K001M,9/29/2005,00:00,,,34.000,0.000,34.000,162.905,162.305,128.905,33.400,UNK - Unknown,Unknown,Department of Water Resources,Voluntary,9,29,2005
Glenn_01.01.2003-06.21.2013.csv,Glenn,39.6951,-122.0536,W001,2013-09-18 13:29:54,396951N1220536W001,21N02W02K001M,10/20/2005,00:00,,,33.500,0.000,33.500,162.905,162.305,129.405,32.900,UNK - Unknown,Unknown,Department of Water Resources,Voluntary,10,20,2005
Glenn_01.01.2003-06.21.2013.csv,Glenn,39.6951,-122.0536,W001,2013-09-18 13:29:54,396951N1220536W001,21N02W02K001M,3/29/2006,00:00,7 - Special/Other,,NULL,NULL,NULL,162.905,162.305,NULL,NULL,,,Department of Water Resources,Voluntary,3,29,2006
Glenn_01.01.2003-06.21.2013.csv,Glenn,39.6951,-122.0536,W001,2013-09-18 13:29:54,396951N1220536W001,21N02W02K001M,5/18/2006,00:00,,,34.000,0.000,34.000,162.905,162.305,128.905,33.400,UNK - Unknown,Unknown,Department of Water Resources,Voluntary,5,18,2006
Glenn_01.01.2003-06.21.2013.csv,Glenn,39.6951,-122.0536,W001,2013-09-18 13:29:54,396951N1220536W001,21N02W02K001M,8/3/2006,00:00,,,33.000,0.000,33.000,162.905,162.305,129.905,32.400,UNK - Unknown,Unknown,Department of Water Resources,Voluntary,8,3,2006
Glenn_01.01.2003-06.21.2013.csv,Glenn,39.6951,-122.0536,W001,2013-09-18 13:29:54,396951N1220536W001,21N02W02K001M,10/11/2006,00:00,,,34.000,0.000,34.000,162.905,162.305,128.905,33.400,UNK - Unknown,Unknown,Department of Water Resources,Voluntary,10,11,2006
Glenn_01.01.2003-06.21.2013.csv,Glenn,39.6951,-122.0536,W001,2013-09-18 13:29:54,396951N1220536W001,21N02W02K001M,3/20/2007,00:00,,,30.300,0.000,30.300,162.905,162.305,132.605,29.700,UNK - Unknown,Unknown,Department of Water Resources,Voluntary,3,20,2007
Glenn_01.01.2003-06.21.2013.csv,Glenn,39.6951,-122.0536,W001,2013-09-18 13:29:54,396951N1220536W001,21N02W02K001M,8/8/2007,00:00,,,50.000,0.000,50.000,162.905,162.305,112.905,49.400,UNK - Unknown,Unknown,Department of Water Resources,Voluntary,8,8,2007
Glenn_01.01.2003-06.21.2013.csv,Glenn,39.6951,-122.0536,W001,2013-09-18 13:29:54,396951N1220536W001,21N02W02K001M,10/17/2007,00:00,,,37.000,0.000,37.000,162.905,162.305,125.905,36.400,UNK - Unknown,Unknown,Department of Water Resources,Voluntary,10,17,2007
Glenn_01.01.2003-06.21.2013.csv,Glenn,39.6951,-122.0536,W001,2013-09-18 13:29:54,396951N1220536W001,21N02W02K001M,3/11/2008,00:00,,,28.600,0.000,28.600,162.905,162.305,134.305,28.000,UNK - Unknown,Unknown,Department of Water Resources,Voluntary,3,11,2008
Glenn_01.01.2003-06.21.2013.csv,Glenn,39.6951,-122.0536,W001,2013-09-18 13:29:54,396951N1220536W001,21N02W02K001M,8/4/2008,00:00,,,57.900,0.000,57.900,162.905,162.305,105.005,57.300,UNK - Unknown,Unknown,Department of Water Resources,Voluntary,8,4,2008
Glenn_01.01.2003-06.21.2013.csv,Glenn,39.6951,-122.0536,W001,2013-09-18 13:29:54,396951N1220536W001,21N02W02K001M,10/20/2008,00:00,,,42.500,0.000,42.500,162.905,162.305,120.405,41.900,UNK - Unknown,Unknown,Department of Water Resources,Voluntary,10,20,2008
Glenn_01.01.2003-06.21.2013.csv,Glenn,39.6951,-122.0536,W001,2013-09-18 13:29:54,396951N1220536W001,21N02W02K001M,1/13/2009,00:00,,,38.900,0.000,38.900,162.905,162.305,124.005,38.300,UNK - Unknown,Unknown,Department of Water Resources,Voluntary,1,13,2009
Glenn_01.01.2003-06.21.2013.csv,Glenn,39.6951,-122.0536,W001,2013-09-18 13:29:54,396951N1220536W001,21N02W02K001M,3/25/2009,00:00,,,31.700,0.000,31.700,162.905,162.305,131.205,31.100,UNK - Unknown,Unknown,Department of Water Resources,Voluntary,3,25,2009
Glenn_01.01.2003-06.21.2013.csv,Glenn,39.6951,-122.0536,W001,2013-09-18 13:29:54,396951N1220536W001,21N02W02K001M,5/15/2009,00:00,,,34.000,0.000,34.000,162.905,162.305,128.905,33.400,UNK - Unknown,Unknown,Department of Water Resources,Voluntary,5,15,2009
Glenn_01.01.2003-06.21.2013.csv,Glenn,39.6951,-122.0536,W001,2013-09-18 13:29:54,396951N1220536W001,21N02W02K001M,6/24/2009,00:00,,,49.700,0.000,49.700,162.905,162.305,113.205,49.100,UNK - Unknown,Unknown,Department of Water Resources,Voluntary,6,24,2009
Glenn_01.01.2003-06.21.2013.csv,Glenn,39.6951,-122.0536,W001,2013-09-18 13:29:54,396951N1220536W001,21N02W02K001M,8/6/2009,00:00,,,52.800,0.000,52.800,162.905,162.305,110.105,52.200,UNK - Unknown,Unknown,Department of Water Resources,Voluntary,8,6,2009
Glenn_01.01.2003-06.21.2013.csv,Glenn,39.6951,-122.0536,W001,2013-09-18 13:29:54,396951N1220536W001,21N02W02K001M,9/16/2009,00:00,,,48.000,0.000,48.000,162.905,162.305,114.905,47.400,UNK - Unknown,Unknown,Department of Water Resources,Voluntary,9,16,2009
Glenn_01.01.2003-06.21.2013.csv,Glenn,39.6951,-122.0536,W001,2013-09-18 13:29:54,396951N1220536W001,21N02W02K001M,10/23/2009,00:00,,8 - Oil or foreign substance in casing,42.700,0.000,42.700,162.905,162.305,120.205,42.100,UNK - Unknown,Unknown,Department of Water Resources,Voluntary,10,23,2009
Glenn_01.01.2003-06.21.2013.csv,Glenn,39.6951,-122.0536,W001,2013-09-18 13:29:54,396951N1220536W001,21N02W02K001M,3/25/2010,00:00,6 - Well has been destroyed,,NULL,NULL,NULL,162.905,162.305,NULL,NULL,,,Department of Water Resources,Voluntary,3,25,2010
Glenn_01.01.2003-06.21.2013.csv,Glenn,39.6951,-122.0536,W001,2013-09-18 13:29:54,396951N1220536W001,21N02W02K001M,8/2/2010,00:00,6 - Well has been destroyed,,NULL,NULL,NULL,162.905,162.305,NULL,NULL,,,Department of Water Resources,Voluntary,8,2,2010
Glenn_01.01.2003-06.21.2013.csv,Glenn,39.6951,-122.0536,W001,2013-09-18 13:29:54,396951N1220536W001,21N02W02K001M,10/20/2010,00:00,,,37.840,0.000,37.840,162.905,162.305,125.065,37.240,UNK - Unknown,Unknown,Department of Water Resources,Voluntary,10,20,2010
Glenn_01.01.2003-06.21.2013.csv,Glenn,39.6951,-122.0536,W001,2013-09-18 13:29:54,396951N1220536W001,21N02W02K001M,4/5/2011,00:00,,,25.320,0.000,25.320,162.905,162.305,137.585,24.720,UNK - Unknown,Unknown,Department of Water Resources,Voluntary,4,5,2011
Glenn_01.01.2003-06.21.2013.csv,Glenn,39.6951,-122.0536,W001,2013-09-18 13:29:54,396951N1220536W001,21N02W02K001M,8/3/2011,00:00,,,47.400,0.000,47.400,162.905,162.305,115.505,46.800,UNK - Unknown,Unknown,Department of Water Resources,Voluntary,8,3,2011
Glenn_01.01.2003-06.21.2013.csv,Glenn,39.6951,-122.0536,W001,2013-09-18 13:29:54,396951N1220536W001,21N02W02K001M,10/11/2011,00:00,0 - Measurement Discontinued,,NULL,NULL,NULL,162.905,162.305,NULL,NULL,,,Department of Water Resources,Voluntary,10,11,2011
Glenn_01.01.2003-06.21.2013.csv,Glenn,39.6962,-122.1525,W001,2013-09-18 13:29:54,396962N1221525W001,21N03W12C002M,10/12/2011,00:00,,,37.000,0.000,37.000,206.440,204.440,169.440,35.000,ST - Steel tape measurement,0.1 Ft,Department of Water Resources,Voluntary,10,12,2011
Glenn_01.01.2003-06.21.2013.csv,Glenn,39.6962,-122.1525,W001,2013-09-18 13:29:54,396962N1221525W001,21N03W12C002M,3/29/2012,00:00,,,40.000,3.600,36.400,206.440,204.440,170.040,34.400,ST - Steel tape measurement,0.1 Ft,Department of Water Resources,Voluntary,3,29,2012
Glenn_01.01.2003-06.21.2013.csv,Glenn,39.6962,-122.1525,W001,2013-09-18 13:29:54,396962N1221525W001,21N03W12C002M,8/2/2012,00:00,,,50.000,7.100,42.900,206.440,204.440,163.540,40.900,ST - Steel tape measurement,0.1 Ft,Department of Water Resources,Voluntary,8,2,2012
Glenn_01.01.2003-06.21.2013.csv,Glenn,39.6962,-122.1525,W001,2013-09-18 13:29:54,396962N1221525W001,21N03W12C002M,10/17/2012,00:00,,8 - Oil or foreign substance in casing,50.000,6.600,43.400,206.440,204.440,163.040,41.400,ST - Steel tape measurement,0.1 Ft,Department of Water Resources,Voluntary,10,17,2012
Glenn_01.01.2003-06.21.2013.csv,Glenn,39.6962,-122.1525,W001,2013-09-18 13:29:54,396962N1221525W001,21N03W12C002M,3/13/2003,00:00,,,23.900,0.000,23.900,206.440,204.440,182.540,21.900,UNK - Unknown,Unknown,Department of Water Resources,Voluntary,3,13,2003
Glenn_01.01.2003-06.21.2013.csv,Glenn,39.6962,-122.1525,W001,2013-09-18 13:29:54,396962N1221525W001,21N03W12C002M,4/8/2003,00:00,,,24.300,0.000,24.300,206.440,204.440,182.140,22.300,UNK - Unknown,Unknown,Department of Water Resources,Voluntary,4,8,2003
Glenn_01.01.2003-06.21.2013.csv,Glenn,39.6962,-122.1525,W001,2013-09-18 13:29:54,396962N1221525W001,21N03W12C002M,5/20/2003,00:00,,,23.900,0.000,23.900,206.440,204.440,182.540,21.900,UNK - Unknown,Unknown,Department of Water Resources,Voluntary,5,20,2003
Glenn_01.01.2003-06.21.2013.csv,Glenn,39.6962,-122.1525,W001,2013-09-18 13:29:54,396962N1221525W001,21N03W12C002M,6/20/2003,00:00,,,26.400,0.000,26.400,206.440,204.440,180.040,24.400,UNK - Unknown,Unknown,Department of Water Resources,Voluntary,6,20,2003
Glenn_01.01.2003-06.21.2013.csv,Glenn,39.6962,-122.1525,W001,2013-09-18 13:29:54,396962N1221525W001,21N03W12C002M,7/30/2003,00:00,,,30.600,0.000,30.600,206.440,204.440,175.840,28.600,UNK - Unknown,Unknown,Department of Water Resources,Voluntary,7,30,2003
Glenn_01.01.2003-06.21.2013.csv,Glenn,39.6962,-122.1525,W001,2013-09-18 13:29:54,396962N1221525W001,21N03W12C002M,8/28/2003,00:00,,,30.300,0.000,30.300,206.440,204.440,176.140,28.300,UNK - Unknown,Unknown,Department of Water Resources,Voluntary,8,28,2003
Glenn_01.01.2003-06.21.2013.csv,Glenn,39.6962,-122.1525,W001,2013-09-18 13:29:54,396962N1221525W001,21N03W12C002M,9/18/2003,00:00,,,30.900,0.000,30.900,206.440,204.440,175.540,28.900,UNK - Unknown,Unknown,Department of Water Resources,Voluntary,9,18,2003
Glenn_01.01.2003-06.21.2013.csv,Glenn,39.6962,-122.1525,W001,2013-09-18 13:29:54,396962N1221525W001,21N03W12C002M,10/17/2003,00:00,,,31.700,0.000,31.700,206.440,204.440,174.740,29.700,UNK - Unknown,Unknown,Department of Water Resources,Voluntary,10,17,2003
Glenn_01.01.2003-06.21.2013.csv,Glenn,39.6962,-122.1525,W001,2013-09-18 13:29:54,396962N1221525W001,21N03W12C002M,11/17/2003,00:00,,,30.900,0.000,30.900,206.440,204.440,175.540,28.900,UNK - Unknown,Unknown,Department of Water Resources,Voluntary,11,17,2003
Glenn_01.01.2003-06.21.2013.csv,Glenn,39.6962,-122.1525,W001,2013-09-18 13:29:54,396962N1221525W001,21N03W12C002M,3/31/2004,00:00,,,20.100,0.000,20.100,206.440,204.440,186.340,18.100,UNK - Unknown,Unknown,Department of Water Resources,Voluntary,3,31,2004
Glenn_01.01.2003-06.21.2013.csv,Glenn,39.6962,-122.1525,W001,2013-09-18 13:29:54,396962N1221525W001,21N03W12C002M,4/27/2004,00:00,,,21.300,0.000,21.300,206.440,204.440,185.140,19.300,UNK - Unknown,Unknown,Department of Water Resources,Voluntary,4,27,2004
Glenn_01.01.2003-06.21.2013.csv,Glenn,39.6962,-122.1525,W001,2013-09-18 13:29:54,396962N1221525W001,21N03W12C002M,5/21/2004,00:00,,2 - Nearby pump operating,22.000,0.000,22.000,206.440,204.440,184.440,20.000,UNK - Unknown,Unknown,Department of Water Resources,Voluntary,5,21,2004
Glenn_01.01.2003-06.21.2013.csv,Glenn,39.6962,-122.1525,W001,2013-09-18 13:29:54,396962N1221525W001,21N03W12C002M,6/22/2004,00:00,,,22.100,0.000,22.100,206.440,204.440,184.340,20.100,UNK - Unknown,Unknown,Department of Water Resources,Voluntary,6,22,2004
Glenn_01.01.2003-06.21.2013.csv,Glenn,39.6962,-122.1525,W001,2013-09-18 13:29:54,396962N1221525W001,21N03W12C002M,7/28/2004,00:00,,,25.900,0.000,25.900,206.440,204.440,180.540,23.900,UNK - Unknown,Unknown,Department of Water Resources,Voluntary,7,28,2004
Glenn_01.01.2003-06.21.2013.csv,Glenn,39.6962,-122.1525,W001,2013-09-18 13:29:54,396962N1221525W001,21N03W12C002M,8/25/2004,00:00,,1 - Pumping,29.600,0.000,29.600,206.440,204.440,176.840,27.600,UNK - Unknown,Unknown,Department of Water Resources,Voluntary,8,25,2004
Glenn_01.01.2003-06.21.2013.csv,Glenn,39.6962,-122.1525,W001,2013-09-18 13:29:54,396962N1221525W001,21N03W12C002M,9/22/2004,00:00,,,28.600,0.000,28.600,206.440,204.440,177.840,26.600,UNK - Unknown,Unknown,Department of Water Resources,Voluntary,9,22,2004
Glenn_01.01.2003-06.21.2013.csv,Glenn,39.6962,-122.1525,W001,2013-09-18 13:29:54,396962N1221525W001,21N03W12C002M,10/20/2004,00:00,,,29.600,0.000,29.600,206.440,204.440,176.840,27.600,UNK - Unknown,Unknown,Department of Water Resources,Voluntary,10,20,2004
Glenn_01.01.2003-06.21.2013.csv,Glenn,39.6962,-122.1525,W001,2013-09-18 13:29:54,396962N1221525W001,21N03W12C002M,11/16/2004,00:00,,,30.200,0.000,30.200,206.440,204.440,176.240,28.200,UNK - Unknown,Unknown,Department of Water Resources,Voluntary,11,16,2004
Glenn_01.01.2003-06.21.2013.csv,Glenn,39.6962,-122.1525,W001,2013-09-18 13:29:54,396962N1221525W001,21N03W12C002M,3/29/2005,00:00,,,22.300,0.000,22.300,206.440,204.440,184.140,20.300,UNK - Unknown,Unknown,Department of Water Resources,Voluntary,3,29,2005
Glenn_01.01.2003-06.21.2013.csv,Glenn,39.6962,-122.1525,W001,2013-09-18 13:29:54,396962N1221525W001,21N03W12C002M,4/28/2005,00:00,,,22.400,0.000,22.400,206.440,204.440,184.040,20.400,UNK - Unknown,Unknown,Department of Water Resources,Voluntary,4,28,2005
Glenn_01.01.2003-06.21.2013.csv,Glenn,39.6962,-122.1525,W001,2013-09-18 13:29:54,396962N1221525W001,21N03W12C002M,5/26/2005,00:00,,,22.700,0.000,22.700,206.440,204.440,183.740,20.700,UNK - Unknown,Unknown,Department of Water Resources,Voluntary,5,26,2005
Glenn_01.01.2003-06.21.2013.csv,Glenn,39.6962,-122.1525,W001,2013-09-18 13:29:54,396962N1221525W001,21N03W12C002M,6/22/2005,00:00,,,24.000,0.000,24.000,206.440,204.440,182.440,22.000,UNK - Unknown,Unknown,Department of Water Resources,Voluntary,6,22,2005
Glenn_01.01.2003-06.21.2013.csv,Glenn,39.6962,-122.1525,W001,2013-09-18 13:29:54,396962N1221525W001,21N03W12C002M,7/28/2005,00:00,,,27.300,0.000,27.300,206.440,204.440,179.140,25.300,UNK - Unknown,Unknown,Department of Water Resources,Voluntary,7,28,2005
Glenn_01.01.2003-06.21.2013.csv,Glenn,39.6962,-122.1525,W001,2013-09-18 13:29:54,396962N1221525W001,21N03W12C002M,8/25/2005,00:00,,,29.500,0.000,29.500,206.440,204.440,176.940,27.500,UNK - Unknown,Unknown,Department of Water Resources,Voluntary,8,25,2005
Glenn_01.01.2003-06.21.2013.csv,Glenn,39.6962,-122.1525,W001,2013-09-18 13:29:54,396962N1221525W001,21N03W12C002M,9/28/2005,00:00,,,31.000,0.000,31.000,206.440,204.440,175.440,29.000,UNK - Unknown,Unknown,Department of Water Resources,Voluntary,9,28,2005
Glenn_01.01.2003-06.21.2013.csv,Glenn,39.6962,-122.1525,W001,2013-09-18 13:29:54,396962N1221525W001,21N03W12C002M,10/20/2005,00:00,,,31.300,0.000,31.300,206.440,204.440,175.140,29.300,UNK - Unknown,Unknown,Department of Water Resources,Voluntary,10,20,2005
Glenn_01.01.2003-06.21.2013.csv,Glenn,39.6962,-122.1525,W001,2013-09-18 13:29:54,396962N1221525W001,21N03W12C002M,3/29/2006,00:00,,,21.700,0.000,21.700,206.440,204.440,184.740,19.700,UNK - Unknown,Unknown,Department of Water Resources,Voluntary,3,29,2006
Glenn_01.01.2003-06.21.2013.csv,Glenn,39.6962,-122.1525,W001,2013-09-18 13:29:54,396962N1221525W001,21N03W12C002M,5/18/2006,00:00,,,18.900,0.000,18.900,206.440,204.440,187.540,16.900,UNK - Unknown,Unknown,Department of Water Resources,Voluntary,5,18,2006
Glenn_01.01.2003-06.21.2013.csv,Glenn,39.6962,-122.1525,W001,2013-09-18 13:29:54,396962N1221525W001,21N03W12C002M,8/3/2006,00:00,,,23.500,0.000,23.500,206.440,204.440,182.940,21.500,UNK - Unknown,Unknown,Department of Water Resources,Voluntary,8,3,2006
Glenn_01.01.2003-06.21.2013.csv,Glenn,39.6962,-122.1525,W001,2013-09-18 13:29:54,396962N1221525W001,21N03W12C002M,10/11/2006,00:00,,,30.000,0.000,30.000,206.440,204.440,176.440,28.000,UNK - Unknown,Unknown,Department of Water Resources,Voluntary,10,11,2006
Glenn_01.01.2003-06.21.2013.csv,Glenn,39.6962,-122.1525,W001,2013-09-18 13:29:54,396962N1221525W001,21N03W12C002M,3/20/2007,00:00,,,30.150,0.000,30.150,206.440,204.440,176.290,28.150,UNK - Unknown,Unknown,Department of Water Resources,Voluntary,3,20,2007
Glenn_01.01.2003-06.21.2013.csv,Glenn,39.6962,-122.1525,W001,2013-09-18 13:29:54,396962N1221525W001,21N03W12C002M,8/8/2007,00:00,,,41.000,0.000,41.000,206.440,204.440,165.440,39.000,UNK - Unknown,Unknown,Department of Water Resources,Voluntary,8,8,2007
Glenn_01.01.2003-06.21.2013.csv,Glenn,39.6962,-122.1525,W001,2013-09-18 13:29:54,396962N1221525W001,21N03W12C002M,10/19/2007,00:00,,,40.200,0.000,40.200,206.440,204.440,166.240,38.200,UNK - Unknown,Unknown,Department of Water Resources,Voluntary,10,19,2007
Glenn_01.01.2003-06.21.2013.csv,Glenn,39.6962,-122.1525,W001,2013-09-18 13:29:54,396962N1221525W001,21N03W12C002M,3/11/2008,00:00,,,32.900,0.000,32.900,206.440,204.440,173.540,30.900,UNK - Unknown,Unknown,Department of Water Resources,Voluntary,3,11,2008
Glenn_01.01.2003-06.21.2013.csv,Glenn,39.6962,-122.1525,W001,2013-09-18 13:29:54,396962N1221525W001,21N03W12C002M,8/4/2008,00:00,1 - Pumping,,NULL,NULL,NULL,206.440,204.440,NULL,NULL,,,Department of Water Resources,Voluntary,"PUMPING, TAPE HUNG UP"8,4,2008
Glenn_01.01.2003-06.21.2013.csv,Glenn,39.6962,-122.1525,W001,2013-09-18 13:29:54,396962N1221525W001,21N03W12C002M,10/21/2008,00:00,,,46.500,0.000,46.500,206.440,204.440,159.940,44.500,UNK - Unknown,Unknown,Department of Water Resources,Voluntary,10,21,2008
Glenn_01.01.2003-06.21.2013.csv,Glenn,39.6962,-122.1525,W001,2013-09-18 13:29:54,396962N1221525W001,21N03W12C002M,1/13/2009,00:00,,,46.500,0.000,46.500,206.440,204.440,159.940,44.500,UNK - Unknown,Unknown,Department of Water Resources,Voluntary,1,13,2009
Glenn_01.01.2003-06.21.2013.csv,Glenn,39.6962,-122.1525,W001,2013-09-18 13:29:54,396962N1221525W001,21N03W12C002M,3/25/2009,00:00,,,39.400,0.000,39.400,206.440,204.440,167.040,37.400,UNK - Unknown,Unknown,Department of Water Resources,Voluntary,3,25,2009
Glenn_01.01.2003-06.21.2013.csv,Glenn,39.6962,-122.1525,W001,2013-09-18 13:29:54,396962N1221525W001,21N03W12C002M,5/14/2009,00:00,9 - Temporarily inaccessible,,NULL,NULL,NULL,206.440,204.440,NULL,NULL,,,Department of Water Resources,Voluntary,5,14,2009
Glenn_01.01.2003-06.21.2013.csv,Glenn,39.6962,-122.1525,W001,2013-09-18 13:29:54,396962N1221525W001,21N03W12C002M,6/25/2009,00:00,9 - Temporarily inaccessible,,NULL,NULL,NULL,206.440,204.440,NULL,NULL,,,Department of Water Resources,Voluntary,6,25,2009
Glenn_01.01.2003-06.21.2013.csv,Glenn,39.6962,-122.1525,W001,2013-09-18 13:29:54,396962N1221525W001,21N03W12C002M,8/6/2009,00:00,9 - Temporarily inaccessible,,NULL,NULL,NULL,206.440,204.440,NULL,NULL,,,Department of Water Resources,Voluntary,8,6,2009
Glenn_01.01.2003-06.21.2013.csv,Glenn,39.6962,-122.1525,W001,2013-09-18 13:29:54,396962N1221525W001,21N03W12C002M,9/16/2009,00:00,9 - Temporarily inaccessible,,NULL,NULL,NULL,206.440,204.440,NULL,NULL,,,Department of Water Resources,Voluntary,9,16,2009
Glenn_01.01.2003-06.21.2013.csv,Glenn,39.6962,-122.1525,W001,2013-09-18 13:29:54,396962N1221525W001,21N03W12C002M,10/22/2009,00:00,9 - Temporarily inaccessible,,NULL,NULL,NULL,206.440,204.440,NULL,NULL,,,Department of Water Resources,Voluntary,10,22,2009
Glenn_01.01.2003-06.21.2013.csv,Glenn,39.6962,-122.1525,W001,2013-09-18 13:29:54,396962N1221525W001,21N03W12C002M,3/25/2010,00:00,,,36.900,0.000,36.900,206.440,204.440,169.540,34.900,UNK - Unknown,Unknown,Department of Water Resources,Voluntary,3,25,2010
Glenn_01.01.2003-06.21.2013.csv,Glenn,39.6962,-122.1525,W001,2013-09-18 13:29:54,396962N1221525W001,21N03W12C002M,8/3/2010,00:00,1 - Pumping,,NULL,NULL,NULL,206.440,204.440,NULL,NULL,,,Department of Water Resources,Voluntary,8,3,2010
Glenn_01.01.2003-06.21.2013.csv,Glenn,39.6962,-122.1525,W001,2013-09-18 13:29:54,396962N1221525W001,21N03W12C002M,10/20/2010,00:00,,,40.200,0.000,40.200,206.440,204.440,166.240,38.200,UNK - Unknown,Unknown,Department of Water Resources,Voluntary,10,20,2010
Glenn_01.01.2003-06.21.2013.csv,Glenn,39.6962,-122.1525,W001,2013-09-18 13:29:54,396962N1221525W001,21N03W12C002M,4/6/2011,00:00,,,31.700,0.000,31.700,206.440,204.440,174.740,29.700,UNK - Unknown,Unknown,Department of Water Resources,Voluntary,4,6,2011
Glenn_01.01.2003-06.21.2013.csv,Glenn,39.6962,-122.1525,W001,2013-09-18 13:29:54,396962N1221525W001,21N03W12C002M,8/3/2011,00:00,,,35.100,0.000,35.100,206.440,204.440,171.340,33.100,UNK - Unknown,Unknown,Department of Water Resources,Voluntary,8,3,2011
Glenn_01.01.2003-06.21.2013.csv,Glenn,39.6962,-122.1525,W001,2013-09-18 13:29:54,396962N1221525W001,21N03W12C002M,10/12/2011,00:00,,,37.000,0.000,37.000,206.440,204.440,169.440,35.000,UNK - Unknown,Unknown,Department of Water Resources,Voluntary,10,12,2011
Glenn_01.01.2003-06.21.2013.csv,Glenn,39.6962,-122.1525,W001,2013-09-18 13:29:54,396962N1221525W001,21N03W12C002M,3/21/2013,00:00,,,40.000,4.400,35.600,206.440,204.440,170.840,33.600,ST - Steel tape measurement,0.1 Ft,Department of Water Resources,Voluntary,3,21,2013
Glenn_01.01.2003-06.21.2013.csv,Glenn,39.6963,-122.1405,W001,2013-09-18 13:29:54,396963N1221405W001,OAWD-Prod Well,10/12/2011,00:00,,,110.970,0.000,110.970,205.499,203.529,94.529,109.000,ES - Electric sounder measurement,0.01 Ft,Department of Water Resources,Voluntary,10,12,2011
Glenn_01.01.2003-06.21.2013.csv,Glenn,39.6963,-122.1405,W001,2013-09-18 13:29:54,396963N1221405W001,OAWD-Prod Well,3/29/2012,00:00,,,101.960,0.000,101.960,205.499,203.529,103.539,99.990,ES - Electric sounder measurement,0.01 Ft,Department of Water Resources,Voluntary,3,29,2012
Glenn_01.01.2003-06.21.2013.csv,Glenn,39.6963,-122.1405,W001,2013-09-18 13:29:54,396963N1221405W001,OAWD-Prod Well,8/2/2012,00:00,,,103.960,0.000,103.960,205.499,203.529,101.539,101.990,ES - Electric sounder measurement,0.01 Ft,Department of Water Resources,Voluntary,8,2,2012
Glenn_01.01.2003-06.21.2013.csv,Glenn,39.6963,-122.1405,W001,2013-09-18 13:29:54,396963N1221405W001,OAWD-Prod Well,10/17/2012,00:00,,,107.220,0.000,107.220,205.499,203.529,98.279,105.250,ES - Electric sounder measurement,0.01 Ft,Department of Water Resources,Voluntary,10,17,2012
Glenn_01.01.2003-06.21.2013.csv,Glenn,39.6963,-122.1405,W001,2013-09-18 13:29:54,396963N1221405W001,OAWD-Prod Well,3/21/2013,00:00,,,102.060,0.000,102.060,205.499,203.529,103.439,100.090,ES - Electric sounder measurement,0.01 Ft,Department of Water Resources,Voluntary,3,21,2013
Glenn_01.01.2003-06.21.2013.csv,Glenn,39.6963,-122.1405,W001,2013-09-18 13:29:54,396963N1221405W001,OAWD-Prod Well,4/15/2004,00:00,,,83.930,0.000,83.930,205.499,203.529,121.569,81.960,UNK - Unknown,Unknown,ORLAND - ARTOIS WATER DISTRICT,Voluntary,New Well; Start Record4,15,2004
Glenn_01.01.2003-06.21.2013.csv,Glenn,39.6963,-122.1405,W001,2013-09-18 13:29:54,396963N1221405W001,OAWD-Prod Well,4/30/2004,00:00,,,90.720,0.000,90.720,205.499,203.529,114.779,88.750,UNK - Unknown,Unknown,ORLAND - ARTOIS WATER DISTRICT,Voluntary,4,30,2004
Glenn_01.01.2003-06.21.2013.csv,Glenn,39.6963,-122.1405,W001,2013-09-18 13:29:54,396963N1221405W001,OAWD-Prod Well,5/5/2004,00:00,,,80.830,0.000,80.830,205.499,203.529,124.669,78.860,UNK - Unknown,Unknown,ORLAND - ARTOIS WATER DISTRICT,Voluntary,5,5,2004
Glenn_01.01.2003-06.21.2013.csv,Glenn,39.6963,-122.1405,W001,2013-09-18 13:29:54,396963N1221405W001,OAWD-Prod Well,5/13/2004,00:00,,,76.150,0.000,76.150,205.499,203.529,129.349,74.180,UNK - Unknown,Unknown,ORLAND - ARTOIS WATER DISTRICT,Voluntary,5,13,2004
Glenn_01.01.2003-06.21.2013.csv,Glenn,39.6963,-122.1405,W001,2013-09-18 13:29:54,396963N1221405W001,OAWD-Prod Well,5/18/2004,00:00,,,75.760,0.000,75.760,205.499,203.529,129.739,73.790,UNK - Unknown,Unknown,ORLAND - ARTOIS WATER DISTRICT,Voluntary,5,18,2004
Glenn_01.01.2003-06.21.2013.csv,Glenn,39.6963,-122.1405,W001,2013-09-18 13:29:54,396963N1221405W001,OAWD-Prod Well,5/27/2004,00:00,,,75.980,0.000,75.980,205.499,203.529,129.519,74.010,UNK - Unknown,Unknown,ORLAND - ARTOIS WATER DISTRICT,Voluntary,5,27,2004
Glenn_01.01.2003-06.21.2013.csv,Glenn,39.6963,-122.1405,W001,2013-09-18 13:29:54,396963N1221405W001,OAWD-Prod Well,6/4/2004,00:00,,,75.960,0.000,75.960,205.499,203.529,129.539,73.990,UNK - Unknown,Unknown,ORLAND - ARTOIS WATER DISTRICT,Voluntary,6,4,2004
Glenn_01.01.2003-06.21.2013.csv,Glenn,39.6963,-122.1405,W001,2013-09-18 13:29:54,396963N1221405W001,OAWD-Prod Well,6/14/2004,06:00,,,77.000,0.000,77.000,205.499,203.529,128.499,75.030,UNK - Unknown,Unknown,ORLAND - ARTOIS WATER DISTRICT,Voluntary,6,14,2004
Glenn_01.01.2003-06.21.2013.csv,Glenn,39.6963,-122.1405,W001,2013-09-18 13:29:54,396963N1221405W001,OAWD-Prod Well,6/14/2004,18:00,,1 - Pumping,116.800,0.000,116.800,205.499,203.529,88.699,114.830,UNK - Unknown,Unknown,ORLAND - ARTOIS WATER DISTRICT,Voluntary,6,14,2004
Glenn_01.01.2003-06.21.2013.csv,Glenn,39.6963,-122.1405,W001,2013-09-18 13:29:54,396963N1221405W001,OAWD-Prod Well,6/30/2004,00:00,,,77.920,0.000,77.920,205.499,203.529,127.579,75.950,UNK - Unknown,Unknown,ORLAND - ARTOIS WATER DISTRICT,Voluntary,6,30,2004
Glenn_01.01.2003-06.21.2013.csv,Glenn,39.6963,-122.1405,W001,2013-09-18 13:29:54,396963N1221405W001,OAWD-Prod Well,10/28/2004,00:00,,,80.470,0.000,80.470,205.499,203.529,125.029,78.500,UNK - Unknown,Unknown,ORLAND - ARTOIS WATER DISTRICT,Voluntary,10,28,2004
Glenn_01.01.2003-06.21.2013.csv,Glenn,39.6963,-122.1405,W001,2013-09-18 13:29:54,396963N1221405W001,OAWD-Prod Well,9/22/2004,00:00,,,81.480,0.000,81.480,205.499,203.529,124.019,79.510,UNK - Unknown,Unknown,ORLAND - ARTOIS WATER DISTRICT,Voluntary,9,22,2004
Glenn_01.01.2003-06.21.2013.csv,Glenn,39.6963,-122.1405,W001,2013-09-18 13:29:54,396963N1221405W001,OAWD-Prod Well,7/29/2004,00:00,,,79.530,0.000,79.530,205.499,203.529,125.969,77.560,UNK - Unknown,Unknown,ORLAND - ARTOIS WATER DISTRICT,Voluntary,7,29,2004
Glenn_01.01.2003-06.21.2013.csv,Glenn,39.6963,-122.1405,W001,2013-09-18 13:29:54,396963N1221405W001,OAWD-Prod Well,8/26/2004,00:00,,,81.580,0.000,81.580,205.499,203.529,123.919,79.610,UNK - Unknown,Unknown,ORLAND - ARTOIS WATER DISTRICT,Voluntary,8,26,2004
Glenn_01.01.2003-06.21.2013.csv,Glenn,39.6963,-122.1405,W001,2013-09-18 13:29:54,396963N1221405W001,OAWD-Prod Well,12/1/2004,00:00,,,79.100,0.000,79.100,205.499,203.529,126.399,77.130,UNK - Unknown,Unknown,ORLAND - ARTOIS WATER DISTRICT,Voluntary,12,1,2004
Glenn_01.01.2003-06.21.2013.csv,Glenn,39.6963,-122.1405,W001,2013-09-18 13:29:54,396963N1221405W001,OAWD-Prod Well,12/29/2004,00:00,,,77.400,0.000,77.400,205.499,203.529,128.099,75.430,UNK - Unknown,Unknown,ORLAND - ARTOIS WATER DISTRICT,Voluntary,12,29,2004
Glenn_01.01.2003-06.21.2013.csv,Glenn,39.6963,-122.1405,W001,2013-09-18 13:29:54,396963N1221405W001,OAWD-Prod Well,1/31/2005,00:00,,,75.700,0.000,75.700,205.499,203.529,129.799,73.730,UNK - Unknown,Unknown,ORLAND - ARTOIS WATER DISTRICT,Voluntary,1,31,2005
Glenn_01.01.2003-06.21.2013.csv,Glenn,39.6963,-122.1405,W001,2013-09-18 13:29:54,396963N1221405W001,OAWD-Prod Well,2/25/2005,00:00,,,74.300,0.000,74.300,205.499,203.529,131.199,72.330,UNK - Unknown,Unknown,ORLAND - ARTOIS WATER DISTRICT,Voluntary,2,25,2005
Glenn_01.01.2003-06.21.2013.csv,Glenn,39.6963,-122.1405,W001,2013-09-18 13:29:54,396963N1221405W001,OAWD-Prod Well,4/26/2004,00:00,,,71.600,0.000,71.600,205.499,203.529,133.899,69.630,UNK - Unknown,Unknown,ORLAND - ARTOIS WATER DISTRICT,Voluntary,4,26,2004
Glenn_01.01.2003-06.21.2013.csv,Glenn,39.6963,-122.1405,W001,2013-09-18 13:29:54,396963N1221405W001,OAWD-Prod Well,5/27/2005,00:00,,1 - Pumping,176.800,0.000,176.800,205.499,203.529,28.699,174.830,UNK - Unknown,Unknown,ORLAND - ARTOIS WATER DISTRICT,Voluntary,5,27,2005
Glenn_01.01.2003-06.21.2013.csv,Glenn,39.6963,-122.1405,W001,2013-09-18 13:29:54,396963N1221405W001,OAWD-Prod Well,7/1/2005,00:00,,1 - Pumping,203.100,0.000,203.100,205.499,203.529,2.399,201.130,UNK - Unknown,Unknown,ORLAND - ARTOIS WATER DISTRICT,Voluntary,7,1,2005
Glenn_01.01.2003-06.21.2013.csv,Glenn,39.6963,-122.1405,W001,2013-09-18 13:29:54,396963N1221405W001,OAWD-Prod Well,10/28/2005,00:00,,,102.900,0.000,102.900,205.499,203.529,102.599,100.930,UNK - Unknown,Unknown,ORLAND - ARTOIS WATER DISTRICT,Voluntary,10,28,2005
Glenn_01.01.2003-06.21.2013.csv,Glenn,39.6963,-122.1405,W001,2013-09-18 13:29:54,396963N1221405W001,OAWD-Prod Well,5/25/2006,00:00,,1 - Pumping,194.300,0.000,194.300,205.499,203.529,11.199,192.330,UNK - Unknown,Unknown,ORLAND - ARTOIS WATER DISTRICT,Voluntary,5,25,2006
Glenn_01.01.2003-06.21.2013.csv,Glenn,39.6963,-122.1405,W001,2013-09-18 13:29:54,396963N1221405W001,OAWD-Prod Well,4/26/2006,00:00,,,76.400,0.000,76.400,205.499,203.529,129.099,74.430,UNK - Unknown,Unknown,ORLAND - ARTOIS WATER DISTRICT,Voluntary,4,26,2006
Glenn_01.01.2003-06.21.2013.csv,Glenn,39.6963,-122.1405,W001,2013-09-18 13:29:54,396963N1221405W001,OAWD-Prod Well,3/30/2006,00:00,,,78.900,0.000,78.900,205.499,203.529,126.599,76.930,UNK - Unknown,Unknown,ORLAND - ARTOIS WATER DISTRICT,Voluntary,3,30,2006
Glenn_01.01.2003-06.21.2013.csv,Glenn,39.6963,-122.1405,W001,2013-09-18 13:29:54,396963N1221405W001,OAWD-Prod Well,1/31/2006,00:00,,,84.500,0.000,84.500,205.499,203.529,120.999,82.530,UNK - Unknown,Unknown,ORLAND - ARTOIS WATER DISTRICT,Voluntary,1,31,2006
Glenn_01.01.2003-06.21.2013.csv,Glenn,39.6963,-122.1405,W001,2013-09-18 13:29:54,396963N1221405W001,OAWD-Prod Well,1/5/2006,00:00,,,87.700,0.000,87.700,205.499,203.529,117.799,85.730,UNK - Unknown,Unknown,ORLAND - ARTOIS WATER DISTRICT,Voluntary,1,5,2006
Glenn_01.01.2003-06.21.2013.csv,Glenn,39.6963,-122.1405,W001,2013-09-18 13:29:54,396963N1221405W001,OAWD-Prod Well,11/30/2005,00:00,,,93.000,0.000,93.000,205.499,203.529,112.499,91.030,UNK - Unknown,Unknown,ORLAND - ARTOIS WATER DISTRICT,Voluntary,11,30,2005
Glenn_01.01.2003-06.21.2013.csv,Glenn,39.6963,-122.1405,W001,2013-09-18 13:29:54,396963N1221405W001,OAWD-Prod Well,4/26/2005,00:00,,,71.600,0.000,71.600,205.499,203.529,133.899,69.630,UNK - Unknown,Unknown,ORLAND - ARTOIS WATER DISTRICT,Voluntary,4,26,2005
Glenn_01.01.2003-06.21.2013.csv,Glenn,39.6963,-122.1405,W001,2013-09-18 13:29:54,396963N1221405W001,OAWD-Prod Well,8/26/2005,00:00,,1 - Pumping,208.500,0.000,208.500,205.499,203.529,-3.001,206.530,UNK - Unknown,Unknown,ORLAND - ARTOIS WATER DISTRICT,Voluntary,8,26,2005
Glenn_01.01.2003-06.21.2013.csv,Glenn,39.6963,-122.1405,W001,2013-09-18 13:29:54,396963N1221405W001,OAWD-Prod Well,7/28/2005,00:00,,1 - Pumping,207.100,0.000,207.100,205.499,203.529,-1.601,205.130,UNK - Unknown,Unknown,ORLAND - ARTOIS WATER DISTRICT,Voluntary,7,28,2005
Glenn_01.01.2003-06.21.2013.csv,Glenn,39.6963,-122.1405,W001,2013-09-18 13:29:54,396963N1221405W001,OAWD-Prod Well,6/29/2006,00:00,,,101.500,0.000,101.500,205.499,203.529,103.999,99.530,UNK - Unknown,Unknown,ORLAND - ARTOIS WATER DISTRICT,Voluntary,6,29,2006
Glenn_01.01.2003-06.21.2013.csv,Glenn,39.6963,-122.1405,W001,2013-09-18 13:29:54,396963N1221405W001,OAWD-Prod Well,10/12/2006,00:00,,,104.900,0.000,104.900,205.499,203.529,100.599,102.930,UNK - Unknown,Unknown,ORLAND - ARTOIS WATER DISTRICT,Voluntary,TROLL READING ONLY10,12,2006
Glenn_01.01.2003-06.21.2013.csv,Glenn,39.6963,-122.1405,W001,2013-09-18 13:29:54,396963N1221405W001,OAWD-Prod Well,11/22/2006,00:00,,,93.500,0.000,93.500,205.499,203.529,111.999,91.530,UNK - Unknown,Unknown,ORLAND - ARTOIS WATER DISTRICT,Voluntary,11,22,2006
Glenn_01.01.2003-06.21.2013.csv,Glenn,39.6963,-122.1405,W001,2013-09-18 13:29:54,396963N1221405W001,OAWD-Prod Well,9/29/2006,00:00,,7 - Recharge or surface water effects near well,204.700,0.000,204.700,205.499,203.529,0.799,202.730,UNK - Unknown,Unknown,ORLAND - ARTOIS WATER DISTRICT,Voluntary,EDITED TO A QM9,29,2006
Glenn_01.01.2003-06.21.2013.csv,Glenn,39.6963,-122.1405,W001,2013-09-18 13:29:54,396963N1221405W001,OAWD-Prod Well,1/3/2007,00:00,,,87.730,0.000,87.730,205.499,203.529,117.769,85.760,UNK - Unknown,Unknown,ORLAND - ARTOIS WATER DISTRICT,Voluntary,1,3,2007
Glenn_01.01.2003-06.21.2013.csv,Glenn,39.6963,-122.1405,W001,2013-09-18 13:29:54,396963N1221405W001,OAWD-Prod Well,2/22/2007,00:00,,,89.560,0.000,89.560,205.499,203.529,115.939,87.590,UNK - Unknown,Unknown,ORLAND - ARTOIS WATER DISTRICT,Voluntary,2,22,2007
Glenn_01.01.2003-06.21.2013.csv,Glenn,39.6963,-122.1405,W001,2013-09-18 13:29:54,396963N1221405W001,OAWD-Prod Well,3/26/2007,00:00,,1 - Pumping,200.290,0.000,200.290,205.499,203.529,5.209,198.320,UNK - Unknown,Unknown,ORLAND - ARTOIS WATER DISTRICT,Voluntary,3,26,2007
Glenn_01.01.2003-06.21.2013.csv,Glenn,39.6963,-122.1405,W001,2013-09-18 13:29:54,396963N1221405W001,OAWD-Prod Well,4/27/2007,00:00,,1 - Pumping,204.500,0.000,204.500,205.499,203.529,0.999,202.530,UNK - Unknown,Unknown,ORLAND - ARTOIS WATER DISTRICT,Voluntary,4,27,2007
Glenn_01.01.2003-06.21.2013.csv,Glenn,39.6963,-122.1405,W001,2013-09-18 13:29:54,396963N1221405W001,OAWD-Prod Well,5/17/2003,00:00,,1 - Pumping,210.400,0.000,210.400,205.499,203.529,-4.901,208.430,UNK - Unknown,Unknown,Department of Water Resources,Voluntary,5,17,2003
Glenn_01.01.2003-06.21.2013.csv,Glenn,39.6963,-122.1405,W001,2013-09-18 13:29:54,396963N1221405W001,OAWD-Prod Well,5/30/2007,00:00,,1 - Pumping,211.900,0.000,211.900,205.499,203.529,-6.401,209.930,UNK - Unknown,Unknown,Department of Water Resources,Voluntary,5,30,2007
Glenn_01.01.2003-06.21.2013.csv,Glenn,39.6963,-122.1405,W001,2013-09-18 13:29:54,396963N1221405W001,OAWD-Prod Well,5/31/2007,00:00,,1 - Pumping,211.900,0.000,211.900,205.499,203.529,-6.401,209.930,UNK - Unknown,Unknown,Department of Water Resources,Voluntary,5,31,2007
Glenn_01.01.2003-06.21.2013.csv,Glenn,39.6963,-122.1405,W001,2013-09-18 13:29:54,396963N1221405W001,OAWD-Prod Well,6/20/2007,00:00,,1 - Pumping,214.000,0.000,214.000,205.499,203.529,-8.501,212.030,UNK - Unknown,Unknown,Department of Water Resources,Voluntary,6,20,2007
Glenn_01.01.2003-06.21.2013.csv,Glenn,39.6963,-122.1405,W001,2013-09-18 13:29:54,396963N1221405W001,OAWD-Prod Well,8/8/2007,00:00,,1 - Pumping,215.880,0.000,215.880,205.499,203.529,-10.381,213.910,UNK - Unknown,Unknown,Department of Water Resources,Voluntary,8,8,2007
Glenn_01.01.2003-06.21.2013.csv,Glenn,39.6963,-122.1405,W001,2013-09-18 13:29:54,396963N1221405W001,OAWD-Prod Well,8/31/2007,00:00,,1 - Pumping,215.240,0.000,215.240,205.499,203.529,-9.741,213.270,UNK - Unknown,Unknown,Department of Water Resources,Voluntary,8,31,2007
Glenn_01.01.2003-06.21.2013.csv,Glenn,39.6963,-122.1405,W001,2013-09-18 13:29:54,396963N1221405W001,OAWD-Prod Well,10/19/2007,00:00,,,116.790,0.000,116.790,205.499,203.529,88.709,114.820,UNK - Unknown,Unknown,Department of Water Resources,Voluntary,10,19,2007
Glenn_01.01.2003-06.21.2013.csv,Glenn,39.6963,-122.1405,W001,2013-09-18 13:29:54,396963N1221405W001,OAWD-Prod Well,1/16/2008,00:00,,,97.040,0.000,97.040,205.499,203.529,108.459,95.070,UNK - Unknown,Unknown,Department of Water Resources,Voluntary,1,16,2008
Glenn_01.01.2003-06.21.2013.csv,Glenn,39.6963,-122.1405,W001,2013-09-18 13:29:54,396963N1221405W001,OAWD-Prod Well,3/12/2008,00:00,,,91.400,0.000,91.400,205.499,203.529,114.099,89.430,UNK - Unknown,Unknown,Department of Water Resources,Voluntary,3,12,2008
Glenn_01.01.2003-06.21.2013.csv,Glenn,39.6963,-122.1405,W001,2013-09-18 13:29:54,396963N1221405W001,OAWD-Prod Well,7/22/2008,00:00,,1 - Pumping,216.100,0.000,216.100,205.499,203.529,-10.601,214.130,UNK - Unknown,Unknown,Department of Water Resources,Voluntary,7,22,2008
Glenn_01.01.2003-06.21.2013.csv,Glenn,39.6963,-122.1405,W001,2013-09-18 13:29:54,396963N1221405W001,OAWD-Prod Well,8/5/2008,00:00,,1 - Pumping,216.100,0.000,216.100,205.499,203.529,-10.601,214.130,UNK - Unknown,Unknown,Department of Water Resources,Voluntary,NEARBY WELL PUMPING ALSO8,5,2008
Glenn_01.01.2003-06.21.2013.csv,Glenn,39.6963,-122.1405,W001,2013-09-18 13:29:54,396963N1221405W001,OAWD-Prod Well,8/26/2008,00:00,,1 - Pumping,217.700,0.000,217.700,205.499,203.529,-12.201,215.730,UNK - Unknown,Unknown,Department of Water Resources,Voluntary,8,26,2008
Glenn_01.01.2003-06.21.2013.csv,Glenn,39.6963,-122.1405,W001,2013-09-18 13:29:54,396963N1221405W001,OAWD-Prod Well,10/22/2008,00:00,,,125.000,0.000,125.000,205.499,203.529,80.499,123.030,UNK - Unknown,Unknown,Department of Water Resources,Voluntary,10,22,2008
Glenn_01.01.2003-06.21.2013.csv,Glenn,39.6963,-122.1405,W001,2013-09-18 13:29:54,396963N1221405W001,OAWD-Prod Well,1/13/2009,00:00,,,105.490,0.000,105.490,205.499,203.529,100.009,103.520,UNK - Unknown,Unknown,Department of Water Resources,Voluntary,1,13,2009
Glenn_01.01.2003-06.21.2013.csv,Glenn,39.6963,-122.1405,W001,2013-09-18 13:29:54,396963N1221405W001,OAWD-Prod Well,3/25/2009,00:00,,,97.300,0.000,97.300,205.499,203.529,108.199,95.330,UNK - Unknown,Unknown,Department of Water Resources,Voluntary,3,25,2009
Glenn_01.01.2003-06.21.2013.csv,Glenn,39.6963,-122.1405,W001,2013-09-18 13:29:54,396963N1221405W001,OAWD-Prod Well,5/14/2009,00:00,1 - Pumping,,NULL,NULL,NULL,205.499,203.529,NULL,NULL,,,Department of Water Resources,Voluntary,5,14,2009
Glenn_01.01.2003-06.21.2013.csv,Glenn,39.6963,-122.1405,W001,2013-09-18 13:29:54,396963N1221405W001,OAWD-Prod Well,6/25/2009,00:00,,1 - Pumping,215.200,0.000,215.200,205.499,203.529,-9.701,213.230,UNK - Unknown,Unknown,Department of Water Resources,Voluntary,6,25,2009
Glenn_01.01.2003-06.21.2013.csv,Glenn,39.6963,-122.1405,W001,2013-09-18 13:29:54,396963N1221405W001,OAWD-Prod Well,8/6/2009,00:00,1 - Pumping,,NULL,NULL,NULL,205.499,203.529,NULL,NULL,,,Department of Water Resources,Voluntary,8,6,2009
Glenn_01.01.2003-06.21.2013.csv,Glenn,39.6963,-122.1405,W001,2013-09-18 13:29:54,396963N1221405W001,OAWD-Prod Well,9/16/2009,00:00,,,141.370,0.000,141.370,205.499,203.529,64.129,139.400,UNK - Unknown,Unknown,Department of Water Resources,Voluntary,9,16,2009
Glenn_01.01.2003-06.21.2013.csv,Glenn,39.6963,-122.1405,W001,2013-09-18 13:29:54,396963N1221405W001,OAWD-Prod Well,10/22/2009,00:00,,,126.030,0.000,126.030,205.499,203.529,79.469,124.060,UNK - Unknown,Unknown,Department of Water Resources,Voluntary,10,22,2009
Glenn_01.01.2003-06.21.2013.csv,Glenn,39.6963,-122.1405,W001,2013-09-18 13:29:54,396963N1221405W001,OAWD-Prod Well,3/26/2010,00:00,,,104.400,0.000,104.400,205.499,203.529,101.099,102.430,UNK - Unknown,Unknown,Department of Water Resources,Voluntary,3,26,2010
Glenn_01.01.2003-06.21.2013.csv,Glenn,39.6963,-122.1405,W001,2013-09-18 13:29:54,396963N1221405W001,OAWD-Prod Well,8/3/2010,00:00,,2 - Nearby pump operating,100.920,0.000,100.920,205.499,203.529,104.579,98.950,UNK - Unknown,Unknown,Department of Water Resources,Voluntary,8,3,2010
Glenn_01.01.2003-06.21.2013.csv,Glenn,39.6963,-122.1405,W001,2013-09-18 13:29:54,396963N1221405W001,OAWD-Prod Well,10/20/2010,00:00,,,103.690,0.000,103.690,205.499,203.529,101.809,101.720,UNK - Unknown,Unknown,Department of Water Resources,Voluntary,10,20,2010
Glenn_01.01.2003-06.21.2013.csv,Glenn,39.6963,-122.1405,W001,2013-09-18 13:29:54,396963N1221405W001,OAWD-Prod Well,4/6/2011,00:00,,,102.570,0.000,102.570,205.499,203.529,102.929,100.600,UNK - Unknown,Unknown,Department of Water Resources,Voluntary,4,6,2011
Glenn_01.01.2003-06.21.2013.csv,Glenn,39.6963,-122.1405,W001,2013-09-18 13:29:54,396963N1221405W001,OAWD-Prod Well,8/3/2011,00:00,,,100.000,0.000,100.000,205.499,203.529,105.499,98.030,UNK - Unknown,Unknown,Department of Water Resources,Voluntary,8,3,2011
Glenn_01.01.2003-06.21.2013.csv,Glenn,39.6963,-122.1406,W001,2013-09-18 13:29:54,396963N1221406W001,OAWD-Mon Well,10/12/2011,00:00,,,42.000,0.000,42.000,206.769,203.319,164.769,38.550,ES - Electric sounder measurement,0.01 Ft,Department of Water Resources,Voluntary,10,12,2011
Glenn_01.01.2003-06.21.2013.csv,Glenn,39.6963,-122.1406,W001,2013-09-18 13:29:54,396963N1221406W001,OAWD-Mon Well,3/29/2012,00:00,,,39.300,0.000,39.300,206.769,203.319,167.469,35.850,ES - Electric sounder measurement,0.01 Ft,Department of Water Resources,Voluntary,3,29,2012
Glenn_01.01.2003-06.21.2013.csv,Glenn,39.6963,-122.1406,W001,2013-09-18 13:29:54,396963N1221406W001,OAWD-Mon Well,8/2/2012,00:00,,,54.540,0.000,54.540,206.769,203.319,152.229,51.090,ES - Electric sounder measurement,0.01 Ft,Department of Water Resources,Voluntary,8,2,2012
Glenn_01.01.2003-06.21.2013.csv,Glenn,39.6963,-122.1406,W001,2013-09-18 13:29:54,396963N1221406W001,OAWD-Mon Well,10/17/2012,00:00,,,55.410,0.000,55.410,206.769,203.319,151.359,51.960,ES - Electric sounder measurement,0.01 Ft,Department of Water Resources,Voluntary,10,17,2012
Glenn_01.01.2003-06.21.2013.csv,Glenn,39.6963,-122.1406,W001,2013-09-18 13:29:54,396963N1221406W001,OAWD-Mon Well,3/21/2013,00:00,,,46.980,0.000,46.980,206.769,203.319,159.789,43.530,ES - Electric sounder measurement,0.01 Ft,Department of Water Resources,Voluntary,3,21,2013
Glenn_01.01.2003-06.21.2013.csv,Glenn,39.6963,-122.1406,W001,2013-09-18 13:29:54,396963N1221406W001,OAWD-Mon Well,3/29/2004,00:00,,,24.090,0.000,24.090,206.769,203.319,182.679,20.640,UNK - Unknown,Unknown,ORLAND - ARTOIS WATER DISTRICT,Voluntary,New Well; Start Record3,29,2004
Glenn_01.01.2003-06.21.2013.csv,Glenn,39.6963,-122.1406,W001,2013-09-18 13:29:54,396963N1221406W001,OAWD-Mon Well,4/1/2004,00:00,,,26.620,0.000,26.620,206.769,203.319,180.149,23.170,UNK - Unknown,Unknown,ORLAND - ARTOIS WATER DISTRICT,Voluntary,4,1,2004
Glenn_01.01.2003-06.21.2013.csv,Glenn,39.6963,-122.1406,W001,2013-09-18 13:29:54,396963N1221406W001,OAWD-Mon Well,4/30/2004,00:00,,,26.970,0.000,26.970,206.769,203.319,179.799,23.520,UNK - Unknown,Unknown,ORLAND - ARTOIS WATER DISTRICT,Voluntary,4,30,2004
Glenn_01.01.2003-06.21.2013.csv,Glenn,39.6963,-122.1406,W001,2013-09-18 13:29:54,396963N1221406W001,OAWD-Mon Well,5/5/2004,00:00,,,26.930,0.000,26.930,206.769,203.319,179.839,23.480,UNK - Unknown,Unknown,ORLAND - ARTOIS WATER DISTRICT,Voluntary,5,5,2004
Glenn_01.01.2003-06.21.2013.csv,Glenn,39.6963,-122.1406,W001,2013-09-18 13:29:54,396963N1221406W001,OAWD-Mon Well,5/18/2004,00:00,,,40.550,0.000,40.550,206.769,203.319,166.219,37.100,UNK - Unknown,Unknown,ORLAND - ARTOIS WATER DISTRICT,Voluntary,5,18,2004
Glenn_01.01.2003-06.21.2013.csv,Glenn,39.6963,-122.1406,W001,2013-09-18 13:29:54,396963N1221406W001,OAWD-Mon Well,5/27/2004,00:00,,,40.750,0.000,40.750,206.769,203.319,166.019,37.300,UNK - Unknown,Unknown,ORLAND - ARTOIS WATER DISTRICT,Voluntary,5,27,2004
Glenn_01.01.2003-06.21.2013.csv,Glenn,39.6963,-122.1406,W001,2013-09-18 13:29:54,396963N1221406W001,OAWD-Mon Well,6/4/2004,00:00,,,30.950,0.000,30.950,206.769,203.319,175.819,27.500,UNK - Unknown,Unknown,ORLAND - ARTOIS WATER DISTRICT,Voluntary,6,4,2004
Glenn_01.01.2003-06.21.2013.csv,Glenn,39.6963,-122.1406,W001,2013-09-18 13:29:54,396963N1221406W001,OAWD-Mon Well,6/14/2004,00:00,,,29.950,0.000,29.950,206.769,203.319,176.819,26.500,UNK - Unknown,Unknown,ORLAND - ARTOIS WATER DISTRICT,Voluntary,6,14,2004
Glenn_01.01.2003-06.21.2013.csv,Glenn,39.6963,-122.1406,W001,2013-09-18 13:29:54,396963N1221406W001,OAWD-Mon Well,6/14/2004,06:00,,,30.300,0.000,30.300,206.769,203.319,176.469,26.850,UNK - Unknown,Unknown,ORLAND - ARTOIS WATER DISTRICT,Voluntary,6,14,2004
Glenn_01.01.2003-06.21.2013.csv,Glenn,39.6963,-122.1406,W001,2013-09-18 13:29:54,396963N1221406W001,OAWD-Mon Well,6/14/2004,18:00,,,28.710,0.000,28.710,206.769,203.319,178.059,25.260,UNK - Unknown,Unknown,ORLAND - ARTOIS WATER DISTRICT,Voluntary,6,14,2004
Glenn_01.01.2003-06.21.2013.csv,Glenn,39.6963,-122.1406,W001,2013-09-18 13:29:54,396963N1221406W001,OAWD-Mon Well,6/30/2004,00:00,,2 - Nearby pump operating,34.020,0.000,34.020,206.769,203.319,172.749,30.570,UNK - Unknown,Unknown,ORLAND - ARTOIS WATER DISTRICT,Voluntary,6,30,2004
Glenn_01.01.2003-06.21.2013.csv,Glenn,39.6963,-122.1406,W001,2013-09-18 13:29:54,396963N1221406W001,OAWD-Mon Well,10/28/2004,00:00,,,34.260,0.000,34.260,206.769,203.319,172.509,30.810,UNK - Unknown,Unknown,ORLAND - ARTOIS WATER DISTRICT,Voluntary,10,28,2004
Glenn_01.01.2003-06.21.2013.csv,Glenn,39.6963,-122.1406,W001,2013-09-18 13:29:54,396963N1221406W001,OAWD-Mon Well,8/26/2004,00:00,,,41.560,0.000,41.560,206.769,203.319,165.209,38.110,UNK - Unknown,Unknown,ORLAND - ARTOIS WATER DISTRICT,Voluntary,8,26,2004
Glenn_01.01.2003-06.21.2013.csv,Glenn,39.6963,-122.1406,W001,2013-09-18 13:29:54,396963N1221406W001,OAWD-Mon Well,7/29/2004,00:00,,,35.290,0.000,35.290,206.769,203.319,171.479,31.840,UNK - Unknown,Unknown,ORLAND - ARTOIS WATER DISTRICT,Voluntary,7,29,2004
Glenn_01.01.2003-06.21.2013.csv,Glenn,39.6963,-122.1406,W001,2013-09-18 13:29:54,396963N1221406W001,OAWD-Mon Well,9/22/2004,00:00,,,35.830,0.000,35.830,206.769,203.319,170.939,32.380,UNK - Unknown,Unknown,ORLAND - ARTOIS WATER DISTRICT,Voluntary,9,22,2004
Glenn_01.01.2003-06.21.2013.csv,Glenn,39.6963,-122.1406,W001,2013-09-18 13:29:54,396963N1221406W001,OAWD-Mon Well,12/1/2004,00:00,,,32.300,0.000,32.300,206.769,203.319,174.469,28.850,UNK - Unknown,Unknown,ORLAND - ARTOIS WATER DISTRICT,Voluntary,12,1,2004
Glenn_01.01.2003-06.21.2013.csv,Glenn,39.6963,-122.1406,W001,2013-09-18 13:29:54,396963N1221406W001,OAWD-Mon Well,12/29/2004,00:00,,,32.900,0.000,32.900,206.769,203.319,173.869,29.450,UNK - Unknown,Unknown,ORLAND - ARTOIS WATER DISTRICT,Voluntary,12,29,2004
Glenn_01.01.2003-06.21.2013.csv,Glenn,39.6963,-122.1406,W001,2013-09-18 13:29:54,396963N1221406W001,OAWD-Mon Well,1/31/2005,00:00,,,27.800,0.000,27.800,206.769,203.319,178.969,24.350,UNK - Unknown,Unknown,ORLAND - ARTOIS WATER DISTRICT,Voluntary,1,31,2005
Glenn_01.01.2003-06.21.2013.csv,Glenn,39.6963,-122.1406,W001,2013-09-18 13:29:54,396963N1221406W001,OAWD-Mon Well,2/25/2005,00:00,,,26.300,0.000,26.300,206.769,203.319,180.469,22.850,UNK - Unknown,Unknown,ORLAND - ARTOIS WATER DISTRICT,Voluntary,2,25,2005
Glenn_01.01.2003-06.21.2013.csv,Glenn,39.6963,-122.1406,W001,2013-09-18 13:29:54,396963N1221406W001,OAWD-Mon Well,4/26/2004,00:00,,,26.400,0.000,26.400,206.769,203.319,180.369,22.950,UNK - Unknown,Unknown,ORLAND - ARTOIS WATER DISTRICT,Voluntary,4,26,2004
Glenn_01.01.2003-06.21.2013.csv,Glenn,39.6963,-122.1406,W001,2013-09-18 13:29:54,396963N1221406W001,OAWD-Mon Well,5/27/2005,00:00,,,28.600,0.000,28.600,206.769,203.319,178.169,25.150,UNK - Unknown,Unknown,ORLAND - ARTOIS WATER DISTRICT,Voluntary,5,27,2005
Glenn_01.01.2003-06.21.2013.csv,Glenn,39.6963,-122.1406,W001,2013-09-18 13:29:54,396963N1221406W001,OAWD-Mon Well,6/23/2005,00:00,,,41.800,0.000,41.800,206.769,203.319,164.969,38.350,UNK - Unknown,Unknown,ORLAND - ARTOIS WATER DISTRICT,Voluntary,FROM TROLL6,23,2005
Glenn_01.01.2003-06.21.2013.csv,Glenn,39.6963,-122.1406,W001,2013-09-18 13:29:54,396963N1221406W001,OAWD-Mon Well,10/28/2005,00:00,,,36.200,0.000,36.200,206.769,203.319,170.569,32.750,UNK - Unknown,Unknown,ORLAND - ARTOIS WATER DISTRICT,Voluntary,10,28,2005
Glenn_01.01.2003-06.21.2013.csv,Glenn,39.6963,-122.1406,W001,2013-09-18 13:29:54,396963N1221406W001,OAWD-Mon Well,5/25/2006,00:00,,,25.500,0.000,25.500,206.769,203.319,181.269,22.050,UNK - Unknown,Unknown,ORLAND - ARTOIS WATER DISTRICT,Voluntary,5,25,2006
Glenn_01.01.2003-06.21.2013.csv,Glenn,39.6963,-122.1406,W001,2013-09-18 13:29:54,396963N1221406W001,OAWD-Mon Well,4/26/2006,00:00,,,21.600,0.000,21.600,206.769,203.319,185.169,18.150,UNK - Unknown,Unknown,ORLAND - ARTOIS WATER DISTRICT,Voluntary,4,26,2006
Glenn_01.01.2003-06.21.2013.csv,Glenn,39.6963,-122.1406,W001,2013-09-18 13:29:54,396963N1221406W001,OAWD-Mon Well,3/30/2006,00:00,,,24.400,0.000,24.400,206.769,203.319,182.369,20.950,UNK - Unknown,Unknown,ORLAND - ARTOIS WATER DISTRICT,Voluntary,3,30,2006
Glenn_01.01.2003-06.21.2013.csv,Glenn,39.6963,-122.1406,W001,2013-09-18 13:29:54,396963N1221406W001,OAWD-Mon Well,1/31/2006,00:00,,,28.200,0.000,28.200,206.769,203.319,178.569,24.750,UNK - Unknown,Unknown,ORLAND - ARTOIS WATER DISTRICT,Voluntary,1,31,2006
Glenn_01.01.2003-06.21.2013.csv,Glenn,39.6963,-122.1406,W001,2013-09-18 13:29:54,396963N1221406W001,OAWD-Mon Well,1/5/2006,00:00,,,31.700,0.000,31.700,206.769,203.319,175.069,28.250,UNK - Unknown,Unknown,ORLAND - ARTOIS WATER DISTRICT,Voluntary,1,5,2006
Glenn_01.01.2003-06.21.2013.csv,Glenn,39.6963,-122.1406,W001,2013-09-18 13:29:54,396963N1221406W001,OAWD-Mon Well,11/30/2005,00:00,,,35.300,0.000,35.300,206.769,203.319,171.469,31.850,UNK - Unknown,Unknown,ORLAND - ARTOIS WATER DISTRICT,Voluntary,11,30,2005
Glenn_01.01.2003-06.21.2013.csv,Glenn,39.6963,-122.1406,W001,2013-09-18 13:29:54,396963N1221406W001,OAWD-Mon Well,4/26/2005,00:00,,,26.400,0.000,26.400,206.769,203.319,180.369,22.950,UNK - Unknown,Unknown,ORLAND - ARTOIS WATER DISTRICT,Voluntary,4,26,2005
Glenn_01.01.2003-06.21.2013.csv,Glenn,39.6963,-122.1406,W001,2013-09-18 13:29:54,396963N1221406W001,OAWD-Mon Well,8/26/2005,00:00,,,49.100,0.000,49.100,206.769,203.319,157.669,45.650,UNK - Unknown,Unknown,ORLAND - ARTOIS WATER DISTRICT,Voluntary,8,26,2005
Glenn_01.01.2003-06.21.2013.csv,Glenn,39.6963,-122.1406,W001,2013-09-18 13:29:54,396963N1221406W001,OAWD-Mon Well,7/28/2005,00:00,,,49.100,0.000,49.100,206.769,203.319,157.669,45.650,UNK - Unknown,Unknown,ORLAND - ARTOIS WATER DISTRICT,Voluntary,7,28,2005
Glenn_01.01.2003-06.21.2013.csv,Glenn,39.6963,-122.1406,W001,2013-09-18 13:29:54,396963N1221406W001,OAWD-Mon Well,6/29/2006,00:00,,,30.700,0.000,30.700,206.769,203.319,176.069,27.250,UNK - Unknown,Unknown,ORLAND - ARTOIS WATER DISTRICT,Voluntary,6,29,2006
Glenn_01.01.2003-06.21.2013.csv,Glenn,39.6963,-122.1406,W001,2013-09-18 13:29:54,396963N1221406W001,OAWD-Mon Well,10/12/2006,00:00,,,32.700,0.000,32.700,206.769,203.319,174.069,29.250,UNK - Unknown,Unknown,ORLAND - ARTOIS WATER DISTRICT,Voluntary,TROLL READING ONLY10,12,2006
Glenn_01.01.2003-06.21.2013.csv,Glenn,39.6963,-122.1406,W001,2013-09-18 13:29:54,396963N1221406W001,OAWD-Mon Well,11/22/2006,00:00,,,32.800,0.000,32.800,206.769,203.319,173.969,29.350,UNK - Unknown,Unknown,ORLAND - ARTOIS WATER DISTRICT,Voluntary,11,22,2006
Glenn_01.01.2003-06.21.2013.csv,Glenn,39.6963,-122.1406,W001,2013-09-18 13:29:54,396963N1221406W001,OAWD-Mon Well,9/29/2006,00:00,,,32.100,0.000,32.100,206.769,203.319,174.669,28.650,UNK - Unknown,Unknown,ORLAND - ARTOIS WATER DISTRICT,Voluntary,9,29,2006
Glenn_01.01.2003-06.21.2013.csv,Glenn,39.6963,-122.1406,W001,2013-09-18 13:29:54,396963N1221406W001,OAWD-Mon Well,1/3/2007,00:00,,,32.810,0.000,32.810,206.769,203.319,173.959,29.360,UNK - Unknown,Unknown,ORLAND - ARTOIS WATER DISTRICT,Voluntary,1,3,2007
Glenn_01.01.2003-06.21.2013.csv,Glenn,39.6963,-122.1406,W001,2013-09-18 13:29:54,396963N1221406W001,OAWD-Mon Well,2/22/2007,00:00,,,32.710,0.000,32.710,206.769,203.319,174.059,29.260,UNK - Unknown,Unknown,ORLAND - ARTOIS WATER DISTRICT,Voluntary,2,22,2007
Glenn_01.01.2003-06.21.2013.csv,Glenn,39.6963,-122.1406,W001,2013-09-18 13:29:54,396963N1221406W001,OAWD-Mon Well,3/26/2007,00:00,,,35.820,0.000,35.820,206.769,203.319,170.949,32.370,UNK - Unknown,Unknown,ORLAND - ARTOIS WATER DISTRICT,Voluntary,3,26,2007
Glenn_01.01.2003-06.21.2013.csv,Glenn,39.6963,-122.1406,W001,2013-09-18 13:29:54,396963N1221406W001,OAWD-Mon Well,4/27/2007,00:00,,,39.050,0.000,39.050,206.769,203.319,167.719,35.600,UNK - Unknown,Unknown,ORLAND - ARTOIS WATER DISTRICT,Voluntary,4,27,2007
Glenn_01.01.2003-06.21.2013.csv,Glenn,39.6963,-122.1406,W001,2013-09-18 13:29:54,396963N1221406W001,OAWD-Mon Well,8/8/2007,00:00,,2 - Nearby pump operating,64.620,0.000,64.620,206.769,203.319,142.149,61.170,UNK - Unknown,Unknown,ORLAND - ARTOIS WATER DISTRICT,Voluntary,8,8,2007
Glenn_01.01.2003-06.21.2013.csv,Glenn,39.6963,-122.1406,W001,2013-09-18 13:29:54,396963N1221406W001,OAWD-Mon Well,8/31/2007,00:00,,,49.550,0.000,49.550,206.769,203.319,157.219,46.100,UNK - Unknown,Unknown,ORLAND - ARTOIS WATER DISTRICT,Voluntary,8,31,2007
Glenn_01.01.2003-06.21.2013.csv,Glenn,39.6963,-122.1406,W001,2013-09-18 13:29:54,396963N1221406W001,OAWD-Mon Well,10/19/2007,00:00,,,45.680,0.000,45.680,206.769,203.319,161.089,42.230,UNK - Unknown,Unknown,ORLAND - ARTOIS WATER DISTRICT,Voluntary,10,19,2007
Glenn_01.01.2003-06.21.2013.csv,Glenn,39.6963,-122.1406,W001,2013-09-18 13:29:54,396963N1221406W001,OAWD-Mon Well,1/16/2008,00:00,,,42.000,0.000,42.000,206.769,203.319,164.769,38.550,UNK - Unknown,Unknown,ORLAND - ARTOIS WATER DISTRICT,Voluntary,1,16,2008
Glenn_01.01.2003-06.21.2013.csv,Glenn,39.6963,-122.1406,W001,2013-09-18 13:29:54,396963N1221406W001,OAWD-Mon Well,3/13/2008,00:00,,,35.340,0.000,35.340,206.769,203.319,171.429,31.890,UNK - Unknown,Unknown,ORLAND - ARTOIS WATER DISTRICT,Voluntary,3,13,2008
Glenn_01.01.2003-06.21.2013.csv,Glenn,39.6963,-122.1406,W001,2013-09-18 13:29:54,396963N1221406W001,OAWD-Mon Well,7/22/2008,00:00,,2 - Nearby pump operating,82.650,0.000,82.650,206.769,203.319,124.119,79.200,UNK - Unknown,Unknown,ORLAND - ARTOIS WATER DISTRICT,Voluntary,7,22,2008
Glenn_01.01.2003-06.21.2013.csv,Glenn,39.6963,-122.1406,W001,2013-09-18 13:29:54,396963N1221406W001,OAWD-Mon Well,8/5/2008,00:00,,2 - Nearby pump operating,73.660,0.000,73.660,206.769,203.319,133.109,70.210,UNK - Unknown,Unknown,ORLAND - ARTOIS WATER DISTRICT,Voluntary,8,5,2008
Glenn_01.01.2003-06.21.2013.csv,Glenn,39.6963,-122.1406,W001,2013-09-18 13:29:54,396963N1221406W001,OAWD-Mon Well,8/26/2008,00:00,,,68.500,0.000,68.500,206.769,203.319,138.269,65.050,UNK - Unknown,Unknown,ORLAND - ARTOIS WATER DISTRICT,Voluntary,8,26,2008
Glenn_01.01.2003-06.21.2013.csv,Glenn,39.6963,-122.1406,W001,2013-09-18 13:29:54,396963N1221406W001,OAWD-Mon Well,10/22/2008,00:00,,,57.450,0.000,57.450,206.769,203.319,149.319,54.000,UNK - Unknown,Unknown,ORLAND - ARTOIS WATER DISTRICT,Voluntary,10,22,2008
Glenn_01.01.2003-06.21.2013.csv,Glenn,39.6963,-122.1406,W001,2013-09-18 13:29:54,396963N1221406W001,OAWD-Mon Well,1/13/2009,00:00,,,46.310,0.000,46.310,206.769,203.319,160.459,42.860,UNK - Unknown,Unknown,ORLAND - ARTOIS WATER DISTRICT,Voluntary,1,13,2009
Glenn_01.01.2003-06.21.2013.csv,Glenn,39.6963,-122.1406,W001,2013-09-18 13:29:54,396963N1221406W001,OAWD-Mon Well,3/25/2009,00:00,,,38.380,0.000,38.380,206.769,203.319,168.389,34.930,UNK - Unknown,Unknown,ORLAND - ARTOIS WATER DISTRICT,Voluntary,3,25,2009
Glenn_01.01.2003-06.21.2013.csv,Glenn,39.6963,-122.1406,W001,2013-09-18 13:29:54,396963N1221406W001,OAWD-Mon Well,5/14/2009,00:00,,2 - Nearby pump operating,60.200,0.000,60.200,206.769,203.319,146.569,56.750,UNK - Unknown,Unknown,ORLAND - ARTOIS WATER DISTRICT,Voluntary,5,14,2009
Glenn_01.01.2003-06.21.2013.csv,Glenn,39.6963,-122.1406,W001,2013-09-18 13:29:54,396963N1221406W001,OAWD-Mon Well,6/25/2009,00:00,,,68.450,0.000,68.450,206.769,203.319,138.319,65.000,UNK - Unknown,Unknown,Department of Water Resources,Voluntary,6,25,2009
Glenn_01.01.2003-06.21.2013.csv,Glenn,39.6963,-122.1406,W001,2013-09-18 13:29:54,396963N1221406W001,OAWD-Mon Well,8/6/2009,00:00,,2 - Nearby pump operating,75.710,0.000,75.710,206.769,203.319,131.059,72.260,UNK - Unknown,Unknown,Department of Water Resources,Voluntary,8,6,2009
Glenn_01.01.2003-06.21.2013.csv,Glenn,39.6963,-122.1406,W001,2013-09-18 13:29:54,396963N1221406W001,OAWD-Mon Well,9/16/2009,00:00,,,65.880,0.000,65.880,206.769,203.319,140.889,62.430,UNK - Unknown,Unknown,Department of Water Resources,Voluntary,9,16,2009
Glenn_01.01.2003-06.21.2013.csv,Glenn,39.6963,-122.1406,W001,2013-09-18 13:29:54,396963N1221406W001,OAWD-Mon Well,10/22/2009,00:00,,,56.710,0.000,56.710,206.769,203.319,150.059,53.260,UNK - Unknown,Unknown,Department of Water Resources,Voluntary,10,22,2009
Glenn_01.01.2003-06.21.2013.csv,Glenn,39.6963,-122.1406,W001,2013-09-18 13:29:54,396963N1221406W001,OAWD-Mon Well,3/26/2010,00:00,,,41.480,0.000,41.480,206.769,203.319,165.289,38.030,UNK - Unknown,Unknown,Department of Water Resources,Voluntary,3,26,2010
Glenn_01.01.2003-06.21.2013.csv,Glenn,39.6963,-122.1406,W001,2013-09-18 13:29:54,396963N1221406W001,OAWD-Mon Well,8/3/2010,00:00,,2 - Nearby pump operating,65.670,0.000,65.670,206.769,203.319,141.099,62.220,UNK - Unknown,Unknown,Department of Water Resources,Voluntary,8,3,2010
Glenn_01.01.2003-06.21.2013.csv,Glenn,39.6963,-122.1406,W001,2013-09-18 13:29:54,396963N1221406W001,OAWD-Mon Well,10/20/2010,00:00,,,46.650,0.000,46.650,206.769,203.319,160.119,43.200,UNK - Unknown,Unknown,Department of Water Resources,Voluntary,10,20,2010
Glenn_01.01.2003-06.21.2013.csv,Glenn,39.6963,-122.1406,W001,2013-09-18 13:29:54,396963N1221406W001,OAWD-Mon Well,4/6/2011,00:00,,,34.380,0.000,34.380,206.769,203.319,172.389,30.930,UNK - Unknown,Unknown,Department of Water Resources,Voluntary,4,6,2011
Glenn_01.01.2003-06.21.2013.csv,Glenn,39.6963,-122.1406,W001,2013-09-18 13:29:54,396963N1221406W001,OAWD-Mon Well,8/3/2011,00:00,,,53.050,0.000,53.050,206.769,203.319,153.719,49.600,UNK - Unknown,Unknown,Department of Water Resources,Voluntary,8,3,2011
Glenn_01.01.2003-06.21.2013.csv,Glenn,39.6964,-122.2615,W001,2013-09-18 13:29:54,396964N1222615W001,21N04W12B002M,10/12/2011,00:00,,,142.250,0.000,142.250,251.990,251.490,109.740,141.750,ES - Electric sounder measurement,0.01 Ft,Department of Water Resources,Voluntary,10,12,2011
Glenn_01.01.2003-06.21.2013.csv,Glenn,39.6964,-122.2615,W001,2013-09-18 13:29:54,396964N1222615W001,21N04W12B002M,3/26/2012,00:00,,,140.000,4.100,135.900,251.990,251.490,116.090,135.400,ST - Steel tape measurement,0.1 Ft,Department of Water Resources,Voluntary,3,26,2012
Glenn_01.01.2003-06.21.2013.csv,Glenn,39.6964,-122.2615,W001,2013-09-18 13:29:54,396964N1222615W001,21N04W12B002M,8/1/2012,00:00,,,147.100,0.000,147.100,251.990,251.490,104.890,146.600,ES - Electric sounder measurement,0.01 Ft,Department of Water Resources,Voluntary,8,1,2012
Glenn_01.01.2003-06.21.2013.csv,Glenn,39.6964,-122.2615,W001,2013-09-18 13:29:54,396964N1222615W001,21N04W12B002M,10/17/2012,00:00,,,147.100,0.000,147.100,251.990,251.490,104.890,146.600,ES - Electric sounder measurement,0.01 Ft,Department of Water Resources,Voluntary,10,17,2012
Glenn_01.01.2003-06.21.2013.csv,Glenn,39.6964,-122.2615,W001,2013-09-18 13:29:54,396964N1222615W001,21N04W12B002M,3/13/2003,00:00,,,99.300,0.000,99.300,251.990,251.490,152.690,98.800,UNK - Unknown,Unknown,Department of Water Resources,Voluntary,3,13,2003
Glenn_01.01.2003-06.21.2013.csv,Glenn,39.6964,-122.2615,W001,2013-09-18 13:29:54,396964N1222615W001,21N04W12B002M,4/8/2003,00:00,,2 - Nearby pump operating,98.100,0.000,98.100,251.990,251.490,153.890,97.600,UNK - Unknown,Unknown,Department of Water Resources,Voluntary,4,8,2003
Glenn_01.01.2003-06.21.2013.csv,Glenn,39.6964,-122.2615,W001,2013-09-18 13:29:54,396964N1222615W001,21N04W12B002M,5/20/2003,00:00,,,98.800,0.000,98.800,251.990,251.490,153.190,98.300,UNK - Unknown,Unknown,Department of Water Resources,Voluntary,5,20,2003
Glenn_01.01.2003-06.21.2013.csv,Glenn,39.6964,-122.2615,W001,2013-09-18 13:29:54,396964N1222615W001,21N04W12B002M,6/20/2003,00:00,,,102.300,0.000,102.300,251.990,251.490,149.690,101.800,UNK - Unknown,Unknown,Department of Water Resources,Voluntary,6,20,2003
Glenn_01.01.2003-06.21.2013.csv,Glenn,39.6964,-122.2615,W001,2013-09-18 13:29:54,396964N1222615W001,21N04W12B002M,7/30/2003,00:00,,,107.000,0.000,107.000,251.990,251.490,144.990,106.500,UNK - Unknown,Unknown,Department of Water Resources,Voluntary,7,30,2003
Glenn_01.01.2003-06.21.2013.csv,Glenn,39.6964,-122.2615,W001,2013-09-18 13:29:54,396964N1222615W001,21N04W12B002M,8/28/2003,00:00,,,108.100,0.000,108.100,251.990,251.490,143.890,107.600,UNK - Unknown,Unknown,Department of Water Resources,Voluntary,8,28,2003
Glenn_01.01.2003-06.21.2013.csv,Glenn,39.6964,-122.2615,W001,2013-09-18 13:29:54,396964N1222615W001,21N04W12B002M,9/18/2003,00:00,,,108.500,0.000,108.500,251.990,251.490,143.490,108.000,UNK - Unknown,Unknown,Department of Water Resources,Voluntary,9,18,2003
Glenn_01.01.2003-06.21.2013.csv,Glenn,39.6964,-122.2615,W001,2013-09-18 13:29:54,396964N1222615W001,21N04W12B002M,10/17/2003,00:00,,,108.400,0.000,108.400,251.990,251.490,143.590,107.900,UNK - Unknown,Unknown,Department of Water Resources,Voluntary,10,17,2003
Glenn_01.01.2003-06.21.2013.csv,Glenn,39.6964,-122.2615,W001,2013-09-18 13:29:54,396964N1222615W001,21N04W12B002M,11/17/2003,00:00,,,107.300,0.000,107.300,251.990,251.490,144.690,106.800,UNK - Unknown,Unknown,Department of Water Resources,Voluntary,11,17,2003
Glenn_01.01.2003-06.21.2013.csv,Glenn,39.6964,-122.2615,W001,2013-09-18 13:29:54,396964N1222615W001,21N04W12B002M,3/31/2004,00:00,,,100.500,0.000,100.500,251.990,251.490,151.490,100.000,UNK - Unknown,Unknown,Department of Water Resources,Voluntary,3,31,2004
Glenn_01.01.2003-06.21.2013.csv,Glenn,39.6964,-122.2615,W001,2013-09-18 13:29:54,396964N1222615W001,21N04W12B002M,4/27/2004,00:00,,,101.800,0.000,101.800,251.990,251.490,150.190,101.300,UNK - Unknown,Unknown,Department of Water Resources,Voluntary,4,27,2004
Glenn_01.01.2003-06.21.2013.csv,Glenn,39.6964,-122.2615,W001,2013-09-18 13:29:54,396964N1222615W001,21N04W12B002M,5/21/2004,00:00,,2 - Nearby pump operating,104.300,0.000,104.300,251.990,251.490,147.690,103.800,UNK - Unknown,Unknown,Department of Water Resources,Voluntary,5,21,2004
Glenn_01.01.2003-06.21.2013.csv,Glenn,39.6964,-122.2615,W001,2013-09-18 13:29:54,396964N1222615W001,21N04W12B002M,6/22/2004,00:00,,,107.800,0.000,107.800,251.990,251.490,144.190,107.300,UNK - Unknown,Unknown,Department of Water Resources,Voluntary,6,22,2004
Glenn_01.01.2003-06.21.2013.csv,Glenn,39.6964,-122.2615,W001,2013-09-18 13:29:54,396964N1222615W001,21N04W12B002M,7/28/2004,00:00,,,111.900,0.000,111.900,251.990,251.490,140.090,111.400,UNK - Unknown,Unknown,Department of Water Resources,Voluntary,7,28,2004
Glenn_01.01.2003-06.21.2013.csv,Glenn,39.6964,-122.2615,W001,2013-09-18 13:29:54,396964N1222615W001,21N04W12B002M,8/25/2004,00:00,,,112.500,0.000,112.500,251.990,251.490,139.490,112.000,UNK - Unknown,Unknown,Department of Water Resources,Voluntary,8,25,2004
Glenn_01.01.2003-06.21.2013.csv,Glenn,39.6964,-122.2615,W001,2013-09-18 13:29:54,396964N1222615W001,21N04W12B002M,9/22/2004,00:00,,,112.400,0.000,112.400,251.990,251.490,139.590,111.900,UNK - Unknown,Unknown,Department of Water Resources,Voluntary,9,22,2004
Glenn_01.01.2003-06.21.2013.csv,Glenn,39.6964,-122.2615,W001,2013-09-18 13:29:54,396964N1222615W001,21N04W12B002M,10/20/2004,00:00,,,112.400,0.000,112.400,251.990,251.490,139.590,111.900,UNK - Unknown,Unknown,Department of Water Resources,Voluntary,10,20,2004
Glenn_01.01.2003-06.21.2013.csv,Glenn,39.6964,-122.2615,W001,2013-09-18 13:29:54,396964N1222615W001,21N04W12B002M,11/16/2004,00:00,,,109.000,0.000,109.000,251.990,251.490,142.990,108.500,UNK - Unknown,Unknown,Department of Water Resources,Voluntary,11,16,2004
Glenn_01.01.2003-06.21.2013.csv,Glenn,39.6964,-122.2615,W001,2013-09-18 13:29:54,396964N1222615W001,21N04W12B002M,3/29/2005,00:00,,,103.100,0.000,103.100,251.990,251.490,148.890,102.600,UNK - Unknown,Unknown,Department of Water Resources,Voluntary,3,29,2005
Glenn_01.01.2003-06.21.2013.csv,Glenn,39.6964,-122.2615,W001,2013-09-18 13:29:54,396964N1222615W001,21N04W12B002M,4/29/2005,00:00,,,102.700,0.000,102.700,251.990,251.490,149.290,102.200,UNK - Unknown,Unknown,Department of Water Resources,Voluntary,4,29,2005
Glenn_01.01.2003-06.21.2013.csv,Glenn,39.6964,-122.2615,W001,2013-09-18 13:29:54,396964N1222615W001,21N04W12B002M,5/25/2005,00:00,,,102.800,0.000,102.800,251.990,251.490,149.190,102.300,UNK - Unknown,Unknown,Department of Water Resources,Voluntary,5,25,2005
Glenn_01.01.2003-06.21.2013.csv,Glenn,39.6964,-122.2615,W001,2013-09-18 13:29:54,396964N1222615W001,21N04W12B002M,6/24/2005,00:00,,,106.700,0.000,106.700,251.990,251.490,145.290,106.200,UNK - Unknown,Unknown,Department of Water Resources,Voluntary,6,24,2005
Glenn_01.01.2003-06.21.2013.csv,Glenn,39.6964,-122.2615,W001,2013-09-18 13:29:54,396964N1222615W001,21N04W12B002M,7/27/2005,00:00,,,111.300,0.000,111.300,251.990,251.490,140.690,110.800,UNK - Unknown,Unknown,Department of Water Resources,Voluntary,7,27,2005
Glenn_01.01.2003-06.21.2013.csv,Glenn,39.6964,-122.2615,W001,2013-09-18 13:29:54,396964N1222615W001,21N04W12B002M,8/24/2005,00:00,,,112.200,0.000,112.200,251.990,251.490,139.790,111.700,UNK - Unknown,Unknown,Department of Water Resources,Voluntary,8,24,2005
Glenn_01.01.2003-06.21.2013.csv,Glenn,39.6964,-122.2615,W001,2013-09-18 13:29:54,396964N1222615W001,21N04W12B002M,9/30/2005,00:00,,,111.100,0.000,111.100,251.990,251.490,140.890,110.600,UNK - Unknown,Unknown,Department of Water Resources,Voluntary,9,30,2005
Glenn_01.01.2003-06.21.2013.csv,Glenn,39.6964,-122.2615,W001,2013-09-18 13:29:54,396964N1222615W001,21N04W12B002M,10/19/2005,00:00,,,111.600,0.000,111.600,251.990,251.490,140.390,111.100,UNK - Unknown,Unknown,Department of Water Resources,Voluntary,10,19,2005
Glenn_01.01.2003-06.21.2013.csv,Glenn,39.6964,-122.2615,W001,2013-09-18 13:29:54,396964N1222615W001,21N04W12B002M,3/28/2006,00:00,,,102.600,0.000,102.600,251.990,251.490,149.390,102.100,UNK - Unknown,Unknown,Department of Water Resources,Voluntary,3,28,2006
Glenn_01.01.2003-06.21.2013.csv,Glenn,39.6964,-122.2615,W001,2013-09-18 13:29:54,396964N1222615W001,21N04W12B002M,5/18/2006,00:00,,,102.500,0.000,102.500,251.990,251.490,149.490,102.000,UNK - Unknown,Unknown,Department of Water Resources,Voluntary,5,18,2006
Glenn_01.01.2003-06.21.2013.csv,Glenn,39.6964,-122.2615,W001,2013-09-18 13:29:54,396964N1222615W001,21N04W12B002M,8/2/2006,00:00,,,109.800,0.000,109.800,251.990,251.490,142.190,109.300,UNK - Unknown,Unknown,Department of Water Resources,Voluntary,8,2,2006
Glenn_01.01.2003-06.21.2013.csv,Glenn,39.6964,-122.2615,W001,2013-09-18 13:29:54,396964N1222615W001,21N04W12B002M,10/10/2006,00:00,,,110.000,0.000,110.000,251.990,251.490,141.990,109.500,UNK - Unknown,Unknown,Department of Water Resources,Voluntary,10,10,2006
Glenn_01.01.2003-06.21.2013.csv,Glenn,39.6964,-122.2615,W001,2013-09-18 13:29:54,396964N1222615W001,21N04W12B002M,3/19/2007,00:00,,,103.420,0.000,103.420,251.990,251.490,148.570,102.920,UNK - Unknown,Unknown,Department of Water Resources,Voluntary,3,19,2007
Glenn_01.01.2003-06.21.2013.csv,Glenn,39.6964,-122.2615,W001,2013-09-18 13:29:54,396964N1222615W001,21N04W12B002M,8/6/2007,00:00,,,115.580,0.000,115.580,251.990,251.490,136.410,115.080,UNK - Unknown,Unknown,Department of Water Resources,Voluntary,8,6,2007
Glenn_01.01.2003-06.21.2013.csv,Glenn,39.6964,-122.2615,W001,2013-09-18 13:29:54,396964N1222615W001,21N04W12B002M,10/16/2007,00:00,,,113.450,0.000,113.450,251.990,251.490,138.540,112.950,UNK - Unknown,Unknown,Department of Water Resources,Voluntary,10,16,2007
Glenn_01.01.2003-06.21.2013.csv,Glenn,39.6964,-122.2615,W001,2013-09-18 13:29:54,396964N1222615W001,21N04W12B002M,3/13/2008,00:00,,,108.350,0.000,108.350,251.990,251.490,143.640,107.850,UNK - Unknown,Unknown,Department of Water Resources,Voluntary,3,13,2008
Glenn_01.01.2003-06.21.2013.csv,Glenn,39.6964,-122.2615,W001,2013-09-18 13:29:54,396964N1222615W001,21N04W12B002M,8/5/2008,00:00,,,122.290,0.000,122.290,251.990,251.490,129.700,121.790,UNK - Unknown,Unknown,Department of Water Resources,Voluntary,8,5,2008
Glenn_01.01.2003-06.21.2013.csv,Glenn,39.6964,-122.2615,W001,2013-09-18 13:29:54,396964N1222615W001,21N04W12B002M,10/22/2008,00:00,,,136.620,0.000,136.620,251.990,251.490,115.370,136.120,UNK - Unknown,Unknown,Department of Water Resources,Voluntary,10,22,2008
Glenn_01.01.2003-06.21.2013.csv,Glenn,39.6964,-122.2615,W001,2013-09-18 13:29:54,396964N1222615W001,21N04W12B002M,1/13/2009,00:00,,,121.700,0.000,121.700,251.990,251.490,130.290,121.200,UNK - Unknown,Unknown,Department of Water Resources,Voluntary,1,13,2009
Glenn_01.01.2003-06.21.2013.csv,Glenn,39.6964,-122.2615,W001,2013-09-18 13:29:54,396964N1222615W001,21N04W12B002M,3/23/2009,00:00,,,119.460,0.000,119.460,251.990,251.490,132.530,118.960,UNK - Unknown,Unknown,Department of Water Resources,Voluntary,3,23,2009
Glenn_01.01.2003-06.21.2013.csv,Glenn,39.6964,-122.2615,W001,2013-09-18 13:29:54,396964N1222615W001,21N04W12B002M,5/13/2009,00:00,,,138.120,0.000,138.120,251.990,251.490,113.870,137.620,UNK - Unknown,Unknown,Department of Water Resources,Voluntary,5,13,2009
Glenn_01.01.2003-06.21.2013.csv,Glenn,39.6964,-122.2615,W001,2013-09-18 13:29:54,396964N1222615W001,21N04W12B002M,6/26/2009,00:00,,,145.000,0.000,145.000,251.990,251.490,106.990,144.500,UNK - Unknown,Unknown,Department of Water Resources,Voluntary,6,26,2009
Glenn_01.01.2003-06.21.2013.csv,Glenn,39.6964,-122.2615,W001,2013-09-18 13:29:54,396964N1222615W001,21N04W12B002M,8/5/2009,00:00,,,147.470,0.000,147.470,251.990,251.490,104.520,146.970,UNK - Unknown,Unknown,Department of Water Resources,Voluntary,8,5,2009
Glenn_01.01.2003-06.21.2013.csv,Glenn,39.6964,-122.2615,W001,2013-09-18 13:29:54,396964N1222615W001,21N04W12B002M,9/15/2009,00:00,,,146.420,0.000,146.420,251.990,251.490,105.570,145.920,UNK - Unknown,Unknown,Department of Water Resources,Voluntary,9,15,2009
Glenn_01.01.2003-06.21.2013.csv,Glenn,39.6964,-122.2615,W001,2013-09-18 13:29:54,396964N1222615W001,21N04W12B002M,10/23/2009,00:00,,,142.850,0.000,142.850,251.990,251.490,109.140,142.350,UNK - Unknown,Unknown,Department of Water Resources,Voluntary,10,23,2009
Glenn_01.01.2003-06.21.2013.csv,Glenn,39.6964,-122.2615,W001,2013-09-18 13:29:54,396964N1222615W001,21N04W12B002M,3/23/2010,00:00,,,131.080,0.000,131.080,251.990,251.490,120.910,130.580,UNK - Unknown,Unknown,Department of Water Resources,Voluntary,3,23,2010
Glenn_01.01.2003-06.21.2013.csv,Glenn,39.6964,-122.2615,W001,2013-09-18 13:29:54,396964N1222615W001,21N04W12B002M,8/3/2010,00:00,,,143.970,0.000,143.970,251.990,251.490,108.020,143.470,UNK - Unknown,Unknown,Department of Water Resources,Voluntary,8,3,2010
Glenn_01.01.2003-06.21.2013.csv,Glenn,39.6964,-122.2615,W001,2013-09-18 13:29:54,396964N1222615W001,21N04W12B002M,10/18/2010,00:00,,,142.290,0.000,142.290,251.990,251.490,109.700,141.790,UNK - Unknown,Unknown,Department of Water Resources,Voluntary,10,18,2010
Glenn_01.01.2003-06.21.2013.csv,Glenn,39.6964,-122.2615,W001,2013-09-18 13:29:54,396964N1222615W001,21N04W12B002M,4/5/2011,00:00,,,130.950,0.000,130.950,251.990,251.490,121.040,130.450,UNK - Unknown,Unknown,Department of Water Resources,Voluntary,4,5,2011
Glenn_01.01.2003-06.21.2013.csv,Glenn,39.6964,-122.2615,W001,2013-09-18 13:29:54,396964N1222615W001,21N04W12B002M,8/3/2011,00:00,,,141.750,0.000,141.750,251.990,251.490,110.240,141.250,UNK - Unknown,Unknown,Department of Water Resources,Voluntary,8,3,2011
Glenn_01.01.2003-06.21.2013.csv,Glenn,39.6964,-122.2615,W001,2013-09-18 13:29:54,396964N1222615W001,21N04W12B002M,10/12/2011,00:00,,,142.250,0.000,142.250,251.990,251.490,109.740,141.750,UNK - Unknown,Unknown,Department of Water Resources,Voluntary,10,12,2011
Glenn_01.01.2003-06.21.2013.csv,Glenn,39.6964,-122.2615,W001,2013-09-18 13:29:54,396964N1222615W001,21N04W12B002M,3/19/2013,00:00,,,145.400,0.000,145.400,251.990,251.490,106.590,144.900,ES - Electric sounder measurement,0.01 Ft,Department of Water Resources,Voluntary,3,19,2013
Glenn_01.01.2003-06.21.2013.csv,Glenn,39.6966,-122.2294,W001,2013-09-18 13:29:54,396966N1222294W001,,10/15/2012,00:00,,,85.000,5.000,80.000,222.470,222.470,142.470,80.000,ST - Steel tape measurement,0.1 Ft,Bureau of Reclamation,Voluntary,10,15,2012
Glenn_01.01.2003-06.21.2013.csv,Glenn,39.6966,-122.2294,W001,2013-09-18 13:29:54,396966N1222294W001,,4/15/2013,00:00,,,72.000,2.700,69.300,222.470,222.470,153.170,69.300,ST - Steel tape measurement,0.1 Ft,Bureau of Reclamation,Voluntary,4,15,2013
Glenn_01.01.2003-06.21.2013.csv,Glenn,39.6966,-122.2294,W001,2013-09-18 13:29:54,396966N1222294W001,,4/7/2003,00:00,,,57.500,0.000,57.500,222.470,222.470,164.970,57.500,UNK - Unknown,Unknown,Bureau of Reclamation,Voluntary,4,7,2003
Glenn_01.01.2003-06.21.2013.csv,Glenn,39.6966,-122.2294,W001,2013-09-18 13:29:54,396966N1222294W001,,10/14/2003,00:00,,,57.900,0.000,57.900,222.470,222.470,164.570,57.900,UNK - Unknown,Unknown,Bureau of Reclamation,Voluntary,10,14,2003
Glenn_01.01.2003-06.21.2013.csv,Glenn,39.6966,-122.2294,W001,2013-09-18 13:29:54,396966N1222294W001,,4/1/2004,00:00,,,59.700,0.000,59.700,222.470,222.470,162.770,59.700,UNK - Unknown,Unknown,Bureau of Reclamation,Voluntary,4,1,2004
Glenn_01.01.2003-06.21.2013.csv,Glenn,39.6966,-122.2294,W001,2013-09-18 13:29:54,396966N1222294W001,,11/5/2004,00:00,8 - Casing leaking or wet,,NULL,NULL,NULL,222.470,222.470,NULL,NULL,,,Bureau of Reclamation,Voluntary,MANY FALSE READINGS11,5,2004
Glenn_01.01.2003-06.21.2013.csv,Glenn,39.6966,-122.2294,W001,2013-09-18 13:29:54,396966N1222294W001,,4/14/2005,00:00,,,56.500,0.000,56.500,222.470,222.470,165.970,56.500,UNK - Unknown,Unknown,Bureau of Reclamation,Voluntary,4,14,2005
Glenn_01.01.2003-06.21.2013.csv,Glenn,39.6966,-122.2294,W001,2013-09-18 13:29:54,396966N1222294W001,,10/18/2005,00:00,1 - Pumping,,NULL,NULL,NULL,222.470,222.470,NULL,NULL,,,Bureau of Reclamation,Voluntary,PUMPING10,18,2005
Glenn_01.01.2003-06.21.2013.csv,Glenn,39.6966,-122.2294,W001,2013-09-18 13:29:54,396966N1222294W001,,3/30/2006,00:00,,3 - Casing leaking or wet,55.200,0.000,55.200,222.470,222.470,167.270,55.200,UNK - Unknown,Unknown,Bureau of Reclamation,Voluntary,3,30,2006
Glenn_01.01.2003-06.21.2013.csv,Glenn,39.6966,-122.2294,W001,2013-09-18 13:29:54,396966N1222294W001,,3/28/2007,00:00,,,63.300,0.000,63.300,222.470,222.470,159.170,63.300,UNK - Unknown,Unknown,Bureau of Reclamation,Voluntary,3,28,2007
Glenn_01.01.2003-06.21.2013.csv,Glenn,39.6966,-122.2294,W001,2013-09-18 13:29:54,396966N1222294W001,,10/17/2006,00:00,8 - Casing leaking or wet,,NULL,NULL,NULL,222.470,222.470,NULL,NULL,,,Bureau of Reclamation,Voluntary,10,17,2006
Glenn_01.01.2003-06.21.2013.csv,Glenn,39.6966,-122.2294,W001,2013-09-18 13:29:54,396966N1222294W001,,10/23/2007,00:00,,,70.300,0.000,70.300,222.470,222.470,152.170,70.300,UNK - Unknown,Unknown,Bureau of Reclamation,Voluntary,2X CHECKED10,23,2007
Glenn_01.01.2003-06.21.2013.csv,Glenn,39.6966,-122.2294,W001,2013-09-18 13:29:54,396966N1222294W001,,3/14/2008,00:00,,,65.600,0.000,65.600,222.470,222.470,156.870,65.600,UNK - Unknown,Unknown,Bureau of Reclamation,Voluntary,3,14,2008
Glenn_01.01.2003-06.21.2013.csv,Glenn,39.6966,-122.2294,W001,2013-09-18 13:29:54,396966N1222294W001,,9/30/2008,00:00,,,89.400,0.000,89.400,222.470,222.470,133.070,89.400,UNK - Unknown,Unknown,Bureau of Reclamation,Voluntary,9,30,2008
Glenn_01.01.2003-06.21.2013.csv,Glenn,39.6966,-122.2294,W001,2013-09-18 13:29:54,396966N1222294W001,,3/23/2009,00:00,,,54.800,0.000,54.800,222.470,222.470,167.670,54.800,UNK - Unknown,Unknown,Bureau of Reclamation,Voluntary,3,23,2009
Glenn_01.01.2003-06.21.2013.csv,Glenn,39.6966,-122.2294,W001,2013-09-18 13:29:54,396966N1222294W001,,10/20/2009,00:00,,,92.900,0.000,92.900,222.470,222.470,129.570,92.900,UNK - Unknown,Unknown,Bureau of Reclamation,Voluntary,10,20,2009
Glenn_01.01.2003-06.21.2013.csv,Glenn,39.6966,-122.2294,W001,2013-09-18 13:29:54,396966N1222294W001,,4/8/2010,00:00,,,80.400,0.000,80.400,222.470,222.470,142.070,80.400,UNK - Unknown,Unknown,Bureau of Reclamation,Voluntary,DOUBLE-CHECKED4,8,2010
Glenn_01.01.2003-06.21.2013.csv,Glenn,39.6966,-122.2294,W001,2013-09-18 13:29:54,396966N1222294W001,,10/18/2010,00:00,,,91.700,0.000,91.700,222.470,222.470,130.770,91.700,UNK - Unknown,Unknown,Bureau of Reclamation,Voluntary,10,18,2010
Glenn_01.01.2003-06.21.2013.csv,Glenn,39.6966,-122.2294,W001,2013-09-18 13:29:54,396966N1222294W001,,4/4/2011,00:00,,,63.600,0.000,63.600,222.470,222.470,158.870,63.600,UNK - Unknown,Unknown,Bureau of Reclamation,Voluntary,4,4,2011
Glenn_01.01.2003-06.21.2013.csv,Glenn,39.6966,-122.2294,W001,2013-09-18 13:29:54,396966N1222294W001,,10/11/2011,00:00,,,87.800,0.000,87.800,222.470,222.470,134.670,87.800,UNK - Unknown,Unknown,Bureau of Reclamation,Voluntary,10,11,2011
Glenn_01.01.2003-06.21.2013.csv,Glenn,39.6966,-122.2294,W001,2013-09-18 13:29:54,396966N1222294W001,,3/26/2012,00:00,,,65.600,0.000,65.600,222.470,222.470,156.870,65.600,UNK - Unknown,Unknown,Bureau of Reclamation,Voluntary,3,26,2012
Glenn_01.01.2003-06.21.2013.csv,Glenn,39.6971,-121.9893,W001,2013-09-18 13:29:54,396971N1219893W001,21N01W04N001M,10/11/2011,00:00,,,18.890,0.000,18.890,137.680,137.380,118.790,18.590,ES - Electric sounder measurement,0.01 Ft,Department of Water Resources,Voluntary,10,11,2011
Glenn_01.01.2003-06.21.2013.csv,Glenn,39.6971,-121.9893,W001,2013-09-18 13:29:54,396971N1219893W001,21N01W04N001M,3/29/2012,00:00,5 - Unable to locate well,,NULL,NULL,NULL,137.680,137.380,NULL,NULL,,,Department of Water Resources,Voluntary,3,29,2012
Glenn_01.01.2003-06.21.2013.csv,Glenn,39.6971,-121.9893,W001,2013-09-18 13:29:54,396971N1219893W001,21N01W04N001M,8/2/2012,00:00,,,27.100,0.000,27.100,137.680,137.380,110.580,26.800,ES - Electric sounder measurement,0.01 Ft,Department of Water Resources,Voluntary,8,2,2012
Glenn_01.01.2003-06.21.2013.csv,Glenn,39.6971,-121.9893,W001,2013-09-18 13:29:54,396971N1219893W001,21N01W04N001M,10/16/2012,00:00,,,21.620,0.000,21.620,137.680,137.380,116.060,21.320,ES - Electric sounder measurement,0.01 Ft,Department of Water Resources,Voluntary,10,16,2012
Glenn_01.01.2003-06.21.2013.csv,Glenn,39.6971,-121.9893,W001,2013-09-18 13:29:54,396971N1219893W001,21N01W04N001M,3/18/2013,00:00,,,20.300,0.000,20.300,137.680,137.380,117.380,20.000,ES - Electric sounder measurement,0.01 Ft,Department of Water Resources,Voluntary,3,18,2013
Glenn_01.01.2003-06.21.2013.csv,Glenn,39.6971,-122.2533,W001,2013-09-18 13:29:54,396971N1222533W001,21N04W12A002M,10/12/2011,00:00,,,140.070,0.000,140.070,249.880,247.880,109.810,138.070,ES - Electric sounder measurement,0.01 Ft,Department of Water Resources,CASGEM,10,12,2011
Glenn_01.01.2003-06.21.2013.csv,Glenn,39.6971,-122.2533,W001,2013-09-18 13:29:54,396971N1222533W001,21N04W12A002M,3/26/2012,00:00,,,130.940,0.000,130.940,249.880,247.880,118.940,128.940,ES - Electric sounder measurement,0.01 Ft,Department of Water Resources,CASGEM,3,26,2012
Glenn_01.01.2003-06.21.2013.csv,Glenn,39.6971,-122.2533,W001,2013-09-18 13:29:54,396971N1222533W001,21N04W12A002M,8/1/2012,00:00,,,149.510,0.000,149.510,249.880,247.880,100.370,147.510,ES - Electric sounder measurement,0.01 Ft,Department of Water Resources,CASGEM,8,1,2012
Glenn_01.01.2003-06.21.2013.csv,Glenn,39.6971,-122.2533,W001,2013-09-18 13:29:54,396971N1222533W001,21N04W12A002M,10/17/2012,00:00,,,147.190,0.000,147.190,249.880,247.880,102.690,145.190,ES - Electric sounder measurement,0.01 Ft,Department of Water Resources,CASGEM,10,17,2012
Glenn_01.01.2003-06.21.2013.csv,Glenn,39.6971,-122.2533,W001,2013-09-18 13:29:54,396971N1222533W001,21N04W12A002M,3/19/2013,00:00,,,138.860,0.000,138.860,249.880,247.880,111.020,136.860,ES - Electric sounder measurement,0.01 Ft,Department of Water Resources,CASGEM,3,19,2013
Glenn_01.01.2003-06.21.2013.csv,Glenn,39.6971,-122.2533,W001,2013-09-18 13:29:54,396971N1222533W001,21N04W12A002M,2/18/2003,00:00,,,105.600,0.000,105.600,249.880,247.880,144.280,103.600,UNK - Unknown,Unknown,Department of Water Resources,Voluntary,2,18,2003
Glenn_01.01.2003-06.21.2013.csv,Glenn,39.6971,-122.2533,W001,2013-09-18 13:29:54,396971N1222533W001,21N04W12A002M,1/8/2003,00:00,,,108.620,0.000,108.620,249.880,247.880,141.260,106.620,UNK - Unknown,Unknown,Department of Water Resources,Voluntary,1,8,2003
Glenn_01.01.2003-06.21.2013.csv,Glenn,39.6971,-122.2533,W001,2013-09-18 13:29:54,396971N1222533W001,21N04W12A002M,3/13/2003,00:00,,,104.900,0.000,104.900,249.880,247.880,144.980,102.900,UNK - Unknown,Unknown,Department of Water Resources,Voluntary,3,13,2003
Glenn_01.01.2003-06.21.2013.csv,Glenn,39.6971,-122.2533,W001,2013-09-18 13:29:54,396971N1222533W001,21N04W12A002M,4/9/2003,00:00,,,102.800,0.000,102.800,249.880,247.880,147.080,100.800,UNK - Unknown,Unknown,Department of Water Resources,Voluntary,4,9,2003
Glenn_01.01.2003-06.21.2013.csv,Glenn,39.6971,-122.2533,W001,2013-09-18 13:29:54,396971N1222533W001,21N04W12A002M,5/28/2003,00:00,,,111.500,0.000,111.500,249.880,247.880,138.380,109.500,UNK - Unknown,Unknown,Department of Water Resources,Voluntary,5,28,2003
Glenn_01.01.2003-06.21.2013.csv,Glenn,39.6971,-122.2533,W001,2013-09-18 13:29:54,396971N1222533W001,21N04W12A002M,6/19/2003,00:00,,,123.900,0.000,123.900,249.880,247.880,125.980,121.900,UNK - Unknown,Unknown,Department of Water Resources,Voluntary,6,19,2003
Glenn_01.01.2003-06.21.2013.csv,Glenn,39.6971,-122.2533,W001,2013-09-18 13:29:54,396971N1222533W001,21N04W12A002M,7/30/2003,00:00,,,134.700,0.000,134.700,249.880,247.880,115.180,132.700,UNK - Unknown,Unknown,Department of Water Resources,Voluntary,7,30,2003
Glenn_01.01.2003-06.21.2013.csv,Glenn,39.6971,-122.2533,W001,2013-09-18 13:29:54,396971N1222533W001,21N04W12A002M,8/26/2003,00:00,,,132.100,0.000,132.100,249.880,247.880,117.780,130.100,UNK - Unknown,Unknown,Department of Water Resources,Voluntary,8,26,2003
Glenn_01.01.2003-06.21.2013.csv,Glenn,39.6971,-122.2533,W001,2013-09-18 13:29:54,396971N1222533W001,21N04W12A002M,9/22/2003,00:00,,,130.900,0.000,130.900,249.880,247.880,118.980,128.900,UNK - Unknown,Unknown,Department of Water Resources,Voluntary,9,22,2003
Glenn_01.01.2003-06.21.2013.csv,Glenn,39.6971,-122.2533,W001,2013-09-18 13:29:54,396971N1222533W001,21N04W12A002M,10/16/2003,00:00,,,124.700,0.000,124.700,249.880,247.880,125.180,122.700,UNK - Unknown,Unknown,Department of Water Resources,Voluntary,10,16,2003
Glenn_01.01.2003-06.21.2013.csv,Glenn,39.6971,-122.2533,W001,2013-09-18 13:29:54,396971N1222533W001,21N04W12A002M,11/25/2003,00:00,,,118.400,0.000,118.400,249.880,247.880,131.480,116.400,UNK - Unknown,Unknown,Department of Water Resources,Voluntary,11,25,2003
Glenn_01.01.2003-06.21.2013.csv,Glenn,39.6971,-122.2533,W001,2013-09-18 13:29:54,396971N1222533W001,21N04W12A002M,12/9/2003,00:00,,,115.500,0.000,115.500,249.880,247.880,134.380,113.500,UNK - Unknown,Unknown,Department of Water Resources,Voluntary,12,9,2003
Glenn_01.01.2003-06.21.2013.csv,Glenn,39.6971,-122.2533,W001,2013-09-18 13:29:54,396971N1222533W001,21N04W12A002M,3/31/2004,00:00,,2 - Nearby pump operating,105.900,0.000,105.900,249.880,247.880,143.980,103.900,UNK - Unknown,Unknown,Department of Water Resources,Voluntary,3,31,2004
Glenn_01.01.2003-06.21.2013.csv,Glenn,39.6971,-122.2533,W001,2013-09-18 13:29:54,396971N1222533W001,21N04W12A002M,4/26/2004,00:00,,,112.800,0.000,112.800,249.880,247.880,137.080,110.800,UNK - Unknown,Unknown,Department of Water Resources,Voluntary,4,26,2004
Glenn_01.01.2003-06.21.2013.csv,Glenn,39.6971,-122.2533,W001,2013-09-18 13:29:54,396971N1222533W001,21N04W12A002M,5/21/2004,00:00,,2 - Nearby pump operating,121.600,0.000,121.600,249.880,247.880,128.280,119.600,UNK - Unknown,Unknown,Department of Water Resources,Voluntary,5,21,2004
Glenn_01.01.2003-06.21.2013.csv,Glenn,39.6971,-122.2533,W001,2013-09-18 13:29:54,396971N1222533W001,21N04W12A002M,2/10/2004,00:00,,,107.800,0.000,107.800,249.880,247.880,142.080,105.800,UNK - Unknown,Unknown,Department of Water Resources,Voluntary,2,10,2004
Glenn_01.01.2003-06.21.2013.csv,Glenn,39.6971,-122.2533,W001,2013-09-18 13:29:54,396971N1222533W001,21N04W12A002M,7/27/2004,00:00,,,137.900,0.000,137.900,249.880,247.880,111.980,135.900,UNK - Unknown,Unknown,Department of Water Resources,Voluntary,7,27,2004
Glenn_01.01.2003-06.21.2013.csv,Glenn,39.6971,-122.2533,W001,2013-09-18 13:29:54,396971N1222533W001,21N04W12A002M,6/21/2004,00:00,,,131.400,0.000,131.400,249.880,247.880,118.480,129.400,UNK - Unknown,Unknown,Department of Water Resources,Voluntary,6,21,2004
Glenn_01.01.2003-06.21.2013.csv,Glenn,39.6971,-122.2533,W001,2013-09-18 13:29:54,396971N1222533W001,21N04W12A002M,8/24/2004,00:00,,,132.300,0.000,132.300,249.880,247.880,117.580,130.300,UNK - Unknown,Unknown,Department of Water Resources,Voluntary,8,24,2004
Glenn_01.01.2003-06.21.2013.csv,Glenn,39.6971,-122.2533,W001,2013-09-18 13:29:54,396971N1222533W001,21N04W12A002M,9/21/2004,00:00,,,129.000,0.000,129.000,249.880,247.880,120.880,127.000,UNK - Unknown,Unknown,Department of Water Resources,Voluntary,9,21,2004
Glenn_01.01.2003-06.21.2013.csv,Glenn,39.6971,-122.2533,W001,2013-09-18 13:29:54,396971N1222533W001,21N04W12A002M,10/19/2004,00:00,,,128.500,0.000,128.500,249.880,247.880,121.380,126.500,UNK - Unknown,Unknown,Department of Water Resources,Voluntary,10,19,2004
Glenn_01.01.2003-06.21.2013.csv,Glenn,39.6971,-122.2533,W001,2013-09-18 13:29:54,396971N1222533W001,21N04W12A002M,11/22/2004,00:00,,,119.200,0.000,119.200,249.880,247.880,130.680,117.200,UNK - Unknown,Unknown,Department of Water Resources,Voluntary,11,22,2004
Glenn_01.01.2003-06.21.2013.csv,Glenn,39.6971,-122.2533,W001,2013-09-18 13:29:54,396971N1222533W001,21N04W12A002M,3/31/2005,00:00,,,107.600,0.000,107.600,249.880,247.880,142.280,105.600,UNK - Unknown,Unknown,Department of Water Resources,Voluntary,3,31,2005
Glenn_01.01.2003-06.21.2013.csv,Glenn,39.6971,-122.2533,W001,2013-09-18 13:29:54,396971N1222533W001,21N04W12A002M,4/29/2005,00:00,,,109.100,0.000,109.100,249.880,247.880,140.780,107.100,UNK - Unknown,Unknown,Department of Water Resources,Voluntary,4,29,2005
Glenn_01.01.2003-06.21.2013.csv,Glenn,39.6971,-122.2533,W001,2013-09-18 13:29:54,396971N1222533W001,21N04W12A002M,5/25/2005,00:00,,,113.700,0.000,113.700,249.880,247.880,136.180,111.700,UNK - Unknown,Unknown,Department of Water Resources,Voluntary,5,25,2005
Glenn_01.01.2003-06.21.2013.csv,Glenn,39.6971,-122.2533,W001,2013-09-18 13:29:54,396971N1222533W001,21N04W12A002M,6/24/2005,00:00,,,126.800,0.000,126.800,249.880,247.880,123.080,124.800,UNK - Unknown,Unknown,Department of Water Resources,Voluntary,6,24,2005
Glenn_01.01.2003-06.21.2013.csv,Glenn,39.6971,-122.2533,W001,2013-09-18 13:29:54,396971N1222533W001,21N04W12A002M,7/27/2005,00:00,,,136.700,0.000,136.700,249.880,247.880,113.180,134.700,UNK - Unknown,Unknown,Department of Water Resources,Voluntary,7,27,2005
Glenn_01.01.2003-06.21.2013.csv,Glenn,39.6971,-122.2533,W001,2013-09-18 13:29:54,396971N1222533W001,21N04W12A002M,8/24/2005,00:00,,,133.900,0.000,133.900,249.880,247.880,115.980,131.900,UNK - Unknown,Unknown,Department of Water Resources,Voluntary,8,24,2005
Glenn_01.01.2003-06.21.2013.csv,Glenn,39.6971,-122.2533,W001,2013-09-18 13:29:54,396971N1222533W001,21N04W12A002M,9/30/2005,00:00,,,126.100,0.000,126.100,249.880,247.880,123.780,124.100,UNK - Unknown,Unknown,Department of Water Resources,Voluntary,9,30,2005
Glenn_01.01.2003-06.21.2013.csv,Glenn,39.6971,-122.2533,W001,2013-09-18 13:29:54,396971N1222533W001,21N04W12A002M,10/19/2005,00:00,,,128.200,0.000,128.200,249.880,247.880,121.680,126.200,UNK - Unknown,Unknown,Department of Water Resources,Voluntary,10,19,2005
Glenn_01.01.2003-06.21.2013.csv,Glenn,39.6971,-122.2533,W001,2013-09-18 13:29:54,396971N1222533W001,21N04W12A002M,3/28/2006,00:00,,,107.200,0.000,107.200,249.880,247.880,142.680,105.200,UNK - Unknown,Unknown,Department of Water Resources,Voluntary,3,28,2006
Glenn_01.01.2003-06.21.2013.csv,Glenn,39.6971,-122.2533,W001,2013-09-18 13:29:54,396971N1222533W001,21N04W12A002M,5/18/2006,00:00,,,116.600,0.000,116.600,249.880,247.880,133.280,114.600,UNK - Unknown,Unknown,Department of Water Resources,Voluntary,5,18,2006
Glenn_01.01.2003-06.21.2013.csv,Glenn,39.6971,-122.2533,W001,2013-09-18 13:29:54,396971N1222533W001,21N04W12A002M,8/2/2006,00:00,,,133.700,0.000,133.700,249.880,247.880,116.180,131.700,UNK - Unknown,Unknown,Department of Water Resources,Voluntary,8,2,2006
Glenn_01.01.2003-06.21.2013.csv,Glenn,39.6971,-122.2533,W001,2013-09-18 13:29:54,396971N1222533W001,21N04W12A002M,10/10/2006,00:00,,,128.100,0.000,128.100,249.880,247.880,121.780,126.100,UNK - Unknown,Unknown,Department of Water Resources,Voluntary,10,10,2006
Glenn_01.01.2003-06.21.2013.csv,Glenn,39.6971,-122.2533,W001,2013-09-18 13:29:54,396971N1222533W001,21N04W12A002M,3/19/2007,00:00,,,113.420,0.000,113.420,249.880,247.880,136.460,111.420,UNK - Unknown,Unknown,Department of Water Resources,Voluntary,3,19,2007
Glenn_01.01.2003-06.21.2013.csv,Glenn,39.6971,-122.2533,W001,2013-09-18 13:29:54,396971N1222533W001,21N04W12A002M,8/6/2007,00:00,,,145.470,0.000,145.470,249.880,247.880,104.410,143.470,UNK - Unknown,Unknown,Department of Water Resources,Voluntary,8,6,2007
Glenn_01.01.2003-06.21.2013.csv,Glenn,39.6971,-122.2533,W001,2013-09-18 13:29:54,396971N1222533W001,21N04W12A002M,10/16/2007,00:00,,,130.850,0.000,130.850,249.880,247.880,119.030,128.850,UNK - Unknown,Unknown,Department of Water Resources,Voluntary,10,16,2007
Glenn_01.01.2003-06.21.2013.csv,Glenn,39.6971,-122.2533,W001,2013-09-18 13:29:54,396971N1222533W001,21N04W12A002M,1/16/2008,00:00,,,120.310,0.000,120.310,249.880,247.880,129.570,118.310,UNK - Unknown,Unknown,Department of Water Resources,Voluntary,1,16,2008
Glenn_01.01.2003-06.21.2013.csv,Glenn,39.6971,-122.2533,W001,2013-09-18 13:29:54,396971N1222533W001,21N04W12A002M,3/13/2008,00:00,,,119.080,0.000,119.080,249.880,247.880,130.800,117.080,UNK - Unknown,Unknown,Department of Water Resources,Voluntary,3,13,2008
Glenn_01.01.2003-06.21.2013.csv,Glenn,39.6971,-122.2533,W001,2013-09-18 13:29:54,396971N1222533W001,21N04W12A002M,6/20/2008,00:00,,,150.700,0.000,150.700,249.880,247.880,99.180,148.700,UNK - Unknown,Unknown,County of Glenn,Voluntary,6,20,2008
Glenn_01.01.2003-06.21.2013.csv,Glenn,39.6971,-122.2533,W001,2013-09-18 13:29:54,396971N1222533W001,21N04W12A002M,7/7/2008,00:00,,,154.320,0.000,154.320,249.880,247.880,95.560,152.320,UNK - Unknown,Unknown,County of Glenn,Voluntary,7,7,2008
Glenn_01.01.2003-06.21.2013.csv,Glenn,39.6971,-122.2533,W001,2013-09-18 13:29:54,396971N1222533W001,21N04W12A002M,7/8/2008,00:00,,,154.920,0.000,154.920,249.880,247.880,94.960,152.920,UNK - Unknown,Unknown,County of Glenn,Voluntary,7,8,2008
Glenn_01.01.2003-06.21.2013.csv,Glenn,39.6971,-122.2533,W001,2013-09-18 13:29:54,396971N1222533W001,21N04W12A002M,8/5/2008,00:00,,,161.950,0.000,161.950,249.880,247.880,87.930,159.950,UNK - Unknown,Unknown,Department of Water Resources,Voluntary,8,5,2008
Glenn_01.01.2003-06.21.2013.csv,Glenn,39.6971,-122.2533,W001,2013-09-18 13:29:54,396971N1222533W001,21N04W12A002M,10/22/2008,00:00,,,156.650,0.000,156.650,249.880,247.880,93.230,154.650,UNK - Unknown,Unknown,Department of Water Resources,Voluntary,10,22,2008
Glenn_01.01.2003-06.21.2013.csv,Glenn,39.6971,-122.2533,W001,2013-09-18 13:29:54,396971N1222533W001,21N04W12A002M,1/13/2009,00:00,,,136.410,0.000,136.410,249.880,247.880,113.470,134.410,UNK - Unknown,Unknown,Department of Water Resources,Voluntary,1,13,2009
Glenn_01.01.2003-06.21.2013.csv,Glenn,39.6971,-122.2533,W001,2013-09-18 13:29:54,396971N1222533W001,21N04W12A002M,3/23/2009,00:00,,,119.630,0.000,119.630,249.880,247.880,130.250,117.630,UNK - Unknown,Unknown,Department of Water Resources,Voluntary,3,23,2009
Glenn_01.01.2003-06.21.2013.csv,Glenn,39.6971,-122.2533,W001,2013-09-18 13:29:54,396971N1222533W001,21N04W12A002M,5/13/2009,00:00,,,140.670,0.000,140.670,249.880,247.880,109.210,138.670,UNK - Unknown,Unknown,Department of Water Resources,Voluntary,5,13,2009
Glenn_01.01.2003-06.21.2013.csv,Glenn,39.6971,-122.2533,W001,2013-09-18 13:29:54,396971N1222533W001,21N04W12A002M,6/25/2009,00:00,,,150.500,0.000,150.500,249.880,247.880,99.380,148.500,UNK - Unknown,Unknown,Department of Water Resources,Voluntary,6,25,2009
Glenn_01.01.2003-06.21.2013.csv,Glenn,39.6971,-122.2533,W001,2013-09-18 13:29:54,396971N1222533W001,21N04W12A002M,8/5/2009,00:00,,,154.460,0.000,154.460,249.880,247.880,95.420,152.460,UNK - Unknown,Unknown,Department of Water Resources,Voluntary,8,5,2009
Glenn_01.01.2003-06.21.2013.csv,Glenn,39.6971,-122.2533,W001,2013-09-18 13:29:54,396971N1222533W001,21N04W12A002M,9/15/2009,00:00,,,147.370,0.000,147.370,249.880,247.880,102.510,145.370,UNK - Unknown,Unknown,Department of Water Resources,Voluntary,9,15,2009
Glenn_01.01.2003-06.21.2013.csv,Glenn,39.6971,-122.2533,W001,2013-09-18 13:29:54,396971N1222533W001,21N04W12A002M,10/23/2009,00:00,,,142.320,0.000,142.320,249.880,247.880,107.560,140.320,UNK - Unknown,Unknown,Department of Water Resources,Voluntary,10,23,2009
Glenn_01.01.2003-06.21.2013.csv,Glenn,39.6971,-122.2533,W001,2013-09-18 13:29:54,396971N1222533W001,21N04W12A002M,3/23/2010,00:00,,,126.360,0.000,126.360,249.880,247.880,123.520,124.360,UNK - Unknown,Unknown,Department of Water Resources,Voluntary,3,23,2010
Glenn_01.01.2003-06.21.2013.csv,Glenn,39.6971,-122.2533,W001,2013-09-18 13:29:54,396971N1222533W001,21N04W12A002M,8/3/2010,00:00,,,146.020,0.000,146.020,249.880,247.880,103.860,144.020,UNK - Unknown,Unknown,Department of Water Resources,Voluntary,8,3,2010
Glenn_01.01.2003-06.21.2013.csv,Glenn,39.6971,-122.2533,W001,2013-09-18 13:29:54,396971N1222533W001,21N04W12A002M,10/18/2010,00:00,,,140.650,0.000,140.650,249.880,247.880,109.230,138.650,UNK - Unknown,Unknown,Department of Water Resources,Voluntary,10,18,2010
Glenn_01.01.2003-06.21.2013.csv,Glenn,39.6971,-122.2533,W001,2013-09-18 13:29:54,396971N1222533W001,21N04W12A002M,4/5/2011,00:00,,,125.520,0.000,125.520,249.880,247.880,124.360,123.520,UNK - Unknown,Unknown,Department of Water Resources,Voluntary,4,5,2011
Glenn_01.01.2003-06.21.2013.csv,Glenn,39.6971,-122.2533,W001,2013-09-18 13:29:54,396971N1222533W001,21N04W12A002M,8/3/2011,00:00,,,145.530,0.000,145.530,249.880,247.880,104.350,143.530,UNK - Unknown,Unknown,Department of Water Resources,Voluntary,8,3,2011
Glenn_01.01.2003-06.21.2013.csv,Glenn,39.6971,-122.2535,W001,2013-09-18 13:29:54,396971N1222535W001,21N04W12A003M,10/12/2011,00:00,,,187.350,0.000,187.350,250.115,247.495,62.765,184.730,ES - Electric sounder measurement,0.01 Ft,Department of Water Resources,CASGEM,10,12,2011
Glenn_01.01.2003-06.21.2013.csv,Glenn,39.6971,-122.2535,W001,2013-09-18 13:29:54,396971N1222535W001,21N04W12A003M,3/26/2012,00:00,,,173.150,0.000,173.150,250.115,247.495,76.965,170.530,ES - Electric sounder measurement,0.01 Ft,Department of Water Resources,CASGEM,3,26,2012
Glenn_01.01.2003-06.21.2013.csv,Glenn,39.6971,-122.2535,W001,2013-09-18 13:29:54,396971N1222535W001,21N04W12A003M,8/1/2012,00:00,,,205.950,0.000,205.950,250.115,247.495,44.165,203.330,ES - Electric sounder measurement,0.01 Ft,Department of Water Resources,CASGEM,8,1,2012
Glenn_01.01.2003-06.21.2013.csv,Glenn,39.6971,-122.2535,W001,2013-09-18 13:29:54,396971N1222535W001,21N04W12A003M,10/17/2012,00:00,,,200.520,0.000,200.520,250.115,247.495,49.595,197.900,ES - Electric sounder measurement,0.01 Ft,Department of Water Resources,CASGEM,10,17,2012
Glenn_01.01.2003-06.21.2013.csv,Glenn,39.6971,-122.2535,W001,2013-09-18 13:29:54,396971N1222535W001,21N04W12A003M,3/19/2013,00:00,,,176.580,0.000,176.580,250.115,247.495,73.535,173.960,ES - Electric sounder measurement,0.01 Ft,Department of Water Resources,CASGEM,3,19,2013
Glenn_01.01.2003-06.21.2013.csv,Glenn,39.6971,-122.2535,W001,2013-09-18 13:29:54,396971N1222535W001,21N04W12A003M,12/29/2009,00:00,,,173.980,0.000,173.980,250.115,247.495,76.135,171.360,UNK - Unknown,Unknown,Department of Water Resources,Voluntary,12,29,2009
Glenn_01.01.2003-06.21.2013.csv,Glenn,39.6971,-122.2535,W001,2013-09-18 13:29:54,396971N1222535W001,21N04W12A003M,3/26/2010,00:00,,,165.700,0.000,165.700,250.115,247.495,84.415,163.080,UNK - Unknown,Unknown,Department of Water Resources,Voluntary,3,26,2010
Glenn_01.01.2003-06.21.2013.csv,Glenn,39.6971,-122.2535,W001,2013-09-18 13:29:54,396971N1222535W001,21N04W12A003M,8/3/2010,00:00,,,196.310,0.000,196.310,250.115,247.495,53.805,193.690,UNK - Unknown,Unknown,Department of Water Resources,Voluntary,8,3,2010
Glenn_01.01.2003-06.21.2013.csv,Glenn,39.6971,-122.2535,W001,2013-09-18 13:29:54,396971N1222535W001,21N04W12A003M,10/18/2010,00:00,,,185.740,0.000,185.740,250.115,247.495,64.375,183.120,UNK - Unknown,Unknown,Department of Water Resources,Voluntary,10,18,2010
Glenn_01.01.2003-06.21.2013.csv,Glenn,39.6971,-122.2535,W001,2013-09-18 13:29:54,396971N1222535W001,21N04W12A003M,4/5/2011,00:00,,,164.130,0.000,164.130,250.115,247.495,85.985,161.510,UNK - Unknown,Unknown,Department of Water Resources,Voluntary,4,5,2011
Glenn_01.01.2003-06.21.2013.csv,Glenn,39.6971,-122.2535,W001,2013-09-18 13:29:54,396971N1222535W001,21N04W12A003M,8/3/2011,00:00,,,198.950,0.000,198.950,250.115,247.495,51.165,196.330,UNK - Unknown,Unknown,Department of Water Resources,Voluntary,8,3,2011
Glenn_01.01.2003-06.21.2013.csv,Glenn,39.6971,-122.2535,W002,2013-09-18 13:29:54,396971N1222535W002,21N04W12A004M,10/12/2011,00:00,,,199.880,0.000,199.880,249.620,247.500,49.740,197.760,ES - Electric sounder measurement,0.01 Ft,Department of Water Resources,CASGEM,10,12,2011
Glenn_01.01.2003-06.21.2013.csv,Glenn,39.6971,-122.2535,W002,2013-09-18 13:29:54,396971N1222535W002,21N04W12A004M,3/26/2012,00:00,,,170.490,0.000,170.490,249.620,247.500,79.130,168.370,ES - Electric sounder measurement,0.01 Ft,Department of Water Resources,CASGEM,3,26,2012
Glenn_01.01.2003-06.21.2013.csv,Glenn,39.6971,-122.2535,W002,2013-09-18 13:29:54,396971N1222535W002,21N04W12A004M,8/1/2012,00:00,,,231.510,0.000,231.510,249.620,247.500,18.110,229.390,ES - Electric sounder measurement,0.01 Ft,Department of Water Resources,CASGEM,8,1,2012
Glenn_01.01.2003-06.21.2013.csv,Glenn,39.6971,-122.2535,W002,2013-09-18 13:29:54,396971N1222535W002,21N04W12A004M,10/17/2012,00:00,,,219.060,0.000,219.060,249.620,247.500,30.560,216.940,ES - Electric sounder measurement,0.01 Ft,Department of Water Resources,CASGEM,10,17,2012
Glenn_01.01.2003-06.21.2013.csv,Glenn,39.6971,-122.2535,W002,2013-09-18 13:29:54,396971N1222535W002,21N04W12A004M,3/19/2013,00:00,,,186.110,0.000,186.110,249.620,247.500,63.510,183.990,ES - Electric sounder measurement,0.01 Ft,Department of Water Resources,CASGEM,3,19,2013
Glenn_01.01.2003-06.21.2013.csv,Glenn,39.6971,-122.2535,W002,2013-09-18 13:29:54,396971N1222535W002,21N04W12A004M,12/29/2009,00:00,,,172.300,0.000,172.300,249.620,247.500,77.320,170.180,UNK - Unknown,Unknown,Department of Water Resources,Voluntary,12,29,2009
Glenn_01.01.2003-06.21.2013.csv,Glenn,39.6971,-122.2535,W002,2013-09-18 13:29:54,396971N1222535W002,21N04W12A004M,3/26/2010,00:00,,,162.780,0.000,162.780,249.620,247.500,86.840,160.660,UNK - Unknown,Unknown,Department of Water Resources,Voluntary,3,26,2010
Glenn_01.01.2003-06.21.2013.csv,Glenn,39.6971,-122.2535,W002,2013-09-18 13:29:54,396971N1222535W002,21N04W12A004M,8/3/2010,00:00,,,219.860,0.000,219.860,249.620,247.500,29.760,217.740,UNK - Unknown,Unknown,Department of Water Resources,Voluntary,8,3,2010
Glenn_01.01.2003-06.21.2013.csv,Glenn,39.6971,-122.2535,W002,2013-09-18 13:29:54,396971N1222535W002,21N04W12A004M,10/18/2010,00:00,,,199.830,0.000,199.830,249.620,247.500,49.790,197.710,UNK - Unknown,Unknown,Department of Water Resources,Voluntary,10,18,2010
Glenn_01.01.2003-06.21.2013.csv,Glenn,39.6971,-122.2535,W002,2013-09-18 13:29:54,396971N1222535W002,21N04W12A004M,4/5/2011,00:00,,,160.010,0.000,160.010,249.620,247.500,89.610,157.890,UNK - Unknown,Unknown,Department of Water Resources,Voluntary,4,5,2011
Glenn_01.01.2003-06.21.2013.csv,Glenn,39.6971,-122.2535,W002,2013-09-18 13:29:54,396971N1222535W002,21N04W12A004M,8/3/2011,00:00,,,217.820,0.000,217.820,249.620,247.500,31.800,215.700,UNK - Unknown,Unknown,Department of Water Resources,Voluntary,8,3,2011
Glenn_01.01.2003-06.21.2013.csv,Glenn,39.6972,-122.2533,W001,2013-09-18 13:29:54,396972N1222533W001,BIG W-DEEP,2/18/2003,00:00,,,127.000,0.000,127.000,249.330,247.830,122.330,125.500,UNK - Unknown,Unknown,Department of Water Resources,Voluntary,2,18,2003
Glenn_01.01.2003-06.21.2013.csv,Glenn,39.6972,-122.2533,W001,2013-09-18 13:29:54,396972N1222533W001,BIG W-DEEP,1/8/2003,00:00,,,134.350,0.000,134.350,249.330,247.830,114.980,132.850,UNK - Unknown,Unknown,Department of Water Resources,Voluntary,1,8,2003
Glenn_01.01.2003-06.21.2013.csv,Glenn,39.6972,-122.2533,W001,2013-09-18 13:29:54,396972N1222533W001,BIG W-DEEP,3/13/2003,00:00,,,125.000,0.000,125.000,249.330,247.830,124.330,123.500,UNK - Unknown,Unknown,Department of Water Resources,Voluntary,3,13,2003
Glenn_01.01.2003-06.21.2013.csv,Glenn,39.6972,-122.2533,W001,2013-09-18 13:29:54,396972N1222533W001,BIG W-DEEP,4/9/2003,00:00,,,121.900,0.000,121.900,249.330,247.830,127.430,120.400,UNK - Unknown,Unknown,Department of Water Resources,Voluntary,4,9,2003
Glenn_01.01.2003-06.21.2013.csv,Glenn,39.6972,-122.2533,W001,2013-09-18 13:29:54,396972N1222533W001,BIG W-DEEP,5/28/2003,00:00,,,140.500,0.000,140.500,249.330,247.830,108.830,139.000,UNK - Unknown,Unknown,Department of Water Resources,Voluntary,5,28,2003
Glenn_01.01.2003-06.21.2013.csv,Glenn,39.6972,-122.2533,W001,2013-09-18 13:29:54,396972N1222533W001,BIG W-DEEP,6/19/2003,00:00,,,167.800,0.000,167.800,249.330,247.830,81.530,166.300,UNK - Unknown,Unknown,Department of Water Resources,Voluntary,6,19,2003
Glenn_01.01.2003-06.21.2013.csv,Glenn,39.6972,-122.2533,W001,2013-09-18 13:29:54,396972N1222533W001,BIG W-DEEP,7/30/2003,00:00,,,190.400,0.000,190.400,249.330,247.830,58.930,188.900,UNK - Unknown,Unknown,Department of Water Resources,Voluntary,7,30,2003
Glenn_01.01.2003-06.21.2013.csv,Glenn,39.6972,-122.2533,W001,2013-09-18 13:29:54,396972N1222533W001,BIG W-DEEP,8/26/2003,00:00,,,188.400,0.000,188.400,249.330,247.830,60.930,186.900,UNK - Unknown,Unknown,Department of Water Resources,Voluntary,8,26,2003
Glenn_01.01.2003-06.21.2013.csv,Glenn,39.6972,-122.2533,W001,2013-09-18 13:29:54,396972N1222533W001,BIG W-DEEP,9/22/2003,00:00,,,183.100,0.000,183.100,249.330,247.830,66.230,181.600,UNK - Unknown,Unknown,Department of Water Resources,Voluntary,9,22,2003
Glenn_01.01.2003-06.21.2013.csv,Glenn,39.6972,-122.2533,W001,2013-09-18 13:29:54,396972N1222533W001,BIG W-DEEP,10/16/2003,00:00,,,174.100,0.000,174.100,249.330,247.830,75.230,172.600,UNK - Unknown,Unknown,Department of Water Resources,Voluntary,10,16,2003
Glenn_01.01.2003-06.21.2013.csv,Glenn,39.6972,-122.2533,W001,2013-09-18 13:29:54,396972N1222533W001,BIG W-DEEP,11/25/2003,00:00,,,155.400,0.000,155.400,249.330,247.830,93.930,153.900,UNK - Unknown,Unknown,Department of Water Resources,Voluntary,11,25,2003
Glenn_01.01.2003-06.21.2013.csv,Glenn,39.6972,-122.2533,W001,2013-09-18 13:29:54,396972N1222533W001,BIG W-DEEP,12/9/2003,00:00,,,148.300,0.000,148.300,249.330,247.830,101.030,146.800,UNK - Unknown,Unknown,Department of Water Resources,Voluntary,12,9,2003
Glenn_01.01.2003-06.21.2013.csv,Glenn,39.6972,-122.2533,W001,2013-09-18 13:29:54,396972N1222533W001,BIG W-DEEP,3/31/2004,00:00,,2 - Nearby pump operating,131.200,0.000,131.200,249.330,247.830,118.130,129.700,UNK - Unknown,Unknown,Department of Water Resources,Voluntary,3,31,2004
Glenn_01.01.2003-06.21.2013.csv,Glenn,39.6972,-122.2533,W001,2013-09-18 13:29:54,396972N1222533W001,BIG W-DEEP,4/26/2004,00:00,,,147.600,0.000,147.600,249.330,247.830,101.730,146.100,UNK - Unknown,Unknown,Department of Water Resources,Voluntary,4,26,2004
Glenn_01.01.2003-06.21.2013.csv,Glenn,39.6972,-122.2533,W001,2013-09-18 13:29:54,396972N1222533W001,BIG W-DEEP,5/21/2004,00:00,,,169.300,0.000,169.300,249.330,247.830,80.030,167.800,UNK - Unknown,Unknown,Department of Water Resources,Voluntary,5,21,2004
Glenn_01.01.2003-06.21.2013.csv,Glenn,39.6972,-122.2533,W001,2013-09-18 13:29:54,396972N1222533W001,BIG W-DEEP,2/10/2004,00:00,,,132.700,0.000,132.700,249.330,247.830,116.630,131.200,UNK - Unknown,Unknown,Department of Water Resources,Voluntary,2,10,2004
Glenn_01.01.2003-06.21.2013.csv,Glenn,39.6972,-122.2533,W001,2013-09-18 13:29:54,396972N1222533W001,BIG W-DEEP,7/27/2004,00:00,,,202.300,0.000,202.300,249.330,247.830,47.030,200.800,UNK - Unknown,Unknown,Department of Water Resources,Voluntary,7,27,2004
Glenn_01.01.2003-06.21.2013.csv,Glenn,39.6972,-122.2533,W001,2013-09-18 13:29:54,396972N1222533W001,BIG W-DEEP,6/21/2004,00:00,,,191.100,0.000,191.100,249.330,247.830,58.230,189.600,UNK - Unknown,Unknown,Department of Water Resources,Voluntary,6,21,2004
Glenn_01.01.2003-06.21.2013.csv,Glenn,39.6972,-122.2533,W001,2013-09-18 13:29:54,396972N1222533W001,BIG W-DEEP,8/24/2004,00:00,,,200.900,0.000,200.900,249.330,247.830,48.430,199.400,UNK - Unknown,Unknown,Department of Water Resources,Voluntary,8,24,2004
Glenn_01.01.2003-06.21.2013.csv,Glenn,39.6972,-122.2533,W001,2013-09-18 13:29:54,396972N1222533W001,BIG W-DEEP,9/21/2004,00:00,,,192.000,0.000,192.000,249.330,247.830,57.330,190.500,UNK - Unknown,Unknown,Department of Water Resources,Voluntary,9,21,2004
Glenn_01.01.2003-06.21.2013.csv,Glenn,39.6972,-122.2533,W001,2013-09-18 13:29:54,396972N1222533W001,BIG W-DEEP,10/19/2004,00:00,,,183.000,0.000,183.000,249.330,247.830,66.330,181.500,UNK - Unknown,Unknown,Department of Water Resources,Voluntary,10,19,2004
Glenn_01.01.2003-06.21.2013.csv,Glenn,39.6972,-122.2533,W001,2013-09-18 13:29:54,396972N1222533W001,BIG W-DEEP,11/22/2004,00:00,,,159.500,0.000,159.500,249.330,247.830,89.830,158.000,UNK - Unknown,Unknown,Department of Water Resources,Voluntary,11,22,2004
Glenn_01.01.2003-06.21.2013.csv,Glenn,39.6972,-122.2533,W001,2013-09-18 13:29:54,396972N1222533W001,BIG W-DEEP,3/31/2005,00:00,,,133.400,0.000,133.400,249.330,247.830,115.930,131.900,UNK - Unknown,Unknown,Department of Water Resources,Voluntary,3,31,2005
Glenn_01.01.2003-06.21.2013.csv,Glenn,39.6972,-122.2533,W001,2013-09-18 13:29:54,396972N1222533W001,BIG W-DEEP,4/29/2005,00:00,,,137.400,0.000,137.400,249.330,247.830,111.930,135.900,UNK - Unknown,Unknown,Department of Water Resources,Voluntary,4,29,2005
Glenn_01.01.2003-06.21.2013.csv,Glenn,39.6972,-122.2533,W001,2013-09-18 13:29:54,396972N1222533W001,BIG W-DEEP,5/25/2005,00:00,,,146.000,0.000,146.000,249.330,247.830,103.330,144.500,UNK - Unknown,Unknown,Department of Water Resources,Voluntary,5,25,2005
Glenn_01.01.2003-06.21.2013.csv,Glenn,39.6972,-122.2533,W001,2013-09-18 13:29:54,396972N1222533W001,BIG W-DEEP,6/24/2005,00:00,,,175.300,0.000,175.300,249.330,247.830,74.030,173.800,UNK - Unknown,Unknown,Department of Water Resources,Voluntary,6,24,2005
Glenn_01.01.2003-06.21.2013.csv,Glenn,39.6972,-122.2533,W001,2013-09-18 13:29:54,396972N1222533W001,BIG W-DEEP,7/27/2005,00:00,,,191.900,0.000,191.900,249.330,247.830,57.430,190.400,UNK - Unknown,Unknown,Department of Water Resources,Voluntary,7,27,2005
Glenn_01.01.2003-06.21.2013.csv,Glenn,39.6972,-122.2533,W001,2013-09-18 13:29:54,396972N1222533W001,BIG W-DEEP,8/24/2005,00:00,,,201.200,0.000,201.200,249.330,247.830,48.130,199.700,UNK - Unknown,Unknown,Department of Water Resources,Voluntary,8,24,2005
Glenn_01.01.2003-06.21.2013.csv,Glenn,39.6972,-122.2533,W001,2013-09-18 13:29:54,396972N1222533W001,BIG W-DEEP,9/30/2005,00:00,,,179.900,0.000,179.900,249.330,247.830,69.430,178.400,UNK - Unknown,Unknown,Department of Water Resources,Voluntary,9,30,2005
Glenn_01.01.2003-06.21.2013.csv,Glenn,39.6972,-122.2533,W001,2013-09-18 13:29:54,396972N1222533W001,BIG W-DEEP,10/19/2005,00:00,,,178.600,0.000,178.600,249.330,247.830,70.730,177.100,UNK - Unknown,Unknown,Department of Water Resources,Voluntary,10,19,2005
Glenn_01.01.2003-06.21.2013.csv,Glenn,39.6972,-122.2533,W001,2013-09-18 13:29:54,396972N1222533W001,BIG W-DEEP,3/28/2006,00:00,,,132.800,0.000,132.800,249.330,247.830,116.530,131.300,UNK - Unknown,Unknown,Department of Water Resources,Voluntary,3,28,2006
Glenn_01.01.2003-06.21.2013.csv,Glenn,39.6972,-122.2533,W001,2013-09-18 13:29:54,396972N1222533W001,BIG W-DEEP,5/18/2006,00:00,,,153.200,0.000,153.200,249.330,247.830,96.130,151.700,UNK - Unknown,Unknown,Department of Water Resources,Voluntary,5,18,2006
Glenn_01.01.2003-06.21.2013.csv,Glenn,39.6972,-122.2533,W001,2013-09-18 13:29:54,396972N1222533W001,BIG W-DEEP,8/2/2006,00:00,,,201.200,0.000,201.200,249.330,247.830,48.130,199.700,UNK - Unknown,Unknown,Department of Water Resources,Voluntary,8,2,2006
Glenn_01.01.2003-06.21.2013.csv,Glenn,39.6972,-122.2533,W001,2013-09-18 13:29:54,396972N1222533W001,BIG W-DEEP,10/10/2006,00:00,,,180.600,0.000,180.600,249.330,247.830,68.730,179.100,UNK - Unknown,Unknown,Department of Water Resources,Voluntary,10,10,2006
Glenn_01.01.2003-06.21.2013.csv,Glenn,39.6972,-122.2533,W001,2013-09-18 13:29:54,396972N1222533W001,BIG W-DEEP,3/19/2007,00:00,,,144.720,0.000,144.720,249.330,247.830,104.610,143.220,UNK - Unknown,Unknown,Department of Water Resources,Voluntary,3,19,2007
Glenn_01.01.2003-06.21.2013.csv,Glenn,39.6972,-122.2533,W001,2013-09-18 13:29:54,396972N1222533W001,BIG W-DEEP,8/6/2007,00:00,,,214.290,0.000,214.290,249.330,247.830,35.040,212.790,UNK - Unknown,Unknown,Department of Water Resources,Voluntary,8,6,2007
Glenn_01.01.2003-06.21.2013.csv,Glenn,39.6972,-122.2533,W001,2013-09-18 13:29:54,396972N1222533W001,BIG W-DEEP,10/16/2007,00:00,,,183.310,0.000,183.310,249.330,247.830,66.020,181.810,UNK - Unknown,Unknown,Department of Water Resources,Voluntary,10,16,2007
Glenn_01.01.2003-06.21.2013.csv,Glenn,39.6972,-122.2533,W001,2013-09-18 13:29:54,396972N1222533W001,BIG W-DEEP,1/16/2008,00:00,,,153.660,0.000,153.660,249.330,247.830,95.670,152.160,UNK - Unknown,Unknown,Department of Water Resources,Voluntary,1,16,2008
Glenn_01.01.2003-06.21.2013.csv,Glenn,39.6972,-122.2533,W001,2013-09-18 13:29:54,396972N1222533W001,BIG W-DEEP,3/13/2008,00:00,,,141.750,0.000,141.750,249.330,247.830,107.580,140.250,UNK - Unknown,Unknown,Department of Water Resources,Voluntary,3,13,2008
Glenn_01.01.2003-06.21.2013.csv,Glenn,39.6972,-122.2533,W001,2013-09-18 13:29:54,396972N1222533W001,BIG W-DEEP,6/20/2008,00:00,,,201.000,0.000,201.000,249.330,247.830,48.330,199.500,UNK - Unknown,Unknown,County of Glenn,Voluntary,6,20,2008
Glenn_01.01.2003-06.21.2013.csv,Glenn,39.6972,-122.2533,W001,2013-09-18 13:29:54,396972N1222533W001,BIG W-DEEP,7/7/2008,00:00,,,207.520,0.000,207.520,249.330,247.830,41.810,206.020,UNK - Unknown,Unknown,County of Glenn,Voluntary,7,7,2008
Glenn_01.01.2003-06.21.2013.csv,Glenn,39.6972,-122.2533,W001,2013-09-18 13:29:54,396972N1222533W001,BIG W-DEEP,7/8/2008,00:00,,,207.410,0.000,207.410,249.330,247.830,41.920,205.910,UNK - Unknown,Unknown,County of Glenn,Voluntary,7,8,2008
Glenn_01.01.2003-06.21.2013.csv,Glenn,39.6972,-122.2533,W001,2013-09-18 13:29:54,396972N1222533W001,BIG W-DEEP,8/5/2008,00:00,,,215.790,0.000,215.790,249.330,247.830,33.540,214.290,UNK - Unknown,Unknown,Department of Water Resources,Voluntary,8,5,2008
Glenn_01.01.2003-06.21.2013.csv,Glenn,39.6972,-122.2533,W001,2013-09-18 13:29:54,396972N1222533W001,BIG W-DEEP,10/24/2008,00:00,,,204.800,0.000,204.800,249.330,247.830,44.530,203.300,UNK - Unknown,Unknown,County of Glenn,Voluntary,10,24,2008
Glenn_01.01.2003-06.21.2013.csv,Glenn,39.6972,-122.2533,W001,2013-09-18 13:29:54,396972N1222533W001,BIG W-DEEP,1/13/2009,00:00,,,164.710,0.000,164.710,249.330,247.830,84.620,163.210,UNK - Unknown,Unknown,County of Glenn,Voluntary,1,13,2009
Glenn_01.01.2003-06.21.2013.csv,Glenn,39.6972,-122.2533,W001,2013-09-18 13:29:54,396972N1222533W001,BIG W-DEEP,3/23/2009,00:00,0 - Measurement Discontinued,,NULL,NULL,NULL,249.330,247.830,NULL,NULL,,,Department of Water Resources,Voluntary,SWABBED WELL;NOW COMMUNICATION WITH UPPER ZONE.3,23,2009
Glenn_01.01.2003-06.21.2013.csv,Glenn,39.7003,-122.1207,W001,2013-09-18 13:29:54,397003N1221207W001,Jasper Well B,1/23/2003,00:00,,,18.300,0.000,18.300,189.910,191.830,171.610,20.220,UNK - Unknown,Unknown,ORLAND - ARTOIS WATER DISTRICT,Voluntary,1,23,2003
Glenn_01.01.2003-06.21.2013.csv,Glenn,39.7003,-122.1207,W001,2013-09-18 13:29:54,397003N1221207W001,Jasper Well B,2/20/2003,00:00,,,17.400,0.000,17.400,189.910,191.830,172.510,19.320,UNK - Unknown,Unknown,ORLAND - ARTOIS WATER DISTRICT,Voluntary,2,20,2003
Glenn_01.01.2003-06.21.2013.csv,Glenn,39.7003,-122.1207,W001,2013-09-18 13:29:54,397003N1221207W001,Jasper Well B,3/3/2003,00:00,,,16.100,0.000,16.100,189.910,191.830,173.810,18.020,UNK - Unknown,Unknown,ORLAND - ARTOIS WATER DISTRICT,Voluntary,3,3,2003
Glenn_01.01.2003-06.21.2013.csv,Glenn,39.7003,-122.1207,W001,2013-09-18 13:29:54,397003N1221207W001,Jasper Well B,4/1/2003,00:00,,,14.900,0.000,14.900,189.910,191.830,175.010,16.820,UNK - Unknown,Unknown,ORLAND - ARTOIS WATER DISTRICT,Voluntary,4,1,2003
Glenn_01.01.2003-06.21.2013.csv,Glenn,39.7003,-122.1207,W001,2013-09-18 13:29:54,397003N1221207W001,Jasper Well B,5/12/2003,00:00,,,17.600,0.000,17.600,189.910,191.830,172.310,19.520,UNK - Unknown,Unknown,ORLAND - ARTOIS WATER DISTRICT,Voluntary,5,12,2003
Glenn_01.01.2003-06.21.2013.csv,Glenn,39.7003,-122.1207,W001,2013-09-18 13:29:54,397003N1221207W001,Jasper Well B,5/29/2003,00:00,,,19.190,0.000,19.190,189.910,191.830,170.720,21.110,UNK - Unknown,Unknown,ORLAND - ARTOIS WATER DISTRICT,Voluntary,5,29,2003
Glenn_01.01.2003-06.21.2013.csv,Glenn,39.7003,-122.1207,W001,2013-09-18 13:29:54,397003N1221207W001,Jasper Well B,7/1/2003,00:00,,,22.570,0.000,22.570,189.910,191.830,167.340,24.490,UNK - Unknown,Unknown,ORLAND - ARTOIS WATER DISTRICT,Voluntary,7,1,2003
Glenn_01.01.2003-06.21.2013.csv,Glenn,39.7003,-122.1207,W001,2013-09-18 13:29:54,397003N1221207W001,Jasper Well B,9/25/2003,00:00,,,27.580,0.000,27.580,189.910,191.830,162.330,29.500,UNK - Unknown,Unknown,ORLAND - ARTOIS WATER DISTRICT,Voluntary,9,25,2003
Glenn_01.01.2003-06.21.2013.csv,Glenn,39.7003,-122.1207,W001,2013-09-18 13:29:54,397003N1221207W001,Jasper Well B,8/27/2003,00:00,,,26.940,0.000,26.940,189.910,191.830,162.970,28.860,UNK - Unknown,Unknown,ORLAND - ARTOIS WATER DISTRICT,Voluntary,8,27,2003
Glenn_01.01.2003-06.21.2013.csv,Glenn,39.7003,-122.1207,W001,2013-09-18 13:29:54,397003N1221207W001,Jasper Well B,7/24/2003,00:00,,,25.560,0.000,25.560,189.910,191.830,164.350,27.480,UNK - Unknown,Unknown,ORLAND - ARTOIS WATER DISTRICT,Voluntary,7,24,2003
Glenn_01.01.2003-06.21.2013.csv,Glenn,39.7003,-122.1207,W001,2013-09-18 13:29:54,397003N1221207W001,Jasper Well B,10/30/2003,00:00,,,26.100,0.000,26.100,189.910,191.830,163.810,28.020,UNK - Unknown,Unknown,ORLAND - ARTOIS WATER DISTRICT,Voluntary,10,30,2003
Glenn_01.01.2003-06.21.2013.csv,Glenn,39.7003,-122.1207,W001,2013-09-18 13:29:54,397003N1221207W001,Jasper Well B,9/25/2003,00:00,,,27.600,0.000,27.600,189.910,191.830,162.310,29.520,UNK - Unknown,Unknown,ORLAND - ARTOIS WATER DISTRICT,Voluntary,9,25,2003
Glenn_01.01.2003-06.21.2013.csv,Glenn,39.7003,-122.1207,W001,2013-09-18 13:29:54,397003N1221207W001,Jasper Well B,11/30/2003,00:00,,,26.100,0.000,26.100,189.910,191.830,163.810,28.020,UNK - Unknown,Unknown,ORLAND - ARTOIS WATER DISTRICT,Voluntary,11,30,2003
Glenn_01.01.2003-06.21.2013.csv,Glenn,39.7003,-122.1207,W001,2013-09-18 13:29:54,397003N1221207W001,Jasper Well B,2/24/2004,00:00,,,13.200,0.000,13.200,189.910,191.830,176.710,15.120,UNK - Unknown,Unknown,ORLAND - ARTOIS WATER DISTRICT,Voluntary,2,24,2004
Glenn_01.01.2003-06.21.2013.csv,Glenn,39.7003,-122.1207,W001,2013-09-18 13:29:54,397003N1221207W001,Jasper Well B,3/31/2004,00:00,,,14.100,0.000,14.100,189.910,191.830,175.810,16.020,UNK - Unknown,Unknown,ORLAND - ARTOIS WATER DISTRICT,Voluntary,3,31,2004
Glenn_01.01.2003-06.21.2013.csv,Glenn,39.7003,-122.1207,W001,2013-09-18 13:29:54,397003N1221207W001,Jasper Well B,4/29/2004,00:00,,,15.300,0.000,15.300,189.910,191.830,174.610,17.220,UNK - Unknown,Unknown,ORLAND - ARTOIS WATER DISTRICT,Voluntary,4,29,2004
Glenn_01.01.2003-06.21.2013.csv,Glenn,39.7003,-122.1207,W001,2013-09-18 13:29:54,397003N1221207W001,Jasper Well B,5/26/2004,00:00,,,17.300,0.000,17.300,189.910,191.830,172.610,19.220,UNK - Unknown,Unknown,ORLAND - ARTOIS WATER DISTRICT,Voluntary,5,26,2004
Glenn_01.01.2003-06.21.2013.csv,Glenn,39.7003,-122.1207,W001,2013-09-18 13:29:54,397003N1221207W001,Jasper Well B,12/30/2003,00:00,,,17.900,0.000,17.900,189.910,191.830,172.010,19.820,UNK - Unknown,Unknown,ORLAND - ARTOIS WATER DISTRICT,Voluntary,12,30,2003
Glenn_01.01.2003-06.21.2013.csv,Glenn,39.7003,-122.1207,W001,2013-09-18 13:29:54,397003N1221207W001,Jasper Well B,6/30/2004,00:00,,,20.600,0.000,20.600,189.910,191.830,169.310,22.520,UNK - Unknown,Unknown,ORLAND - ARTOIS WATER DISTRICT,Voluntary,6,30,2004
Glenn_01.01.2003-06.21.2013.csv,Glenn,39.7003,-122.1207,W001,2013-09-18 13:29:54,397003N1221207W001,Jasper Well B,7/29/2004,00:00,,,25.400,0.000,25.400,189.910,191.830,164.510,27.320,UNK - Unknown,Unknown,ORLAND - ARTOIS WATER DISTRICT,Voluntary,7,29,2004
Glenn_01.01.2003-06.21.2013.csv,Glenn,39.7003,-122.1207,W001,2013-09-18 13:29:54,397003N1221207W001,Jasper Well B,8/26/2004,00:00,,,25.800,0.000,25.800,189.910,191.830,164.110,27.720,UNK - Unknown,Unknown,ORLAND - ARTOIS WATER DISTRICT,Voluntary,8,26,2004
Glenn_01.01.2003-06.21.2013.csv,Glenn,39.7003,-122.1207,W001,2013-09-18 13:29:54,397003N1221207W001,Jasper Well B,9/22/2004,00:00,,,26.900,0.000,26.900,189.910,191.830,163.010,28.820,UNK - Unknown,Unknown,ORLAND - ARTOIS WATER DISTRICT,Voluntary,9,22,2004
Glenn_01.01.2003-06.21.2013.csv,Glenn,39.7003,-122.1207,W001,2013-09-18 13:29:54,397003N1221207W001,Jasper Well B,10/28/2004,00:00,,,25.500,0.000,25.500,189.910,191.830,164.410,27.420,UNK - Unknown,Unknown,ORLAND - ARTOIS WATER DISTRICT,Voluntary,10,28,2004
Glenn_01.01.2003-06.21.2013.csv,Glenn,39.7003,-122.1207,W001,2013-09-18 13:29:54,397003N1221207W001,Jasper Well B,12/1/2004,00:00,,,24.200,0.000,24.200,189.910,191.830,165.710,26.120,UNK - Unknown,Unknown,ORLAND - ARTOIS WATER DISTRICT,Voluntary,12,1,2004
Glenn_01.01.2003-06.21.2013.csv,Glenn,39.7003,-122.1207,W001,2013-09-18 13:29:54,397003N1221207W001,Jasper Well B,12/29/2004,00:00,,,18.300,0.000,18.300,189.910,191.830,171.610,20.220,UNK - Unknown,Unknown,ORLAND - ARTOIS WATER DISTRICT,Voluntary,12,29,2004
Glenn_01.01.2003-06.21.2013.csv,Glenn,39.7003,-122.1207,W001,2013-09-18 13:29:54,397003N1221207W001,Jasper Well B,1/31/2005,00:00,,,16.600,0.000,16.600,189.910,191.830,173.310,18.520,UNK - Unknown,Unknown,ORLAND - ARTOIS WATER DISTRICT,Voluntary,1,31,2005
Glenn_01.01.2003-06.21.2013.csv,Glenn,39.7003,-122.1207,W001,2013-09-18 13:29:54,397003N1221207W001,Jasper Well B,2/25/2005,00:00,,,16.300,0.000,16.300,189.910,191.830,173.610,18.220,UNK - Unknown,Unknown,ORLAND - ARTOIS WATER DISTRICT,Voluntary,2,25,2005
Glenn_01.01.2003-06.21.2013.csv,Glenn,39.7003,-122.1207,W001,2013-09-18 13:29:54,397003N1221207W001,Jasper Well B,4/26/2004,00:00,,,16.400,0.000,16.400,189.910,191.830,173.510,18.320,UNK - Unknown,Unknown,ORLAND - ARTOIS WATER DISTRICT,Voluntary,4,26,2004
Glenn_01.01.2003-06.21.2013.csv,Glenn,39.7003,-122.1207,W001,2013-09-18 13:29:54,397003N1221207W001,Jasper Well B,5/27/2005,00:00,,,15.900,0.000,15.900,189.910,191.830,174.010,17.820,UNK - Unknown,Unknown,ORLAND - ARTOIS WATER DISTRICT,Voluntary,5,27,2005
Glenn_01.01.2003-06.21.2013.csv,Glenn,39.7003,-122.1207,W001,2013-09-18 13:29:54,397003N1221207W001,Jasper Well B,7/1/2005,00:00,,,18.800,0.000,18.800,189.910,191.830,171.110,20.720,UNK - Unknown,Unknown,ORLAND - ARTOIS WATER DISTRICT,Voluntary,7,1,2005
Glenn_01.01.2003-06.21.2013.csv,Glenn,39.7003,-122.1207,W001,2013-09-18 13:29:54,397003N1221207W001,Jasper Well B,10/28/2005,00:00,,,27.000,0.000,27.000,189.910,191.830,162.910,28.920,UNK - Unknown,Unknown,ORLAND - ARTOIS WATER DISTRICT,Voluntary,10,28,2005
Glenn_01.01.2003-06.21.2013.csv,Glenn,39.7003,-122.1207,W001,2013-09-18 13:29:54,397003N1221207W001,Jasper Well B,5/25/2006,00:00,,,13.000,0.000,13.000,189.910,191.830,176.910,14.920,UNK - Unknown,Unknown,ORLAND - ARTOIS WATER DISTRICT,Voluntary,5,25,2006
Glenn_01.01.2003-06.21.2013.csv,Glenn,39.7003,-122.1207,W001,2013-09-18 13:29:54,397003N1221207W001,Jasper Well B,4/26/2006,00:00,,,11.500,0.000,11.500,189.910,191.830,178.410,13.420,UNK - Unknown,Unknown,ORLAND - ARTOIS WATER DISTRICT,Voluntary,4,26,2006
Glenn_01.01.2003-06.21.2013.csv,Glenn,39.7003,-122.1207,W001,2013-09-18 13:29:54,397003N1221207W001,Jasper Well B,3/30/2006,00:00,,,14.500,0.000,14.500,189.910,191.830,175.410,16.420,UNK - Unknown,Unknown,ORLAND - ARTOIS WATER DISTRICT,Voluntary,3,30,2006
Glenn_01.01.2003-06.21.2013.csv,Glenn,39.7003,-122.1207,W001,2013-09-18 13:29:54,397003N1221207W001,Jasper Well B,1/31/2006,00:00,,,17.500,0.000,17.500,189.910,191.830,172.410,19.420,UNK - Unknown,Unknown,ORLAND - ARTOIS WATER DISTRICT,Voluntary,1,31,2006
Glenn_01.01.2003-06.21.2013.csv,Glenn,39.7003,-122.1207,W001,2013-09-18 13:29:54,397003N1221207W001,Jasper Well B,1/5/2006,00:00,,,17.100,0.000,17.100,189.910,191.830,172.810,19.020,UNK - Unknown,Unknown,ORLAND - ARTOIS WATER DISTRICT,Voluntary,1,5,2006
Glenn_01.01.2003-06.21.2013.csv,Glenn,39.7003,-122.1207,W001,2013-09-18 13:29:54,397003N1221207W001,Jasper Well B,11/30/2005,00:00,,,25.500,0.000,25.500,189.910,191.830,164.410,27.420,UNK - Unknown,Unknown,ORLAND - ARTOIS WATER DISTRICT,Voluntary,11,30,2005
Glenn_01.01.2003-06.21.2013.csv,Glenn,39.7003,-122.1207,W001,2013-09-18 13:29:54,397003N1221207W001,Jasper Well B,4/26/2005,00:00,,,16.400,0.000,16.400,189.910,191.830,173.510,18.320,UNK - Unknown,Unknown,ORLAND - ARTOIS WATER DISTRICT,Voluntary,4,26,2005
Glenn_01.01.2003-06.21.2013.csv,Glenn,39.7003,-122.1207,W001,2013-09-18 13:29:54,397003N1221207W001,Jasper Well B,8/26/2005,00:00,,,24.900,0.000,24.900,189.910,191.830,165.010,26.820,UNK - Unknown,Unknown,ORLAND - ARTOIS WATER DISTRICT,Voluntary,8,26,2005
Glenn_01.01.2003-06.21.2013.csv,Glenn,39.7003,-122.1207,W001,2013-09-18 13:29:54,397003N1221207W001,Jasper Well B,7/28/2005,00:00,,,20.400,0.000,20.400,189.910,191.830,169.510,22.320,UNK - Unknown,Unknown,ORLAND - ARTOIS WATER DISTRICT,Voluntary,7,28,2005
Glenn_01.01.2003-06.21.2013.csv,Glenn,39.7003,-122.1207,W001,2013-09-18 13:29:54,397003N1221207W001,Jasper Well B,6/29/2006,00:00,,,16.200,0.000,16.200,189.910,191.830,173.710,18.120,UNK - Unknown,Unknown,ORLAND - ARTOIS WATER DISTRICT,Voluntary,6,29,2006
Glenn_01.01.2003-06.21.2013.csv,Glenn,39.7003,-122.1207,W001,2013-09-18 13:29:54,397003N1221207W001,Jasper Well B,11/22/2006,00:00,,,24.400,0.000,24.400,189.910,191.830,165.510,26.320,UNK - Unknown,Unknown,ORLAND - ARTOIS WATER DISTRICT,Voluntary,11,22,2006
Glenn_01.01.2003-06.21.2013.csv,Glenn,39.7003,-122.1207,W001,2013-09-18 13:29:54,397003N1221207W001,Jasper Well B,9/29/2006,00:00,,,24.000,0.000,24.000,189.910,191.830,165.910,25.920,UNK - Unknown,Unknown,ORLAND - ARTOIS WATER DISTRICT,Voluntary,9,29,2006
Glenn_01.01.2003-06.21.2013.csv,Glenn,39.7008,-122.1208,W001,2013-09-18 13:29:54,397008N1221208W001,21N02W05M001M,10/12/2011,00:00,,,48.700,0.000,48.700,190.430,188.930,141.730,47.200,ES - Electric sounder measurement,0.01 Ft,Department of Water Resources,CASGEM,10,12,2011
Glenn_01.01.2003-06.21.2013.csv,Glenn,39.7008,-122.1208,W001,2013-09-18 13:29:54,397008N1221208W001,21N02W05M001M,3/29/2012,00:00,,,37.300,0.000,37.300,190.430,188.930,153.130,35.800,ES - Electric sounder measurement,0.01 Ft,Department of Water Resources,CASGEM,3,29,2012
Glenn_01.01.2003-06.21.2013.csv,Glenn,39.7008,-122.1208,W001,2013-09-18 13:29:54,397008N1221208W001,21N02W05M001M,8/2/2012,00:00,,,60.480,0.000,60.480,190.430,188.930,129.950,58.980,ES - Electric sounder measurement,0.01 Ft,Department of Water Resources,CASGEM,8,2,2012
Glenn_01.01.2003-06.21.2013.csv,Glenn,39.7008,-122.1208,W001,2013-09-18 13:29:54,397008N1221208W001,21N02W05M001M,10/17/2012,00:00,,3 - Casing leaking or wet,59.400,0.000,59.400,190.430,188.930,131.030,57.900,ES - Electric sounder measurement,0.01 Ft,Department of Water Resources,CASGEM,10,17,2012
Glenn_01.01.2003-06.21.2013.csv,Glenn,39.7008,-122.1208,W001,2013-09-18 13:29:54,397008N1221208W001,21N02W05M001M,1/23/2003,00:00,,,31.500,0.000,31.500,190.430,188.930,158.930,30.000,UNK - Unknown,Unknown,ORLAND - ARTOIS WATER DISTRICT,Voluntary,1,23,2003
Glenn_01.01.2003-06.21.2013.csv,Glenn,39.7008,-122.1208,W001,2013-09-18 13:29:54,397008N1221208W001,21N02W05M001M,2/20/2003,00:00,,,28.300,0.000,28.300,190.430,188.930,162.130,26.800,UNK - Unknown,Unknown,ORLAND - ARTOIS WATER DISTRICT,Voluntary,2,20,2003
Glenn_01.01.2003-06.21.2013.csv,Glenn,39.7008,-122.1208,W001,2013-09-18 13:29:54,397008N1221208W001,21N02W05M001M,3/3/2003,00:00,,,27.300,0.000,27.300,190.430,188.930,163.130,25.800,UNK - Unknown,Unknown,ORLAND - ARTOIS WATER DISTRICT,Voluntary,3,3,2003
Glenn_01.01.2003-06.21.2013.csv,Glenn,39.7008,-122.1208,W001,2013-09-18 13:29:54,397008N1221208W001,21N02W05M001M,4/1/2003,00:00,,,25.000,0.000,25.000,190.430,188.930,165.430,23.500,UNK - Unknown,Unknown,ORLAND - ARTOIS WATER DISTRICT,Voluntary,4,1,2003
Glenn_01.01.2003-06.21.2013.csv,Glenn,39.7008,-122.1208,W001,2013-09-18 13:29:54,397008N1221208W001,21N02W05M001M,5/12/2003,00:00,,,23.700,0.000,23.700,190.430,188.930,166.730,22.200,UNK - Unknown,Unknown,ORLAND - ARTOIS WATER DISTRICT,Voluntary,5,12,2003
Glenn_01.01.2003-06.21.2013.csv,Glenn,39.7008,-122.1208,W001,2013-09-18 13:29:54,397008N1221208W001,21N02W05M001M,7/11/2003,00:00,,,38.800,0.000,38.800,190.430,188.930,151.630,37.300,UNK - Unknown,Unknown,ORLAND - ARTOIS WATER DISTRICT,Voluntary,7,11,2003
Glenn_01.01.2003-06.21.2013.csv,Glenn,39.7008,-122.1208,W001,2013-09-18 13:29:54,397008N1221208W001,21N02W05M001M,7/18/2003,00:00,,,40.600,0.000,40.600,190.430,188.930,149.830,39.100,UNK - Unknown,Unknown,ORLAND - ARTOIS WATER DISTRICT,Voluntary,7,18,2003
Glenn_01.01.2003-06.21.2013.csv,Glenn,39.7008,-122.1208,W001,2013-09-18 13:29:54,397008N1221208W001,21N02W05M001M,7/24/2003,00:00,,,41.900,0.000,41.900,190.430,188.930,148.530,40.400,UNK - Unknown,Unknown,ORLAND - ARTOIS WATER DISTRICT,Voluntary,7,24,2003
Glenn_01.01.2003-06.21.2013.csv,Glenn,39.7008,-122.1208,W001,2013-09-18 13:29:54,397008N1221208W001,21N02W05M001M,7/31/2003,00:00,,,43.400,0.000,43.400,190.430,188.930,147.030,41.900,UNK - Unknown,Unknown,ORLAND - ARTOIS WATER DISTRICT,Voluntary,7,31,2003
Glenn_01.01.2003-06.21.2013.csv,Glenn,39.7008,-122.1208,W001,2013-09-18 13:29:54,397008N1221208W001,21N02W05M001M,8/7/2003,00:00,,,44.800,0.000,44.800,190.430,188.930,145.630,43.300,UNK - Unknown,Unknown,ORLAND - ARTOIS WATER DISTRICT,Voluntary,8,7,2003
Glenn_01.01.2003-06.21.2013.csv,Glenn,39.7008,-122.1208,W001,2013-09-18 13:29:54,397008N1221208W001,21N02W05M001M,8/14/2003,00:00,,,45.400,0.000,45.400,190.430,188.930,145.030,43.900,UNK - Unknown,Unknown,ORLAND - ARTOIS WATER DISTRICT,Voluntary,8,14,2003
Glenn_01.01.2003-06.21.2013.csv,Glenn,39.7008,-122.1208,W001,2013-09-18 13:29:54,397008N1221208W001,21N02W05M001M,8/21/2003,00:00,,,45.400,0.000,45.400,190.430,188.930,145.030,43.900,UNK - Unknown,Unknown,ORLAND - ARTOIS WATER DISTRICT,Voluntary,8,21,2003
Glenn_01.01.2003-06.21.2013.csv,Glenn,39.7008,-122.1208,W001,2013-09-18 13:29:54,397008N1221208W001,21N02W05M001M,8/28/2003,00:00,,,45.090,0.000,45.090,190.430,188.930,145.340,43.590,UNK - Unknown,Unknown,ORLAND - ARTOIS WATER DISTRICT,Voluntary,8,28,2003
Glenn_01.01.2003-06.21.2013.csv,Glenn,39.7008,-122.1208,W001,2013-09-18 13:29:54,397008N1221208W001,21N02W05M001M,9/4/2003,00:00,,,44.200,0.000,44.200,190.430,188.930,146.230,42.700,UNK - Unknown,Unknown,ORLAND - ARTOIS WATER DISTRICT,Voluntary,9,4,2003
Glenn_01.01.2003-06.21.2013.csv,Glenn,39.7008,-122.1208,W001,2013-09-18 13:29:54,397008N1221208W001,21N02W05M001M,5/29/2003,00:00,,,27.060,0.000,27.060,190.430,188.930,163.370,25.560,UNK - Unknown,Unknown,ORLAND - ARTOIS WATER DISTRICT,Voluntary,5,29,2003
Glenn_01.01.2003-06.21.2013.csv,Glenn,39.7008,-122.1208,W001,2013-09-18 13:29:54,397008N1221208W001,21N02W05M001M,7/1/2003,00:00,,,36.430,0.000,36.430,190.430,188.930,154.000,34.930,UNK - Unknown,Unknown,ORLAND - ARTOIS WATER DISTRICT,Voluntary,7,1,2003
Glenn_01.01.2003-06.21.2013.csv,Glenn,39.7008,-122.1208,W001,2013-09-18 13:29:54,397008N1221208W001,21N02W05M001M,9/25/2003,00:00,,,43.500,0.000,43.500,190.430,188.930,146.930,42.000,UNK - Unknown,Unknown,ORLAND - ARTOIS WATER DISTRICT,Voluntary,9,25,2003
Glenn_01.01.2003-06.21.2013.csv,Glenn,39.7008,-122.1208,W001,2013-09-18 13:29:54,397008N1221208W001,21N02W05M001M,10/2/2003,00:00,,,43.500,0.000,43.500,190.430,188.930,146.930,42.000,UNK - Unknown,Unknown,ORLAND - ARTOIS WATER DISTRICT,Voluntary,10,2,2003
Glenn_01.01.2003-06.21.2013.csv,Glenn,39.7008,-122.1208,W001,2013-09-18 13:29:54,397008N1221208W001,21N02W05M001M,10/9/2003,00:00,,,43.400,0.000,43.400,190.430,188.930,147.030,41.900,UNK - Unknown,Unknown,ORLAND - ARTOIS WATER DISTRICT,Voluntary,10,9,2003
Glenn_01.01.2003-06.21.2013.csv,Glenn,39.7008,-122.1208,W001,2013-09-18 13:29:54,397008N1221208W001,21N02W05M001M,10/23/2003,00:00,,,41.900,0.000,41.900,190.430,188.930,148.530,40.400,UNK - Unknown,Unknown,ORLAND - ARTOIS WATER DISTRICT,Voluntary,10,23,2003
Glenn_01.01.2003-06.21.2013.csv,Glenn,39.7008,-122.1208,W001,2013-09-18 13:29:54,397008N1221208W001,21N02W05M001M,10/30/2003,00:00,,,41.200,0.000,41.200,190.430,188.930,149.230,39.700,UNK - Unknown,Unknown,ORLAND - ARTOIS WATER DISTRICT,Voluntary,10,30,2003
Glenn_01.01.2003-06.21.2013.csv,Glenn,39.7008,-122.1208,W001,2013-09-18 13:29:54,397008N1221208W001,21N02W05M001M,10/30/2003,00:00,,,41.230,0.000,41.230,190.430,188.930,149.200,39.730,UNK - Unknown,Unknown,ORLAND - ARTOIS WATER DISTRICT,Voluntary,10,30,2003
Glenn_01.01.2003-06.21.2013.csv,Glenn,39.7008,-122.1208,W001,2013-09-18 13:29:54,397008N1221208W001,21N02W05M001M,11/30/2003,00:00,,,36.600,0.000,36.600,190.430,188.930,153.830,35.100,UNK - Unknown,Unknown,ORLAND - ARTOIS WATER DISTRICT,Voluntary,11,30,2003
Glenn_01.01.2003-06.21.2013.csv,Glenn,39.7008,-122.1208,W001,2013-09-18 13:29:54,397008N1221208W001,21N02W05M001M,11/6/2003,00:00,,,40.600,0.000,40.600,190.430,188.930,149.830,39.100,UNK - Unknown,Unknown,ORLAND - ARTOIS WATER DISTRICT,Voluntary,11,6,2003
Glenn_01.01.2003-06.21.2013.csv,Glenn,39.7008,-122.1208,W001,2013-09-18 13:29:54,397008N1221208W001,21N02W05M001M,11/13/2003,00:00,,,39.300,0.000,39.300,190.430,188.930,151.130,37.800,UNK - Unknown,Unknown,ORLAND - ARTOIS WATER DISTRICT,Voluntary,11,13,2003
Glenn_01.01.2003-06.21.2013.csv,Glenn,39.7008,-122.1208,W001,2013-09-18 13:29:54,397008N1221208W001,21N02W05M001M,2/24/2004,00:00,,,26.600,0.000,26.600,190.430,188.930,163.830,25.100,UNK - Unknown,Unknown,ORLAND - ARTOIS WATER DISTRICT,Voluntary,2,24,2004
Glenn_01.01.2003-06.21.2013.csv,Glenn,39.7008,-122.1208,W001,2013-09-18 13:29:54,397008N1221208W001,21N02W05M001M,3/31/2004,00:00,,,24.000,0.000,24.000,190.430,188.930,166.430,22.500,UNK - Unknown,Unknown,ORLAND - ARTOIS WATER DISTRICT,Voluntary,3,31,2004
Glenn_01.01.2003-06.21.2013.csv,Glenn,39.7008,-122.1208,W001,2013-09-18 13:29:54,397008N1221208W001,21N02W05M001M,4/29/2004,00:00,,,27.000,0.000,27.000,190.430,188.930,163.430,25.500,UNK - Unknown,Unknown,ORLAND - ARTOIS WATER DISTRICT,Voluntary,4,29,2004
Glenn_01.01.2003-06.21.2013.csv,Glenn,39.7008,-122.1208,W001,2013-09-18 13:29:54,397008N1221208W001,21N02W05M001M,5/26/2004,00:00,,,33.000,0.000,33.000,190.430,188.930,157.430,31.500,UNK - Unknown,Unknown,ORLAND - ARTOIS WATER DISTRICT,Voluntary,5,26,2004
Glenn_01.01.2003-06.21.2013.csv,Glenn,39.7008,-122.1208,W001,2013-09-18 13:29:54,397008N1221208W001,21N02W05M001M,12/30/2003,00:00,,,32.500,0.000,32.500,190.430,188.930,157.930,31.000,UNK - Unknown,Unknown,ORLAND - ARTOIS WATER DISTRICT,Voluntary,12,30,2003
Glenn_01.01.2003-06.21.2013.csv,Glenn,39.7008,-122.1208,W001,2013-09-18 13:29:54,397008N1221208W001,21N02W05M001M,6/30/2004,00:00,,,39.800,0.000,39.800,190.430,188.930,150.630,38.300,UNK - Unknown,Unknown,ORLAND - ARTOIS WATER DISTRICT,Voluntary,6,30,2004
Glenn_01.01.2003-06.21.2013.csv,Glenn,39.7008,-122.1208,W001,2013-09-18 13:29:54,397008N1221208W001,21N02W05M001M,7/29/2004,00:00,,,44.900,0.000,44.900,190.430,188.930,145.530,43.400,UNK - Unknown,Unknown,ORLAND - ARTOIS WATER DISTRICT,Voluntary,7,29,2004
Glenn_01.01.2003-06.21.2013.csv,Glenn,39.7008,-122.1208,W001,2013-09-18 13:29:54,397008N1221208W001,21N02W05M001M,8/26/2004,00:00,,,45.300,0.000,45.300,190.430,188.930,145.130,43.800,UNK - Unknown,Unknown,ORLAND - ARTOIS WATER DISTRICT,Voluntary,8,26,2004
Glenn_01.01.2003-06.21.2013.csv,Glenn,39.7008,-122.1208,W001,2013-09-18 13:29:54,397008N1221208W001,21N02W05M001M,9/22/2004,00:00,,,45.500,0.000,45.500,190.430,188.930,144.930,44.000,UNK - Unknown,Unknown,ORLAND - ARTOIS WATER DISTRICT,Voluntary,9,22,2004
Glenn_01.01.2003-06.21.2013.csv,Glenn,39.7008,-122.1208,W001,2013-09-18 13:29:54,397008N1221208W001,21N02W05M001M,10/28/2004,00:00,,,40.900,0.000,40.900,190.430,188.930,149.530,39.400,UNK - Unknown,Unknown,ORLAND - ARTOIS WATER DISTRICT,Voluntary,10,28,2004
Glenn_01.01.2003-06.21.2013.csv,Glenn,39.7008,-122.1208,W001,2013-09-18 13:29:54,397008N1221208W001,21N02W05M001M,12/1/2004,00:00,,,35.200,0.000,35.200,190.430,188.930,155.230,33.700,UNK - Unknown,Unknown,ORLAND - ARTOIS WATER DISTRICT,Voluntary,12,1,2004
Glenn_01.01.2003-06.21.2013.csv,Glenn,39.7008,-122.1208,W001,2013-09-18 13:29:54,397008N1221208W001,21N02W05M001M,12/29/2004,00:00,,,32.400,0.000,32.400,190.430,188.930,158.030,30.900,UNK - Unknown,Unknown,ORLAND - ARTOIS WATER DISTRICT,Voluntary,12,29,2004
Glenn_01.01.2003-06.21.2013.csv,Glenn,39.7008,-122.1208,W001,2013-09-18 13:29:54,397008N1221208W001,21N02W05M001M,1/31/2005,00:00,,,29.100,0.000,29.100,190.430,188.930,161.330,27.600,UNK - Unknown,Unknown,ORLAND - ARTOIS WATER DISTRICT,Voluntary,1,31,2005
Glenn_01.01.2003-06.21.2013.csv,Glenn,39.7008,-122.1208,W001,2013-09-18 13:29:54,397008N1221208W001,21N02W05M001M,2/25/2005,00:00,,,26.600,0.000,26.600,190.430,188.930,163.830,25.100,UNK - Unknown,Unknown,ORLAND - ARTOIS WATER DISTRICT,Voluntary,2,25,2005
Glenn_01.01.2003-06.21.2013.csv,Glenn,39.7008,-122.1208,W001,2013-09-18 13:29:54,397008N1221208W001,21N02W05M001M,4/26/2004,00:00,,,24.700,0.000,24.700,190.430,188.930,165.730,23.200,UNK - Unknown,Unknown,ORLAND - ARTOIS WATER DISTRICT,Voluntary,4,26,2004
Glenn_01.01.2003-06.21.2013.csv,Glenn,39.7008,-122.1208,W001,2013-09-18 13:29:54,397008N1221208W001,21N02W05M001M,5/27/2005,00:00,,,25.800,0.000,25.800,190.430,188.930,164.630,24.300,UNK - Unknown,Unknown,ORLAND - ARTOIS WATER DISTRICT,Voluntary,5,27,2005
Glenn_01.01.2003-06.21.2013.csv,Glenn,39.7008,-122.1208,W001,2013-09-18 13:29:54,397008N1221208W001,21N02W05M001M,7/1/2005,00:00,,,35.300,0.000,35.300,190.430,188.930,155.130,33.800,UNK - Unknown,Unknown,ORLAND - ARTOIS WATER DISTRICT,Voluntary,7,1,2005
Glenn_01.01.2003-06.21.2013.csv,Glenn,39.7008,-122.1208,W001,2013-09-18 13:29:54,397008N1221208W001,21N02W05M001M,10/28/2005,00:00,,,43.800,0.000,43.800,190.430,188.930,146.630,42.300,UNK - Unknown,Unknown,ORLAND - ARTOIS WATER DISTRICT,Voluntary,10,28,2005
Glenn_01.01.2003-06.21.2013.csv,Glenn,39.7008,-122.1208,W001,2013-09-18 13:29:54,397008N1221208W001,21N02W05M001M,5/25/2006,00:00,,,25.700,0.000,25.700,190.430,188.930,164.730,24.200,UNK - Unknown,Unknown,ORLAND - ARTOIS WATER DISTRICT,Voluntary,5,25,2006
Glenn_01.01.2003-06.21.2013.csv,Glenn,39.7008,-122.1208,W001,2013-09-18 13:29:54,397008N1221208W001,21N02W05M001M,4/26/2006,00:00,,,22.600,0.000,22.600,190.430,188.930,167.830,21.100,UNK - Unknown,Unknown,ORLAND - ARTOIS WATER DISTRICT,Voluntary,4,26,2006
Glenn_01.01.2003-06.21.2013.csv,Glenn,39.7008,-122.1208,W001,2013-09-18 13:29:54,397008N1221208W001,21N02W05M001M,3/30/2006,00:00,,,25.800,0.000,25.800,190.430,188.930,164.630,24.300,UNK - Unknown,Unknown,ORLAND - ARTOIS WATER DISTRICT,Voluntary,3,30,2006
Glenn_01.01.2003-06.21.2013.csv,Glenn,39.7008,-122.1208,W001,2013-09-18 13:29:54,397008N1221208W001,21N02W05M001M,1/31/2006,00:00,,,29.500,0.000,29.500,190.430,188.930,160.930,28.000,UNK - Unknown,Unknown,ORLAND - ARTOIS WATER DISTRICT,Voluntary,1,31,2006
Glenn_01.01.2003-06.21.2013.csv,Glenn,39.7008,-122.1208,W001,2013-09-18 13:29:54,397008N1221208W001,21N02W05M001M,1/5/2006,00:00,,,33.000,0.000,33.000,190.430,188.930,157.430,31.500,UNK - Unknown,Unknown,ORLAND - ARTOIS WATER DISTRICT,Voluntary,1,5,2006
Glenn_01.01.2003-06.21.2013.csv,Glenn,39.7008,-122.1208,W001,2013-09-18 13:29:54,397008N1221208W001,21N02W05M001M,11/30/2005,00:00,,,37.700,0.000,37.700,190.430,188.930,152.730,36.200,UNK - Unknown,Unknown,ORLAND - ARTOIS WATER DISTRICT,Voluntary,11,30,2005
Glenn_01.01.2003-06.21.2013.csv,Glenn,39.7008,-122.1208,W001,2013-09-18 13:29:54,397008N1221208W001,21N02W05M001M,4/26/2005,00:00,,,24.700,0.000,24.700,190.430,188.930,165.730,23.200,UNK - Unknown,Unknown,ORLAND - ARTOIS WATER DISTRICT,Voluntary,4,26,2005
Glenn_01.01.2003-06.21.2013.csv,Glenn,39.7008,-122.1208,W001,2013-09-18 13:29:54,397008N1221208W001,21N02W05M001M,8/26/2005,00:00,,,47.900,0.000,47.900,190.430,188.930,142.530,46.400,UNK - Unknown,Unknown,ORLAND - ARTOIS WATER DISTRICT,Voluntary,8,26,2005
Glenn_01.01.2003-06.21.2013.csv,Glenn,39.7008,-122.1208,W001,2013-09-18 13:29:54,397008N1221208W001,21N02W05M001M,7/28/2005,00:00,,,43.200,0.000,43.200,190.430,188.930,147.230,41.700,UNK - Unknown,Unknown,ORLAND - ARTOIS WATER DISTRICT,Voluntary,7,28,2005
Glenn_01.01.2003-06.21.2013.csv,Glenn,39.7008,-122.1208,W001,2013-09-18 13:29:54,397008N1221208W001,21N02W05M001M,6/29/2006,00:00,,,32.400,0.000,32.400,190.430,188.930,158.030,30.900,UNK - Unknown,Unknown,ORLAND - ARTOIS WATER DISTRICT,Voluntary,6,29,2006
Glenn_01.01.2003-06.21.2013.csv,Glenn,39.7008,-122.1208,W001,2013-09-18 13:29:54,397008N1221208W001,21N02W05M001M,10/12/2006,00:00,,,41.200,0.000,41.200,190.430,188.930,149.230,39.700,UNK - Unknown,Unknown,ORLAND - ARTOIS WATER DISTRICT,Voluntary,TROLL READING ONLY10,12,2006
Glenn_01.01.2003-06.21.2013.csv,Glenn,39.7008,-122.1208,W001,2013-09-18 13:29:54,397008N1221208W001,21N02W05M001M,11/22/2006,00:00,,,37.300,0.000,37.300,190.430,188.930,153.130,35.800,UNK - Unknown,Unknown,ORLAND - ARTOIS WATER DISTRICT,Voluntary,11,22,2006
Glenn_01.01.2003-06.21.2013.csv,Glenn,39.7008,-122.1208,W001,2013-09-18 13:29:54,397008N1221208W001,21N02W05M001M,9/29/2006,00:00,,,41.400,0.000,41.400,190.430,188.930,149.030,39.900,UNK - Unknown,Unknown,ORLAND - ARTOIS WATER DISTRICT,Voluntary,9,29,2006
Glenn_01.01.2003-06.21.2013.csv,Glenn,39.7008,-122.1208,W001,2013-09-18 13:29:54,397008N1221208W001,21N02W05M001M,1/3/2007,00:00,,,32.430,0.000,32.430,190.430,188.930,158.000,30.930,UNK - Unknown,Unknown,ORLAND - ARTOIS WATER DISTRICT,Voluntary,1,3,2007
Glenn_01.01.2003-06.21.2013.csv,Glenn,39.7008,-122.1208,W001,2013-09-18 13:29:54,397008N1221208W001,21N02W05M001M,2/22/2007,00:00,,,30.910,0.000,30.910,190.430,188.930,159.520,29.410,UNK - Unknown,Unknown,ORLAND - ARTOIS WATER DISTRICT,Voluntary,2,22,2007
Glenn_01.01.2003-06.21.2013.csv,Glenn,39.7008,-122.1208,W001,2013-09-18 13:29:54,397008N1221208W001,21N02W05M001M,3/26/2007,00:00,,,31.620,0.000,31.620,190.430,188.930,158.810,30.120,UNK - Unknown,Unknown,ORLAND - ARTOIS WATER DISTRICT,Voluntary,3,26,2007
Glenn_01.01.2003-06.21.2013.csv,Glenn,39.7008,-122.1208,W001,2013-09-18 13:29:54,397008N1221208W001,21N02W05M001M,4/27/2007,00:00,,,35.810,0.000,35.810,190.430,188.930,154.620,34.310,UNK - Unknown,Unknown,ORLAND - ARTOIS WATER DISTRICT,Voluntary,4,27,2007
Glenn_01.01.2003-06.21.2013.csv,Glenn,39.7008,-122.1208,W001,2013-09-18 13:29:54,397008N1221208W001,21N02W05M001M,8/9/2007,00:00,,,61.240,0.000,61.240,190.430,188.930,129.190,59.740,UNK - Unknown,Unknown,ORLAND - ARTOIS WATER DISTRICT,Voluntary,8,9,2007
Glenn_01.01.2003-06.21.2013.csv,Glenn,39.7008,-122.1208,W001,2013-09-18 13:29:54,397008N1221208W001,21N02W05M001M,10/17/2007,00:00,,,52.890,0.000,52.890,190.430,188.930,137.540,51.390,UNK - Unknown,Unknown,ORLAND - ARTOIS WATER DISTRICT,Voluntary,10,17,2007
Glenn_01.01.2003-06.21.2013.csv,Glenn,39.7008,-122.1208,W001,2013-09-18 13:29:54,397008N1221208W001,21N02W05M001M,1/24/2008,00:00,,,38.480,0.000,38.480,190.430,188.930,151.950,36.980,UNK - Unknown,Unknown,ORLAND - ARTOIS WATER DISTRICT,Voluntary,1,24,2008
Glenn_01.01.2003-06.21.2013.csv,Glenn,39.7008,-122.1208,W001,2013-09-18 13:29:54,397008N1221208W001,21N02W05M001M,3/12/2008,00:00,,,32.000,0.000,32.000,190.430,188.930,158.430,30.500,UNK - Unknown,Unknown,ORLAND - ARTOIS WATER DISTRICT,Voluntary,3,12,2008
Glenn_01.01.2003-06.21.2013.csv,Glenn,39.7008,-122.1208,W001,2013-09-18 13:29:54,397008N1221208W001,21N02W05M001M,7/22/2008,00:00,,,54.020,0.000,54.020,190.430,188.930,136.410,52.520,UNK - Unknown,Unknown,ORLAND - ARTOIS WATER DISTRICT,Voluntary,7,22,2008
Glenn_01.01.2003-06.21.2013.csv,Glenn,39.7008,-122.1208,W001,2013-09-18 13:29:54,397008N1221208W001,21N02W05M001M,8/4/2008,00:00,,,55.200,0.000,55.200,190.430,188.930,135.230,53.700,UNK - Unknown,Unknown,ORLAND - ARTOIS WATER DISTRICT,Voluntary,8,4,2008
Glenn_01.01.2003-06.21.2013.csv,Glenn,39.7008,-122.1208,W001,2013-09-18 13:29:54,397008N1221208W001,21N02W05M001M,10/20/2008,00:00,,,59.410,0.000,59.410,190.430,188.930,131.020,57.910,UNK - Unknown,Unknown,ORLAND - ARTOIS WATER DISTRICT,Voluntary,10,20,2008
Glenn_01.01.2003-06.21.2013.csv,Glenn,39.7008,-122.1208,W001,2013-09-18 13:29:54,397008N1221208W001,21N02W05M001M,1/13/2009,00:00,,,44.460,0.000,44.460,190.430,188.930,145.970,42.960,UNK - Unknown,Unknown,ORLAND - ARTOIS WATER DISTRICT,Voluntary,1,13,2009
Glenn_01.01.2003-06.21.2013.csv,Glenn,39.7008,-122.1208,W001,2013-09-18 13:29:54,397008N1221208W001,21N02W05M001M,3/25/2009,00:00,,,37.820,0.000,37.820,190.430,188.930,152.610,36.320,UNK - Unknown,Unknown,Department of Water Resources,Voluntary,3,25,2009
Glenn_01.01.2003-06.21.2013.csv,Glenn,39.7008,-122.1208,W001,2013-09-18 13:29:54,397008N1221208W001,21N02W05M001M,5/15/2009,00:00,,,45.520,0.000,45.520,190.430,188.930,144.910,44.020,UNK - Unknown,Unknown,Department of Water Resources,Voluntary,5,15,2009
Glenn_01.01.2003-06.21.2013.csv,Glenn,39.7008,-122.1208,W001,2013-09-18 13:29:54,397008N1221208W001,21N02W05M001M,6/25/2009,00:00,,3 - Casing leaking or wet,60.100,0.000,60.100,190.430,188.930,130.330,58.600,UNK - Unknown,Unknown,Department of Water Resources,Voluntary,6,25,2009
Glenn_01.01.2003-06.21.2013.csv,Glenn,39.7008,-122.1208,W001,2013-09-18 13:29:54,397008N1221208W001,21N02W05M001M,8/6/2009,00:00,8 - Casing leaking or wet,,NULL,NULL,NULL,190.430,188.930,NULL,NULL,,,Department of Water Resources,Voluntary,8,6,2009
Glenn_01.01.2003-06.21.2013.csv,Glenn,39.7008,-122.1208,W001,2013-09-18 13:29:54,397008N1221208W001,21N02W05M001M,9/16/2009,00:00,,6 - Other,73.110,0.000,73.110,190.430,188.930,117.320,71.610,UNK - Unknown,Unknown,Department of Water Resources,Voluntary,9,16,2009
Glenn_01.01.2003-06.21.2013.csv,Glenn,39.7008,-122.1208,W001,2013-09-18 13:29:54,397008N1221208W001,21N02W05M001M,10/23/2009,00:00,,3 - Casing leaking or wet,66.230,0.000,66.230,190.430,188.930,124.200,64.730,UNK - Unknown,Unknown,Department of Water Resources,Voluntary,10,23,2009
Glenn_01.01.2003-06.21.2013.csv,Glenn,39.7008,-122.1208,W001,2013-09-18 13:29:54,397008N1221208W001,21N02W05M001M,3/26/2010,00:00,,,37.550,0.000,37.550,190.430,188.930,152.880,36.050,UNK - Unknown,Unknown,Department of Water Resources,Voluntary,3,26,2010
Glenn_01.01.2003-06.21.2013.csv,Glenn,39.7008,-122.1208,W001,2013-09-18 13:29:54,397008N1221208W001,21N02W05M001M,8/3/2010,00:00,,,51.910,0.000,51.910,190.430,188.930,138.520,50.410,UNK - Unknown,Unknown,Department of Water Resources,Voluntary,FALLING H2O.8,3,2010
Glenn_01.01.2003-06.21.2013.csv,Glenn,39.7008,-122.1208,W001,2013-09-18 13:29:54,397008N1221208W001,21N02W05M001M,10/20/2010,00:00,,3 - Casing leaking or wet,54.000,0.000,54.000,190.430,188.930,136.430,52.500,UNK - Unknown,Unknown,Department of Water Resources,Voluntary,FALLING H2O10,20,2010
Glenn_01.01.2003-06.21.2013.csv,Glenn,39.7008,-122.1208,W001,2013-09-18 13:29:54,397008N1221208W001,21N02W05M001M,1/20/2011,00:00,,,38.820,0.000,38.820,190.430,188.930,151.610,37.320,UNK - Unknown,Unknown,Department of Water Resources,Voluntary,1,20,2011
Glenn_01.01.2003-06.21.2013.csv,Glenn,39.7008,-122.1208,W001,2013-09-18 13:29:54,397008N1221208W001,21N02W05M001M,2/14/2011,00:00,,,36.650,0.000,36.650,190.430,188.930,153.780,35.150,UNK - Unknown,Unknown,Department of Water Resources,Voluntary,2,14,2011
Glenn_01.01.2003-06.21.2013.csv,Glenn,39.7008,-122.1208,W001,2013-09-18 13:29:54,397008N1221208W001,21N02W05M001M,3/1/2011,00:00,,,35.690,0.000,35.690,190.430,188.930,154.740,34.190,UNK - Unknown,Unknown,Department of Water Resources,Voluntary,3,1,2011
Glenn_01.01.2003-06.21.2013.csv,Glenn,39.7008,-122.1208,W001,2013-09-18 13:29:54,397008N1221208W001,21N02W05M001M,4/6/2011,00:00,,,33.460,0.000,33.460,190.430,188.930,156.970,31.960,UNK - Unknown,Unknown,Department of Water Resources,Voluntary,4,6,2011
Glenn_01.01.2003-06.21.2013.csv,Glenn,39.7008,-122.1208,W001,2013-09-18 13:29:54,397008N1221208W001,21N02W05M001M,8/1/2011,00:00,,,48.500,0.000,48.500,190.430,188.930,141.930,47.000,UNK - Unknown,Unknown,Department of Water Resources,Voluntary,8,1,2011
Glenn_01.01.2003-06.21.2013.csv,Glenn,39.7008,-122.1208,W001,2013-09-18 13:29:54,397008N1221208W001,21N02W05M001M,10/12/2011,00:00,,,48.700,0.000,48.700,190.430,188.930,141.730,47.200,UNK - Unknown,Unknown,Department of Water Resources,Voluntary,10,12,2011
Glenn_01.01.2003-06.21.2013.csv,Glenn,39.7008,-122.1208,W001,2013-09-18 13:29:54,397008N1221208W001,21N02W05M001M,11/28/2011,00:00,,,42.070,0.000,42.070,190.430,188.930,148.360,40.570,UNK - Unknown,Unknown,Department of Water Resources,Voluntary,11,28,2011
Glenn_01.01.2003-06.21.2013.csv,Glenn,39.7008,-122.1208,W001,2013-09-18 13:29:54,397008N1221208W001,21N02W05M001M,3/21/2013,00:00,,,38.600,0.000,38.600,190.430,188.930,151.830,37.100,ES - Electric sounder measurement,0.01 Ft,Department of Water Resources,CASGEM,3,21,2013
Glenn_01.01.2003-06.21.2013.csv,Glenn,39.7008,-122.1208,W002,2013-09-18 13:29:54,397008N1221208W002,21N02W05M002M,10/12/2011,00:00,,,30.630,0.000,30.630,190.910,188.930,160.280,28.650,ES - Electric sounder measurement,0.01 Ft,Department of Water Resources,CASGEM,10,12,2011
Glenn_01.01.2003-06.21.2013.csv,Glenn,39.7008,-122.1208,W002,2013-09-18 13:29:54,397008N1221208W002,21N02W05M002M,3/29/2012,00:00,,,27.050,0.000,27.050,190.910,188.930,163.860,25.070,ES - Electric sounder measurement,0.01 Ft,Department of Water Resources,CASGEM,3,29,2012
Glenn_01.01.2003-06.21.2013.csv,Glenn,39.7008,-122.1208,W002,2013-09-18 13:29:54,397008N1221208W002,21N02W05M002M,8/2/2012,00:00,,,52.190,0.000,52.190,190.910,188.930,138.720,50.210,ES - Electric sounder measurement,0.01 Ft,Department of Water Resources,CASGEM,8,2,2012
Glenn_01.01.2003-06.21.2013.csv,Glenn,39.7008,-122.1208,W002,2013-09-18 13:29:54,397008N1221208W002,21N02W05M002M,10/17/2012,00:00,,,41.220,0.000,41.220,190.910,188.930,149.690,39.240,ES - Electric sounder measurement,0.01 Ft,Department of Water Resources,CASGEM,10,17,2012
Glenn_01.01.2003-06.21.2013.csv,Glenn,39.7008,-122.1208,W002,2013-09-18 13:29:54,397008N1221208W002,21N02W05M002M,1/23/2003,00:00,,,17.500,0.000,17.500,190.910,188.930,173.410,15.520,UNK - Unknown,Unknown,ORLAND - ARTOIS WATER DISTRICT,Voluntary,1,23,2003
Glenn_01.01.2003-06.21.2013.csv,Glenn,39.7008,-122.1208,W002,2013-09-18 13:29:54,397008N1221208W002,21N02W05M002M,2/20/2003,00:00,,,16.000,0.000,16.000,190.910,188.930,174.910,14.020,UNK - Unknown,Unknown,ORLAND - ARTOIS WATER DISTRICT,Voluntary,2,20,2003
Glenn_01.01.2003-06.21.2013.csv,Glenn,39.7008,-122.1208,W002,2013-09-18 13:29:54,397008N1221208W002,21N02W05M002M,3/3/2003,00:00,,,15.600,0.000,15.600,190.910,188.930,175.310,13.620,UNK - Unknown,Unknown,ORLAND - ARTOIS WATER DISTRICT,Voluntary,3,3,2003
Glenn_01.01.2003-06.21.2013.csv,Glenn,39.7008,-122.1208,W002,2013-09-18 13:29:54,397008N1221208W002,21N02W05M002M,4/1/2003,00:00,,,15.000,0.000,15.000,190.910,188.930,175.910,13.020,UNK - Unknown,Unknown,ORLAND - ARTOIS WATER DISTRICT,Voluntary,4,1,2003
Glenn_01.01.2003-06.21.2013.csv,Glenn,39.7008,-122.1208,W002,2013-09-18 13:29:54,397008N1221208W002,21N02W05M002M,5/12/2003,00:00,,,16.000,0.000,16.000,190.910,188.930,174.910,14.020,UNK - Unknown,Unknown,ORLAND - ARTOIS WATER DISTRICT,Voluntary,5,12,2003
Glenn_01.01.2003-06.21.2013.csv,Glenn,39.7008,-122.1208,W002,2013-09-18 13:29:54,397008N1221208W002,21N02W05M002M,7/11/2003,00:00,,,32.700,0.000,32.700,190.910,188.930,158.210,30.720,UNK - Unknown,Unknown,ORLAND - ARTOIS WATER DISTRICT,Voluntary,7,11,2003
Glenn_01.01.2003-06.21.2013.csv,Glenn,39.7008,-122.1208,W002,2013-09-18 13:29:54,397008N1221208W002,21N02W05M002M,7/18/2003,00:00,,,30.300,0.000,30.300,190.910,188.930,160.610,28.320,UNK - Unknown,Unknown,ORLAND - ARTOIS WATER DISTRICT,Voluntary,7,18,2003
Glenn_01.01.2003-06.21.2013.csv,Glenn,39.7008,-122.1208,W002,2013-09-18 13:29:54,397008N1221208W002,21N02W05M002M,7/24/2003,00:00,,,30.600,0.000,30.600,190.910,188.930,160.310,28.620,UNK - Unknown,Unknown,ORLAND - ARTOIS WATER DISTRICT,Voluntary,7,24,2003
Glenn_01.01.2003-06.21.2013.csv,Glenn,39.7008,-122.1208,W002,2013-09-18 13:29:54,397008N1221208W002,21N02W05M002M,7/31/2003,00:00,,,32.900,0.000,32.900,190.910,188.930,158.010,30.920,UNK - Unknown,Unknown,ORLAND - ARTOIS WATER DISTRICT,Voluntary,7,31,2003
Glenn_01.01.2003-06.21.2013.csv,Glenn,39.7008,-122.1208,W002,2013-09-18 13:29:54,397008N1221208W002,21N02W05M002M,8/7/2003,00:00,,,30.600,0.000,30.600,190.910,188.930,160.310,28.620,UNK - Unknown,Unknown,ORLAND - ARTOIS WATER DISTRICT,Voluntary,8,7,2003
Glenn_01.01.2003-06.21.2013.csv,Glenn,39.7008,-122.1208,W002,2013-09-18 13:29:54,397008N1221208W002,21N02W05M002M,8/14/2003,00:00,,,30.700,0.000,30.700,190.910,188.930,160.210,28.720,UNK - Unknown,Unknown,ORLAND - ARTOIS WATER DISTRICT,Voluntary,8,14,2003
Glenn_01.01.2003-06.21.2013.csv,Glenn,39.7008,-122.1208,W002,2013-09-18 13:29:54,397008N1221208W002,21N02W05M002M,8/21/2003,00:00,,,28.600,0.000,28.600,190.910,188.930,162.310,26.620,UNK - Unknown,Unknown,ORLAND - ARTOIS WATER DISTRICT,Voluntary,8,21,2003
Glenn_01.01.2003-06.21.2013.csv,Glenn,39.7008,-122.1208,W002,2013-09-18 13:29:54,397008N1221208W002,21N02W05M002M,8/28/2003,00:00,,,27.160,0.000,27.160,190.910,188.930,163.750,25.180,UNK - Unknown,Unknown,ORLAND - ARTOIS WATER DISTRICT,Voluntary,8,28,2003
Glenn_01.01.2003-06.21.2013.csv,Glenn,39.7008,-122.1208,W002,2013-09-18 13:29:54,397008N1221208W002,21N02W05M002M,9/4/2003,00:00,,,28.900,0.000,28.900,190.910,188.930,162.010,26.920,UNK - Unknown,Unknown,ORLAND - ARTOIS WATER DISTRICT,Voluntary,9,4,2003
Glenn_01.01.2003-06.21.2013.csv,Glenn,39.7008,-122.1208,W002,2013-09-18 13:29:54,397008N1221208W002,21N02W05M002M,5/29/2003,00:00,,,24.870,0.000,24.870,190.910,188.930,166.040,22.890,UNK - Unknown,Unknown,ORLAND - ARTOIS WATER DISTRICT,Voluntary,5,29,2003
Glenn_01.01.2003-06.21.2013.csv,Glenn,39.7008,-122.1208,W002,2013-09-18 13:29:54,397008N1221208W002,21N02W05M002M,7/1/2003,00:00,,,27.020,0.000,27.020,190.910,188.930,163.890,25.040,UNK - Unknown,Unknown,ORLAND - ARTOIS WATER DISTRICT,Voluntary,7,1,2003
Glenn_01.01.2003-06.21.2013.csv,Glenn,39.7008,-122.1208,W002,2013-09-18 13:29:54,397008N1221208W002,21N02W05M002M,9/25/2003,00:00,,,28.900,0.000,28.900,190.910,188.930,162.010,26.920,UNK - Unknown,Unknown,ORLAND - ARTOIS WATER DISTRICT,Voluntary,9,25,2003
Glenn_01.01.2003-06.21.2013.csv,Glenn,39.7008,-122.1208,W002,2013-09-18 13:29:54,397008N1221208W002,21N02W05M002M,10/2/2003,00:00,,,27.600,0.000,27.600,190.910,188.930,163.310,25.620,UNK - Unknown,Unknown,ORLAND - ARTOIS WATER DISTRICT,Voluntary,10,2,2003
Glenn_01.01.2003-06.21.2013.csv,Glenn,39.7008,-122.1208,W002,2013-09-18 13:29:54,397008N1221208W002,21N02W05M002M,10/9/2003,00:00,,,26.400,0.000,26.400,190.910,188.930,164.510,24.420,UNK - Unknown,Unknown,ORLAND - ARTOIS WATER DISTRICT,Voluntary,10,9,2003
Glenn_01.01.2003-06.21.2013.csv,Glenn,39.7008,-122.1208,W002,2013-09-18 13:29:54,397008N1221208W002,21N02W05M002M,10/23/2003,00:00,,,26.200,0.000,26.200,190.910,188.930,164.710,24.220,UNK - Unknown,Unknown,ORLAND - ARTOIS WATER DISTRICT,Voluntary,10,23,2003
Glenn_01.01.2003-06.21.2013.csv,Glenn,39.7008,-122.1208,W002,2013-09-18 13:29:54,397008N1221208W002,21N02W05M002M,10/30/2003,00:00,,,27.400,0.000,27.400,190.910,188.930,163.510,25.420,UNK - Unknown,Unknown,ORLAND - ARTOIS WATER DISTRICT,Voluntary,10,30,2003
Glenn_01.01.2003-06.21.2013.csv,Glenn,39.7008,-122.1208,W002,2013-09-18 13:29:54,397008N1221208W002,21N02W05M002M,10/30/2003,00:00,,,27.420,0.000,27.420,190.910,188.930,163.490,25.440,UNK - Unknown,Unknown,ORLAND - ARTOIS WATER DISTRICT,Voluntary,10,30,2003
Glenn_01.01.2003-06.21.2013.csv,Glenn,39.7008,-122.1208,W002,2013-09-18 13:29:54,397008N1221208W002,21N02W05M002M,11/30/2003,00:00,,,23.600,0.000,23.600,190.910,188.930,167.310,21.620,UNK - Unknown,Unknown,ORLAND - ARTOIS WATER DISTRICT,Voluntary,11,30,2003
Glenn_01.01.2003-06.21.2013.csv,Glenn,39.7008,-122.1208,W002,2013-09-18 13:29:54,397008N1221208W002,21N02W05M002M,11/6/2003,00:00,,,24.800,0.000,24.800,190.910,188.930,166.110,22.820,UNK - Unknown,Unknown,ORLAND - ARTOIS WATER DISTRICT,Voluntary,11,6,2003
Glenn_01.01.2003-06.21.2013.csv,Glenn,39.7008,-122.1208,W002,2013-09-18 13:29:54,397008N1221208W002,21N02W05M002M,11/13/2003,00:00,,,24.200,0.000,24.200,190.910,188.930,166.710,22.220,UNK - Unknown,Unknown,ORLAND - ARTOIS WATER DISTRICT,Voluntary,11,13,2003
Glenn_01.01.2003-06.21.2013.csv,Glenn,39.7008,-122.1208,W002,2013-09-18 13:29:54,397008N1221208W002,21N02W05M002M,2/24/2004,00:00,,,14.000,0.000,14.000,190.910,188.930,176.910,12.020,UNK - Unknown,Unknown,ORLAND - ARTOIS WATER DISTRICT,Voluntary,2,24,2004
Glenn_01.01.2003-06.21.2013.csv,Glenn,39.7008,-122.1208,W002,2013-09-18 13:29:54,397008N1221208W002,21N02W05M002M,3/31/2004,00:00,,,14.900,0.000,14.900,190.910,188.930,176.010,12.920,UNK - Unknown,Unknown,ORLAND - ARTOIS WATER DISTRICT,Voluntary,3,31,2004
Glenn_01.01.2003-06.21.2013.csv,Glenn,39.7008,-122.1208,W002,2013-09-18 13:29:54,397008N1221208W002,21N02W05M002M,4/29/2004,00:00,,,18.300,0.000,18.300,190.910,188.930,172.610,16.320,UNK - Unknown,Unknown,ORLAND - ARTOIS WATER DISTRICT,Voluntary,4,29,2004
Glenn_01.01.2003-06.21.2013.csv,Glenn,39.7008,-122.1208,W002,2013-09-18 13:29:54,397008N1221208W002,21N02W05M002M,5/26/2004,00:00,,,22.100,0.000,22.100,190.910,188.930,168.810,20.120,UNK - Unknown,Unknown,ORLAND - ARTOIS WATER DISTRICT,Voluntary,5,26,2004
Glenn_01.01.2003-06.21.2013.csv,Glenn,39.7008,-122.1208,W002,2013-09-18 13:29:54,397008N1221208W002,21N02W05M002M,12/30/2003,00:00,,,20.100,0.000,20.100,190.910,188.930,170.810,18.120,UNK - Unknown,Unknown,ORLAND - ARTOIS WATER DISTRICT,Voluntary,12,30,2003
Glenn_01.01.2003-06.21.2013.csv,Glenn,39.7008,-122.1208,W002,2013-09-18 13:29:54,397008N1221208W002,21N02W05M002M,6/30/2004,00:00,,,24.700,0.000,24.700,190.910,188.930,166.210,22.720,UNK - Unknown,Unknown,ORLAND - ARTOIS WATER DISTRICT,Voluntary,6,30,2004
Glenn_01.01.2003-06.21.2013.csv,Glenn,39.7008,-122.1208,W002,2013-09-18 13:29:54,397008N1221208W002,21N02W05M002M,7/29/2004,00:00,,,27.700,0.000,27.700,190.910,188.930,163.210,25.720,UNK - Unknown,Unknown,ORLAND - ARTOIS WATER DISTRICT,Voluntary,7,29,2004
Glenn_01.01.2003-06.21.2013.csv,Glenn,39.7008,-122.1208,W002,2013-09-18 13:29:54,397008N1221208W002,21N02W05M002M,8/26/2004,00:00,,,27.100,0.000,27.100,190.910,188.930,163.810,25.120,UNK - Unknown,Unknown,ORLAND - ARTOIS WATER DISTRICT,Voluntary,8,26,2004
Glenn_01.01.2003-06.21.2013.csv,Glenn,39.7008,-122.1208,W002,2013-09-18 13:29:54,397008N1221208W002,21N02W05M002M,9/22/2004,00:00,,,26.600,0.000,26.600,190.910,188.930,164.310,24.620,UNK - Unknown,Unknown,ORLAND - ARTOIS WATER DISTRICT,Voluntary,9,22,2004
Glenn_01.01.2003-06.21.2013.csv,Glenn,39.7008,-122.1208,W002,2013-09-18 13:29:54,397008N1221208W002,21N02W05M002M,10/28/2004,00:00,,,23.500,0.000,23.500,190.910,188.930,167.410,21.520,UNK - Unknown,Unknown,ORLAND - ARTOIS WATER DISTRICT,Voluntary,10,28,2004
Glenn_01.01.2003-06.21.2013.csv,Glenn,39.7008,-122.1208,W002,2013-09-18 13:29:54,397008N1221208W002,21N02W05M002M,12/1/2004,00:00,,,22.500,0.000,22.500,190.910,188.930,168.410,20.520,UNK - Unknown,Unknown,ORLAND - ARTOIS WATER DISTRICT,Voluntary,12,1,2004
Glenn_01.01.2003-06.21.2013.csv,Glenn,39.7008,-122.1208,W002,2013-09-18 13:29:54,397008N1221208W002,21N02W05M002M,12/29/2004,00:00,,,20.600,0.000,20.600,190.910,188.930,170.310,18.620,UNK - Unknown,Unknown,ORLAND - ARTOIS WATER DISTRICT,Voluntary,12,29,2004
Glenn_01.01.2003-06.21.2013.csv,Glenn,39.7008,-122.1208,W002,2013-09-18 13:29:54,397008N1221208W002,21N02W05M002M,1/31/2005,00:00,,,15.500,0.000,15.500,190.910,188.930,175.410,13.520,UNK - Unknown,Unknown,ORLAND - ARTOIS WATER DISTRICT,Voluntary,1,31,2005
Glenn_01.01.2003-06.21.2013.csv,Glenn,39.7008,-122.1208,W002,2013-09-18 13:29:54,397008N1221208W002,21N02W05M002M,2/25/2005,00:00,,,14.600,0.000,14.600,190.910,188.930,176.310,12.620,UNK - Unknown,Unknown,ORLAND - ARTOIS WATER DISTRICT,Voluntary,2,25,2005
Glenn_01.01.2003-06.21.2013.csv,Glenn,39.7008,-122.1208,W002,2013-09-18 13:29:54,397008N1221208W002,21N02W05M002M,4/26/2004,00:00,,,16.000,0.000,16.000,190.910,188.930,174.910,14.020,UNK - Unknown,Unknown,ORLAND - ARTOIS WATER DISTRICT,Voluntary,4,26,2004
Glenn_01.01.2003-06.21.2013.csv,Glenn,39.7008,-122.1208,W002,2013-09-18 13:29:54,397008N1221208W002,21N02W05M002M,5/27/2005,00:00,,,19.600,0.000,19.600,190.910,188.930,171.310,17.620,UNK - Unknown,Unknown,ORLAND - ARTOIS WATER DISTRICT,Voluntary,5,27,2005
Glenn_01.01.2003-06.21.2013.csv,Glenn,39.7008,-122.1208,W002,2013-09-18 13:29:54,397008N1221208W002,21N02W05M002M,7/1/2005,00:00,,,28.600,0.000,28.600,190.910,188.930,162.310,26.620,UNK - Unknown,Unknown,ORLAND - ARTOIS WATER DISTRICT,Voluntary,7,1,2005
Glenn_01.01.2003-06.21.2013.csv,Glenn,39.7008,-122.1208,W002,2013-09-18 13:29:54,397008N1221208W002,21N02W05M002M,10/28/2005,00:00,,,24.900,0.000,24.900,190.910,188.930,166.010,22.920,UNK - Unknown,Unknown,ORLAND - ARTOIS WATER DISTRICT,Voluntary,10,28,2005
Glenn_01.01.2003-06.21.2013.csv,Glenn,39.7008,-122.1208,W002,2013-09-18 13:29:54,397008N1221208W002,21N02W05M002M,5/25/2006,00:00,,,18.400,0.000,18.400,190.910,188.930,172.510,16.420,UNK - Unknown,Unknown,ORLAND - ARTOIS WATER DISTRICT,Voluntary,5,25,2006
Glenn_01.01.2003-06.21.2013.csv,Glenn,39.7008,-122.1208,W002,2013-09-18 13:29:54,397008N1221208W002,21N02W05M002M,4/26/2006,00:00,,,9.800,0.000,9.800,190.910,188.930,181.110,7.820,UNK - Unknown,Unknown,ORLAND - ARTOIS WATER DISTRICT,Voluntary,4,26,2006
Glenn_01.01.2003-06.21.2013.csv,Glenn,39.7008,-122.1208,W002,2013-09-18 13:29:54,397008N1221208W002,21N02W05M002M,3/30/2006,00:00,,,12.700,0.000,12.700,190.910,188.930,178.210,10.720,UNK - Unknown,Unknown,ORLAND - ARTOIS WATER DISTRICT,Voluntary,3,30,2006
Glenn_01.01.2003-06.21.2013.csv,Glenn,39.7008,-122.1208,W002,2013-09-18 13:29:54,397008N1221208W002,21N02W05M002M,1/31/2006,00:00,,,15.600,0.000,15.600,190.910,188.930,175.310,13.620,UNK - Unknown,Unknown,ORLAND - ARTOIS WATER DISTRICT,Voluntary,1,31,2006
Glenn_01.01.2003-06.21.2013.csv,Glenn,39.7008,-122.1208,W002,2013-09-18 13:29:54,397008N1221208W002,21N02W05M002M,1/5/2006,00:00,,,17.800,0.000,17.800,190.910,188.930,173.110,15.820,UNK - Unknown,Unknown,ORLAND - ARTOIS WATER DISTRICT,Voluntary,1,5,2006
Glenn_01.01.2003-06.21.2013.csv,Glenn,39.7008,-122.1208,W002,2013-09-18 13:29:54,397008N1221208W002,21N02W05M002M,11/30/2005,00:00,,,23.300,0.000,23.300,190.910,188.930,167.610,21.320,UNK - Unknown,Unknown,ORLAND - ARTOIS WATER DISTRICT,Voluntary,11,30,2005
Glenn_01.01.2003-06.21.2013.csv,Glenn,39.7008,-122.1208,W002,2013-09-18 13:29:54,397008N1221208W002,21N02W05M002M,4/26/2005,00:00,,,16.000,0.000,16.000,190.910,188.930,174.910,14.020,UNK - Unknown,Unknown,ORLAND - ARTOIS WATER DISTRICT,Voluntary,4,26,2005
Glenn_01.01.2003-06.21.2013.csv,Glenn,39.7008,-122.1208,W002,2013-09-18 13:29:54,397008N1221208W002,21N02W05M002M,8/26/2005,00:00,,,27.300,0.000,27.300,190.910,188.930,163.610,25.320,UNK - Unknown,Unknown,ORLAND - ARTOIS WATER DISTRICT,Voluntary,8,26,2005
Glenn_01.01.2003-06.21.2013.csv,Glenn,39.7008,-122.1208,W002,2013-09-18 13:29:54,397008N1221208W002,21N02W05M002M,7/28/2005,00:00,,,31.900,0.000,31.900,190.910,188.930,159.010,29.920,UNK - Unknown,Unknown,ORLAND - ARTOIS WATER DISTRICT,Voluntary,7,28,2005
Glenn_01.01.2003-06.21.2013.csv,Glenn,39.7008,-122.1208,W002,2013-09-18 13:29:54,397008N1221208W002,21N02W05M002M,6/29/2006,00:00,,,25.000,0.000,25.000,190.910,188.930,165.910,23.020,UNK - Unknown,Unknown,ORLAND - ARTOIS WATER DISTRICT,Voluntary,6,29,2006
Glenn_01.01.2003-06.21.2013.csv,Glenn,39.7008,-122.1208,W002,2013-09-18 13:29:54,397008N1221208W002,21N02W05M002M,10/12/2006,00:00,,,23.400,0.000,23.400,190.910,188.930,167.510,21.420,UNK - Unknown,Unknown,ORLAND - ARTOIS WATER DISTRICT,Voluntary,TROLL READING ONLY10,12,2006
Glenn_01.01.2003-06.21.2013.csv,Glenn,39.7008,-122.1208,W002,2013-09-18 13:29:54,397008N1221208W002,21N02W05M002M,11/22/2006,00:00,,,22.000,0.000,22.000,190.910,188.930,168.910,20.020,UNK - Unknown,Unknown,ORLAND - ARTOIS WATER DISTRICT,Voluntary,11,22,2006
Glenn_01.01.2003-06.21.2013.csv,Glenn,39.7008,-122.1208,W002,2013-09-18 13:29:54,397008N1221208W002,21N02W05M002M,9/29/2006,00:00,,,25.500,0.000,25.500,190.910,188.930,165.410,23.520,UNK - Unknown,Unknown,ORLAND - ARTOIS WATER DISTRICT,Voluntary,9,29,2006
Glenn_01.01.2003-06.21.2013.csv,Glenn,39.7008,-122.1208,W002,2013-09-18 13:29:54,397008N1221208W002,21N02W05M002M,1/3/2007,00:00,,,21.540,0.000,21.540,190.910,188.930,169.370,19.560,UNK - Unknown,Unknown,ORLAND - ARTOIS WATER DISTRICT,Voluntary,1,3,2007
Glenn_01.01.2003-06.21.2013.csv,Glenn,39.7008,-122.1208,W002,2013-09-18 13:29:54,397008N1221208W002,21N02W05M002M,2/22/2007,00:00,,,20.800,0.000,20.800,190.910,188.930,170.110,18.820,UNK - Unknown,Unknown,ORLAND - ARTOIS WATER DISTRICT,Voluntary,2,22,2007
Glenn_01.01.2003-06.21.2013.csv,Glenn,39.7008,-122.1208,W002,2013-09-18 13:29:54,397008N1221208W002,21N02W05M002M,3/26/2007,00:00,,,25.110,0.000,25.110,190.910,188.930,165.800,23.130,UNK - Unknown,Unknown,ORLAND - ARTOIS WATER DISTRICT,Voluntary,3,26,2007
Glenn_01.01.2003-06.21.2013.csv,Glenn,39.7008,-122.1208,W002,2013-09-18 13:29:54,397008N1221208W002,21N02W05M002M,4/27/2007,00:00,,,31.430,0.000,31.430,190.910,188.930,159.480,29.450,UNK - Unknown,Unknown,ORLAND - ARTOIS WATER DISTRICT,Voluntary,4,27,2007
Glenn_01.01.2003-06.21.2013.csv,Glenn,39.7008,-122.1208,W002,2013-09-18 13:29:54,397008N1221208W002,21N02W05M002M,8/9/2007,00:00,,,41.190,0.000,41.190,190.910,188.930,149.720,39.210,UNK - Unknown,Unknown,ORLAND - ARTOIS WATER DISTRICT,Voluntary,8,9,2007
Glenn_01.01.2003-06.21.2013.csv,Glenn,39.7008,-122.1208,W002,2013-09-18 13:29:54,397008N1221208W002,21N02W05M002M,10/17/2007,00:00,,,33.730,0.000,33.730,190.910,188.930,157.180,31.750,UNK - Unknown,Unknown,ORLAND - ARTOIS WATER DISTRICT,Voluntary,10,17,2007
Glenn_01.01.2003-06.21.2013.csv,Glenn,39.7008,-122.1208,W002,2013-09-18 13:29:54,397008N1221208W002,21N02W05M002M,1/24/2008,00:00,,,28.480,0.000,28.480,190.910,188.930,162.430,26.500,UNK - Unknown,Unknown,ORLAND - ARTOIS WATER DISTRICT,Voluntary,1,24,2008
Glenn_01.01.2003-06.21.2013.csv,Glenn,39.7008,-122.1208,W002,2013-09-18 13:29:54,397008N1221208W002,21N02W05M002M,3/12/2008,00:00,,,22.300,0.000,22.300,190.910,188.930,168.610,20.320,UNK - Unknown,Unknown,ORLAND - ARTOIS WATER DISTRICT,Voluntary,3,12,2008
Glenn_01.01.2003-06.21.2013.csv,Glenn,39.7008,-122.1208,W002,2013-09-18 13:29:54,397008N1221208W002,21N02W05M002M,7/22/2008,00:00,,,53.050,0.000,53.050,190.910,188.930,137.860,51.070,UNK - Unknown,Unknown,ORLAND - ARTOIS WATER DISTRICT,Voluntary,7,22,2008
Glenn_01.01.2003-06.21.2013.csv,Glenn,39.7008,-122.1208,W002,2013-09-18 13:29:54,397008N1221208W002,21N02W05M002M,8/4/2008,00:00,,,54.440,0.000,54.440,190.910,188.930,136.470,52.460,UNK - Unknown,Unknown,ORLAND - ARTOIS WATER DISTRICT,Voluntary,8,4,2008
Glenn_01.01.2003-06.21.2013.csv,Glenn,39.7008,-122.1208,W002,2013-09-18 13:29:54,397008N1221208W002,21N02W05M002M,10/20/2008,00:00,,,42.160,0.000,42.160,190.910,188.930,148.750,40.180,UNK - Unknown,Unknown,ORLAND - ARTOIS WATER DISTRICT,Voluntary,10,20,2008
Glenn_01.01.2003-06.21.2013.csv,Glenn,39.7008,-122.1208,W002,2013-09-18 13:29:54,397008N1221208W002,21N02W05M002M,1/13/2009,00:00,,,33.060,0.000,33.060,190.910,188.930,157.850,31.080,UNK - Unknown,Unknown,ORLAND - ARTOIS WATER DISTRICT,Voluntary,1,13,2009
Glenn_01.01.2003-06.21.2013.csv,Glenn,39.7008,-122.1208,W002,2013-09-18 13:29:54,397008N1221208W002,21N02W05M002M,3/25/2009,00:00,,,24.900,0.000,24.900,190.910,188.930,166.010,22.920,UNK - Unknown,Unknown,Department of Water Resources,Voluntary,3,25,2009
Glenn_01.01.2003-06.21.2013.csv,Glenn,39.7008,-122.1208,W002,2013-09-18 13:29:54,397008N1221208W002,21N02W05M002M,5/15/2009,00:00,,,44.520,0.000,44.520,190.910,188.930,146.390,42.540,UNK - Unknown,Unknown,Department of Water Resources,Voluntary,5,15,2009
Glenn_01.01.2003-06.21.2013.csv,Glenn,39.7008,-122.1208,W002,2013-09-18 13:29:54,397008N1221208W002,21N02W05M002M,6/25/2009,00:00,,,53.700,0.000,53.700,190.910,188.930,137.210,51.720,UNK - Unknown,Unknown,Department of Water Resources,Voluntary,6,25,2009
Glenn_01.01.2003-06.21.2013.csv,Glenn,39.7008,-122.1208,W002,2013-09-18 13:29:54,397008N1221208W002,21N02W05M002M,8/6/2009,00:00,,,57.360,0.000,57.360,190.910,188.930,133.550,55.380,UNK - Unknown,Unknown,Department of Water Resources,Voluntary,8,6,2009
Glenn_01.01.2003-06.21.2013.csv,Glenn,39.7008,-122.1208,W002,2013-09-18 13:29:54,397008N1221208W002,21N02W05M002M,9/16/2009,00:00,,,52.080,0.000,52.080,190.910,188.930,138.830,50.100,UNK - Unknown,Unknown,Department of Water Resources,Voluntary,9,16,2009
Glenn_01.01.2003-06.21.2013.csv,Glenn,39.7008,-122.1208,W002,2013-09-18 13:29:54,397008N1221208W002,21N02W05M002M,10/23/2009,00:00,,,41.170,0.000,41.170,190.910,188.930,149.740,39.190,UNK - Unknown,Unknown,Department of Water Resources,Voluntary,10,23,2009
Glenn_01.01.2003-06.21.2013.csv,Glenn,39.7008,-122.1208,W002,2013-09-18 13:29:54,397008N1221208W002,21N02W05M002M,3/26/2010,00:00,,,24.700,0.000,24.700,190.910,188.930,166.210,22.720,UNK - Unknown,Unknown,Department of Water Resources,Voluntary,3,26,2010
Glenn_01.01.2003-06.21.2013.csv,Glenn,39.7008,-122.1208,W002,2013-09-18 13:29:54,397008N1221208W002,21N02W05M002M,8/3/2010,00:00,,,44.220,0.000,44.220,190.910,188.930,146.690,42.240,UNK - Unknown,Unknown,Department of Water Resources,Voluntary,8,3,2010
Glenn_01.01.2003-06.21.2013.csv,Glenn,39.7008,-122.1208,W002,2013-09-18 13:29:54,397008N1221208W002,21N02W05M002M,10/20/2010,00:00,,,35.070,0.000,35.070,190.910,188.930,155.840,33.090,UNK - Unknown,Unknown,Department of Water Resources,Voluntary,10,20,2010
Glenn_01.01.2003-06.21.2013.csv,Glenn,39.7008,-122.1208,W002,2013-09-18 13:29:54,397008N1221208W002,21N02W05M002M,1/20/2011,00:00,,,25.640,0.000,25.640,190.910,188.930,165.270,23.660,UNK - Unknown,Unknown,Department of Water Resources,Voluntary,1,20,2011
Glenn_01.01.2003-06.21.2013.csv,Glenn,39.7008,-122.1208,W002,2013-09-18 13:29:54,397008N1221208W002,21N02W05M002M,2/14/2011,00:00,,,25.460,0.000,25.460,190.910,188.930,165.450,23.480,UNK - Unknown,Unknown,Department of Water Resources,Voluntary,2,14,2011
Glenn_01.01.2003-06.21.2013.csv,Glenn,39.7008,-122.1208,W002,2013-09-18 13:29:54,397008N1221208W002,21N02W05M002M,3/1/2011,00:00,,,25.390,0.000,25.390,190.910,188.930,165.520,23.410,UNK - Unknown,Unknown,Department of Water Resources,Voluntary,3,1,2011
Glenn_01.01.2003-06.21.2013.csv,Glenn,39.7008,-122.1208,W002,2013-09-18 13:29:54,397008N1221208W002,21N02W05M002M,4/6/2011,00:00,,,20.500,0.000,20.500,190.910,188.930,170.410,18.520,UNK - Unknown,Unknown,Department of Water Resources,Voluntary,4,6,2011
Glenn_01.01.2003-06.21.2013.csv,Glenn,39.7008,-122.1208,W002,2013-09-18 13:29:54,397008N1221208W002,21N02W05M002M,8/1/2011,00:00,,,36.680,0.000,36.680,190.910,188.930,154.230,34.700,UNK - Unknown,Unknown,Department of Water Resources,Voluntary,8,1,2011
Glenn_01.01.2003-06.21.2013.csv,Glenn,39.7008,-122.1208,W002,2013-09-18 13:29:54,397008N1221208W002,21N02W05M002M,10/12/2011,00:00,,,30.630,0.000,30.630,190.910,188.930,160.280,28.650,UNK - Unknown,Unknown,Department of Water Resources,Voluntary,10,12,2011
Glenn_01.01.2003-06.21.2013.csv,Glenn,39.7008,-122.1208,W002,2013-09-18 13:29:54,397008N1221208W002,21N02W05M002M,3/21/2013,00:00,,,27.920,0.000,27.920,190.910,188.930,162.990,25.940,ES - Electric sounder measurement,0.01 Ft,Department of Water Resources,CASGEM,3,21,2013
Glenn_01.01.2003-06.21.2013.csv,Glenn,39.7008,-122.1208,W003,2013-09-18 13:29:54,397008N1221208W003,21N02W05M003M,10/12/2011,00:00,,,31.170,0.000,31.170,191.330,188.930,160.160,28.770,ES - Electric sounder measurement,0.01 Ft,Department of Water Resources,CASGEM,10,12,2011
Glenn_01.01.2003-06.21.2013.csv,Glenn,39.7008,-122.1208,W003,2013-09-18 13:29:54,397008N1221208W003,21N02W05M003M,3/29/2012,00:00,,,27.180,0.000,27.180,191.330,188.930,164.150,24.780,ES - Electric sounder measurement,0.01 Ft,Department of Water Resources,CASGEM,3,29,2012
Glenn_01.01.2003-06.21.2013.csv,Glenn,39.7008,-122.1208,W003,2013-09-18 13:29:54,397008N1221208W003,21N02W05M003M,8/2/2012,00:00,,,40.210,0.000,40.210,191.330,188.930,151.120,37.810,ES - Electric sounder measurement,0.01 Ft,Department of Water Resources,CASGEM,8,2,2012
Glenn_01.01.2003-06.21.2013.csv,Glenn,39.7008,-122.1208,W003,2013-09-18 13:29:54,397008N1221208W003,21N02W05M003M,10/17/2012,00:00,,,40.590,0.000,40.590,191.330,188.930,150.740,38.190,ES - Electric sounder measurement,0.01 Ft,Department of Water Resources,CASGEM,10,17,2012
Glenn_01.01.2003-06.21.2013.csv,Glenn,39.7008,-122.1208,W003,2013-09-18 13:29:54,397008N1221208W003,21N02W05M003M,1/23/2003,00:00,,,17.400,0.000,17.400,191.330,188.930,173.930,15.000,UNK - Unknown,Unknown,ORLAND - ARTOIS WATER DISTRICT,Voluntary,1,23,2003
Glenn_01.01.2003-06.21.2013.csv,Glenn,39.7008,-122.1208,W003,2013-09-18 13:29:54,397008N1221208W003,21N02W05M003M,2/20/2003,00:00,,,16.300,0.000,16.300,191.330,188.930,175.030,13.900,UNK - Unknown,Unknown,ORLAND - ARTOIS WATER DISTRICT,Voluntary,2,20,2003
Glenn_01.01.2003-06.21.2013.csv,Glenn,39.7008,-122.1208,W003,2013-09-18 13:29:54,397008N1221208W003,21N02W05M003M,3/3/2003,00:00,,,15.550,0.000,15.550,191.330,188.930,175.780,13.150,UNK - Unknown,Unknown,ORLAND - ARTOIS WATER DISTRICT,Voluntary,3,3,2003
Glenn_01.01.2003-06.21.2013.csv,Glenn,39.7008,-122.1208,W003,2013-09-18 13:29:54,397008N1221208W003,21N02W05M003M,4/1/2003,00:00,,,14.500,0.000,14.500,191.330,188.930,176.830,12.100,UNK - Unknown,Unknown,ORLAND - ARTOIS WATER DISTRICT,Voluntary,4,1,2003
Glenn_01.01.2003-06.21.2013.csv,Glenn,39.7008,-122.1208,W003,2013-09-18 13:29:54,397008N1221208W003,21N02W05M003M,5/12/2003,00:00,,,16.400,0.000,16.400,191.330,188.930,174.930,14.000,UNK - Unknown,Unknown,ORLAND - ARTOIS WATER DISTRICT,Voluntary,5,12,2003
Glenn_01.01.2003-06.21.2013.csv,Glenn,39.7008,-122.1208,W003,2013-09-18 13:29:54,397008N1221208W003,21N02W05M003M,7/11/2003,00:00,,,23.500,0.000,23.500,191.330,188.930,167.830,21.100,UNK - Unknown,Unknown,ORLAND - ARTOIS WATER DISTRICT,Voluntary,7,11,2003
Glenn_01.01.2003-06.21.2013.csv,Glenn,39.7008,-122.1208,W003,2013-09-18 13:29:54,397008N1221208W003,21N02W05M003M,7/18/2003,00:00,,,24.100,0.000,24.100,191.330,188.930,167.230,21.700,UNK - Unknown,Unknown,ORLAND - ARTOIS WATER DISTRICT,Voluntary,7,18,2003
Glenn_01.01.2003-06.21.2013.csv,Glenn,39.7008,-122.1208,W003,2013-09-18 13:29:54,397008N1221208W003,21N02W05M003M,7/24/2003,00:00,,,24.700,0.000,24.700,191.330,188.930,166.630,22.300,UNK - Unknown,Unknown,ORLAND - ARTOIS WATER DISTRICT,Voluntary,7,24,2003
Glenn_01.01.2003-06.21.2013.csv,Glenn,39.7008,-122.1208,W003,2013-09-18 13:29:54,397008N1221208W003,21N02W05M003M,7/31/2003,00:00,,,25.600,0.000,25.600,191.330,188.930,165.730,23.200,UNK - Unknown,Unknown,ORLAND - ARTOIS WATER DISTRICT,Voluntary,7,31,2003
Glenn_01.01.2003-06.21.2013.csv,Glenn,39.7008,-122.1208,W003,2013-09-18 13:29:54,397008N1221208W003,21N02W05M003M,8/7/2003,00:00,,,26.200,0.000,26.200,191.330,188.930,165.130,23.800,UNK - Unknown,Unknown,ORLAND - ARTOIS WATER DISTRICT,Voluntary,8,7,2003
Glenn_01.01.2003-06.21.2013.csv,Glenn,39.7008,-122.1208,W003,2013-09-18 13:29:54,397008N1221208W003,21N02W05M003M,8/14/2003,00:00,,,26.300,0.000,26.300,191.330,188.930,165.030,23.900,UNK - Unknown,Unknown,ORLAND - ARTOIS WATER DISTRICT,Voluntary,8,14,2003
Glenn_01.01.2003-06.21.2013.csv,Glenn,39.7008,-122.1208,W003,2013-09-18 13:29:54,397008N1221208W003,21N02W05M003M,8/21/2003,00:00,,,26.000,0.000,26.000,191.330,188.930,165.330,23.600,UNK - Unknown,Unknown,ORLAND - ARTOIS WATER DISTRICT,Voluntary,8,21,2003
Glenn_01.01.2003-06.21.2013.csv,Glenn,39.7008,-122.1208,W003,2013-09-18 13:29:54,397008N1221208W003,21N02W05M003M,8/28/2003,00:00,,,25.840,0.000,25.840,191.330,188.930,165.490,23.440,UNK - Unknown,Unknown,ORLAND - ARTOIS WATER DISTRICT,Voluntary,8,28,2003
Glenn_01.01.2003-06.21.2013.csv,Glenn,39.7008,-122.1208,W003,2013-09-18 13:29:54,397008N1221208W003,21N02W05M003M,9/4/2003,00:00,,,25.500,0.000,25.500,191.330,188.930,165.830,23.100,UNK - Unknown,Unknown,ORLAND - ARTOIS WATER DISTRICT,Voluntary,9,4,2003
Glenn_01.01.2003-06.21.2013.csv,Glenn,39.7008,-122.1208,W003,2013-09-18 13:29:54,397008N1221208W003,21N02W05M003M,5/29/2003,00:00,,,18.590,0.000,18.590,191.330,188.930,172.740,16.190,UNK - Unknown,Unknown,ORLAND - ARTOIS WATER DISTRICT,Voluntary,5,29,2003
Glenn_01.01.2003-06.21.2013.csv,Glenn,39.7008,-122.1208,W003,2013-09-18 13:29:54,397008N1221208W003,21N02W05M003M,7/1/2003,00:00,,,22.290,0.000,22.290,191.330,188.930,169.040,19.890,UNK - Unknown,Unknown,ORLAND - ARTOIS WATER DISTRICT,Voluntary,7,1,2003
Glenn_01.01.2003-06.21.2013.csv,Glenn,39.7008,-122.1208,W003,2013-09-18 13:29:54,397008N1221208W003,21N02W05M003M,9/25/2003,00:00,,,26.200,0.000,26.200,191.330,188.930,165.130,23.800,UNK - Unknown,Unknown,ORLAND - ARTOIS WATER DISTRICT,Voluntary,9,25,2003
Glenn_01.01.2003-06.21.2013.csv,Glenn,39.7008,-122.1208,W003,2013-09-18 13:29:54,397008N1221208W003,21N02W05M003M,10/2/2003,00:00,,,26.600,0.000,26.600,191.330,188.930,164.730,24.200,UNK - Unknown,Unknown,ORLAND - ARTOIS WATER DISTRICT,Voluntary,10,2,2003
Glenn_01.01.2003-06.21.2013.csv,Glenn,39.7008,-122.1208,W003,2013-09-18 13:29:54,397008N1221208W003,21N02W05M003M,10/9/2003,00:00,,,26.300,0.000,26.300,191.330,188.930,165.030,23.900,UNK - Unknown,Unknown,ORLAND - ARTOIS WATER DISTRICT,Voluntary,10,9,2003
Glenn_01.01.2003-06.21.2013.csv,Glenn,39.7008,-122.1208,W003,2013-09-18 13:29:54,397008N1221208W003,21N02W05M003M,10/23/2003,00:00,,,26.000,0.000,26.000,191.330,188.930,165.330,23.600,UNK - Unknown,Unknown,ORLAND - ARTOIS WATER DISTRICT,Voluntary,10,23,2003
Glenn_01.01.2003-06.21.2013.csv,Glenn,39.7008,-122.1208,W003,2013-09-18 13:29:54,397008N1221208W003,21N02W05M003M,10/30/2003,00:00,,,25.900,0.000,25.900,191.330,188.930,165.430,23.500,UNK - Unknown,Unknown,ORLAND - ARTOIS WATER DISTRICT,Voluntary,10,30,2003
Glenn_01.01.2003-06.21.2013.csv,Glenn,39.7008,-122.1208,W003,2013-09-18 13:29:54,397008N1221208W003,21N02W05M003M,10/30/2003,00:00,,,25.940,0.000,25.940,191.330,188.930,165.390,23.540,UNK - Unknown,Unknown,ORLAND - ARTOIS WATER DISTRICT,Voluntary,10,30,2003
Glenn_01.01.2003-06.21.2013.csv,Glenn,39.7008,-122.1208,W003,2013-09-18 13:29:54,397008N1221208W003,21N02W05M003M,11/30/2003,00:00,,,24.700,0.000,24.700,191.330,188.930,166.630,22.300,UNK - Unknown,Unknown,ORLAND - ARTOIS WATER DISTRICT,Voluntary,11,30,2003
Glenn_01.01.2003-06.21.2013.csv,Glenn,39.7008,-122.1208,W003,2013-09-18 13:29:54,397008N1221208W003,21N02W05M003M,11/6/2003,00:00,,,26.000,0.000,26.000,191.330,188.930,165.330,23.600,UNK - Unknown,Unknown,ORLAND - ARTOIS WATER DISTRICT,Voluntary,11,6,2003
Glenn_01.01.2003-06.21.2013.csv,Glenn,39.7008,-122.1208,W003,2013-09-18 13:29:54,397008N1221208W003,21N02W05M003M,11/13/2003,00:00,,,24.300,0.000,24.300,191.330,188.930,167.030,21.900,UNK - Unknown,Unknown,ORLAND - ARTOIS WATER DISTRICT,Voluntary,11,13,2003
Glenn_01.01.2003-06.21.2013.csv,Glenn,39.7008,-122.1208,W003,2013-09-18 13:29:54,397008N1221208W003,21N02W05M003M,2/24/2004,00:00,,,14.200,0.000,14.200,191.330,188.930,177.130,11.800,UNK - Unknown,Unknown,ORLAND - ARTOIS WATER DISTRICT,Voluntary,2,24,2004
Glenn_01.01.2003-06.21.2013.csv,Glenn,39.7008,-122.1208,W003,2013-09-18 13:29:54,397008N1221208W003,21N02W05M003M,3/31/2004,00:00,,,13.000,0.000,13.000,191.330,188.930,178.330,10.600,UNK - Unknown,Unknown,ORLAND - ARTOIS WATER DISTRICT,Voluntary,3,31,2004
Glenn_01.01.2003-06.21.2013.csv,Glenn,39.7008,-122.1208,W003,2013-09-18 13:29:54,397008N1221208W003,21N02W05M003M,4/29/2004,00:00,,,14.500,0.000,14.500,191.330,188.930,176.830,12.100,UNK - Unknown,Unknown,ORLAND - ARTOIS WATER DISTRICT,Voluntary,4,29,2004
Glenn_01.01.2003-06.21.2013.csv,Glenn,39.7008,-122.1208,W003,2013-09-18 13:29:54,397008N1221208W003,21N02W05M003M,5/26/2004,00:00,,,16.500,0.000,16.500,191.330,188.930,174.830,14.100,UNK - Unknown,Unknown,ORLAND - ARTOIS WATER DISTRICT,Voluntary,5,26,2004
Glenn_01.01.2003-06.21.2013.csv,Glenn,39.7008,-122.1208,W003,2013-09-18 13:29:54,397008N1221208W003,21N02W05M003M,12/30/2003,00:00,,,18.600,0.000,18.600,191.330,188.930,172.730,16.200,UNK - Unknown,Unknown,ORLAND - ARTOIS WATER DISTRICT,Voluntary,12,30,2003
Glenn_01.01.2003-06.21.2013.csv,Glenn,39.7008,-122.1208,W003,2013-09-18 13:29:54,397008N1221208W003,21N02W05M003M,6/30/2004,00:00,,,20.000,0.000,20.000,191.330,188.930,171.330,17.600,UNK - Unknown,Unknown,ORLAND - ARTOIS WATER DISTRICT,Voluntary,6,30,2004
Glenn_01.01.2003-06.21.2013.csv,Glenn,39.7008,-122.1208,W003,2013-09-18 13:29:54,397008N1221208W003,21N02W05M003M,7/29/2004,00:00,,,23.600,0.000,23.600,191.330,188.930,167.730,21.200,UNK - Unknown,Unknown,ORLAND - ARTOIS WATER DISTRICT,Voluntary,7,29,2004
Glenn_01.01.2003-06.21.2013.csv,Glenn,39.7008,-122.1208,W003,2013-09-18 13:29:54,397008N1221208W003,21N02W05M003M,8/26/2004,00:00,,,24.900,0.000,24.900,191.330,188.930,166.430,22.500,UNK - Unknown,Unknown,ORLAND - ARTOIS WATER DISTRICT,Voluntary,8,26,2004
Glenn_01.01.2003-06.21.2013.csv,Glenn,39.7008,-122.1208,W003,2013-09-18 13:29:54,397008N1221208W003,21N02W05M003M,9/22/2004,00:00,,,25.700,0.000,25.700,191.330,188.930,165.630,23.300,UNK - Unknown,Unknown,ORLAND - ARTOIS WATER DISTRICT,Voluntary,9,22,2004
Glenn_01.01.2003-06.21.2013.csv,Glenn,39.7008,-122.1208,W003,2013-09-18 13:29:54,397008N1221208W003,21N02W05M003M,10/28/2004,00:00,,,24.500,0.000,24.500,191.330,188.930,166.830,22.100,UNK - Unknown,Unknown,ORLAND - ARTOIS WATER DISTRICT,Voluntary,10,28,2004
Glenn_01.01.2003-06.21.2013.csv,Glenn,39.7008,-122.1208,W003,2013-09-18 13:29:54,397008N1221208W003,21N02W05M003M,12/1/2004,00:00,,,23.600,0.000,23.600,191.330,188.930,167.730,21.200,UNK - Unknown,Unknown,ORLAND - ARTOIS WATER DISTRICT,Voluntary,12,1,2004
Glenn_01.01.2003-06.21.2013.csv,Glenn,39.7008,-122.1208,W003,2013-09-18 13:29:54,397008N1221208W003,21N02W05M003M,12/29/2004,00:00,,,18.900,0.000,18.900,191.330,188.930,172.430,16.500,UNK - Unknown,Unknown,ORLAND - ARTOIS WATER DISTRICT,Voluntary,12,29,2004
Glenn_01.01.2003-06.21.2013.csv,Glenn,39.7008,-122.1208,W003,2013-09-18 13:29:54,397008N1221208W003,21N02W05M003M,1/31/2005,00:00,,,15.700,0.000,15.700,191.330,188.930,175.630,13.300,UNK - Unknown,Unknown,ORLAND - ARTOIS WATER DISTRICT,Voluntary,1,31,2005
Glenn_01.01.2003-06.21.2013.csv,Glenn,39.7008,-122.1208,W003,2013-09-18 13:29:54,397008N1221208W003,21N02W05M003M,2/25/2005,00:00,,,15.300,0.000,15.300,191.330,188.930,176.030,12.900,UNK - Unknown,Unknown,ORLAND - ARTOIS WATER DISTRICT,Voluntary,2,25,2005
Glenn_01.01.2003-06.21.2013.csv,Glenn,39.7008,-122.1208,W003,2013-09-18 13:29:54,397008N1221208W003,21N02W05M003M,4/26/2004,00:00,,,15.300,0.000,15.300,191.330,188.930,176.030,12.900,UNK - Unknown,Unknown,ORLAND - ARTOIS WATER DISTRICT,Voluntary,4,26,2004
Glenn_01.01.2003-06.21.2013.csv,Glenn,39.7008,-122.1208,W003,2013-09-18 13:29:54,397008N1221208W003,21N02W05M003M,5/27/2005,00:00,,,15.700,0.000,15.700,191.330,188.930,175.630,13.300,UNK - Unknown,Unknown,ORLAND - ARTOIS WATER DISTRICT,Voluntary,5,27,2005
Glenn_01.01.2003-06.21.2013.csv,Glenn,39.7008,-122.1208,W003,2013-09-18 13:29:54,397008N1221208W003,21N02W05M003M,7/1/2005,00:00,,,18.300,0.000,18.300,191.330,188.930,173.030,15.900,UNK - Unknown,Unknown,ORLAND - ARTOIS WATER DISTRICT,Voluntary,7,1,2005
Glenn_01.01.2003-06.21.2013.csv,Glenn,39.7008,-122.1208,W003,2013-09-18 13:29:54,397008N1221208W003,21N02W05M003M,10/28/2005,00:00,,,25.200,0.000,25.200,191.330,188.930,166.130,22.800,UNK - Unknown,Unknown,ORLAND - ARTOIS WATER DISTRICT,Voluntary,10,28,2005
Glenn_01.01.2003-06.21.2013.csv,Glenn,39.7008,-122.1208,W003,2013-09-18 13:29:54,397008N1221208W003,21N02W05M003M,5/25/2006,00:00,,,12.100,0.000,12.100,191.330,188.930,179.230,9.700,UNK - Unknown,Unknown,ORLAND - ARTOIS WATER DISTRICT,Voluntary,5,25,2006
Glenn_01.01.2003-06.21.2013.csv,Glenn,39.7008,-122.1208,W003,2013-09-18 13:29:54,397008N1221208W003,21N02W05M003M,4/26/2006,00:00,,,10.400,0.000,10.400,191.330,188.930,180.930,8.000,UNK - Unknown,Unknown,ORLAND - ARTOIS WATER DISTRICT,Voluntary,4,26,2006
Glenn_01.01.2003-06.21.2013.csv,Glenn,39.7008,-122.1208,W003,2013-09-18 13:29:54,397008N1221208W003,21N02W05M003M,3/30/2006,00:00,,,13.400,0.000,13.400,191.330,188.930,177.930,11.000,UNK - Unknown,Unknown,ORLAND - ARTOIS WATER DISTRICT,Voluntary,3,30,2006
Glenn_01.01.2003-06.21.2013.csv,Glenn,39.7008,-122.1208,W003,2013-09-18 13:29:54,397008N1221208W003,21N02W05M003M,1/31/2006,00:00,,,16.300,0.000,16.300,191.330,188.930,175.030,13.900,UNK - Unknown,Unknown,ORLAND - ARTOIS WATER DISTRICT,Voluntary,1,31,2006
Glenn_01.01.2003-06.21.2013.csv,Glenn,39.7008,-122.1208,W003,2013-09-18 13:29:54,397008N1221208W003,21N02W05M003M,1/5/2006,00:00,,,16.500,0.000,16.500,191.330,188.930,174.830,14.100,UNK - Unknown,Unknown,ORLAND - ARTOIS WATER DISTRICT,Voluntary,1,5,2006
Glenn_01.01.2003-06.21.2013.csv,Glenn,39.7008,-122.1208,W003,2013-09-18 13:29:54,397008N1221208W003,21N02W05M003M,11/30/2005,00:00,,,24.300,0.000,24.300,191.330,188.930,167.030,21.900,UNK - Unknown,Unknown,ORLAND - ARTOIS WATER DISTRICT,Voluntary,11,30,2005
Glenn_01.01.2003-06.21.2013.csv,Glenn,39.7008,-122.1208,W003,2013-09-18 13:29:54,397008N1221208W003,21N02W05M003M,4/26/2005,00:00,,,15.300,0.000,15.300,191.330,188.930,176.030,12.900,UNK - Unknown,Unknown,ORLAND - ARTOIS WATER DISTRICT,Voluntary,4,26,2005
Glenn_01.01.2003-06.21.2013.csv,Glenn,39.7008,-122.1208,W003,2013-09-18 13:29:54,397008N1221208W003,21N02W05M003M,8/26/2005,00:00,,,23.600,0.000,23.600,191.330,188.930,167.730,21.200,UNK - Unknown,Unknown,ORLAND - ARTOIS WATER DISTRICT,Voluntary,8,26,2005
Glenn_01.01.2003-06.21.2013.csv,Glenn,39.7008,-122.1208,W003,2013-09-18 13:29:54,397008N1221208W003,21N02W05M003M,7/28/2005,00:00,,,20.900,0.000,20.900,191.330,188.930,170.430,18.500,UNK - Unknown,Unknown,ORLAND - ARTOIS WATER DISTRICT,Voluntary,7,28,2005
Glenn_01.01.2003-06.21.2013.csv,Glenn,39.7008,-122.1208,W003,2013-09-18 13:29:54,397008N1221208W003,21N02W05M003M,6/29/2006,00:00,,,15.700,0.000,15.700,191.330,188.930,175.630,13.300,UNK - Unknown,Unknown,ORLAND - ARTOIS WATER DISTRICT,Voluntary,6,29,2006
Glenn_01.01.2003-06.21.2013.csv,Glenn,39.7008,-122.1208,W003,2013-09-18 13:29:54,397008N1221208W003,21N02W05M003M,10/12/2006,00:00,,,22.800,0.000,22.800,191.330,188.930,168.530,20.400,UNK - Unknown,Unknown,ORLAND - ARTOIS WATER DISTRICT,Voluntary,TROLL READING ONLY10,12,2006
Glenn_01.01.2003-06.21.2013.csv,Glenn,39.7008,-122.1208,W003,2013-09-18 13:29:54,397008N1221208W003,21N02W05M003M,11/22/2006,00:00,,,23.100,0.000,23.100,191.330,188.930,168.230,20.700,UNK - Unknown,Unknown,ORLAND - ARTOIS WATER DISTRICT,Voluntary,11,22,2006
Glenn_01.01.2003-06.21.2013.csv,Glenn,39.7008,-122.1208,W003,2013-09-18 13:29:54,397008N1221208W003,21N02W05M003M,9/29/2006,00:00,,,22.800,0.000,22.800,191.330,188.930,168.530,20.400,UNK - Unknown,Unknown,ORLAND - ARTOIS WATER DISTRICT,Voluntary,9,29,2006
Glenn_01.01.2003-06.21.2013.csv,Glenn,39.7008,-122.1208,W003,2013-09-18 13:29:54,397008N1221208W003,21N02W05M003M,1/3/2007,00:00,,,22.460,0.000,22.460,191.330,188.930,168.870,20.060,UNK - Unknown,Unknown,ORLAND - ARTOIS WATER DISTRICT,Voluntary,1,3,2007
Glenn_01.01.2003-06.21.2013.csv,Glenn,39.7008,-122.1208,W003,2013-09-18 13:29:54,397008N1221208W003,21N02W05M003M,2/22/2007,00:00,,,21.520,0.000,21.520,191.330,188.930,169.810,19.120,UNK - Unknown,Unknown,ORLAND - ARTOIS WATER DISTRICT,Voluntary,2,22,2007
Glenn_01.01.2003-06.21.2013.csv,Glenn,39.7008,-122.1208,W003,2013-09-18 13:29:54,397008N1221208W003,21N02W05M003M,3/26/2007,00:00,,,22.890,0.000,22.890,191.330,188.930,168.440,20.490,UNK - Unknown,Unknown,ORLAND - ARTOIS WATER DISTRICT,Voluntary,3,26,2007
Glenn_01.01.2003-06.21.2013.csv,Glenn,39.7008,-122.1208,W003,2013-09-18 13:29:54,397008N1221208W003,21N02W05M003M,4/27/2007,00:00,,,25.560,0.000,25.560,191.330,188.930,165.770,23.160,UNK - Unknown,Unknown,ORLAND - ARTOIS WATER DISTRICT,Voluntary,4,27,2007
Glenn_01.01.2003-06.21.2013.csv,Glenn,39.7008,-122.1208,W003,2013-09-18 13:29:54,397008N1221208W003,21N02W05M003M,8/9/2007,00:00,,,34.020,0.000,34.020,191.330,188.930,157.310,31.620,UNK - Unknown,Unknown,ORLAND - ARTOIS WATER DISTRICT,Voluntary,8,9,2007
Glenn_01.01.2003-06.21.2013.csv,Glenn,39.7008,-122.1208,W003,2013-09-18 13:29:54,397008N1221208W003,21N02W05M003M,10/17/2007,00:00,,,34.050,0.000,34.050,191.330,188.930,157.280,31.650,UNK - Unknown,Unknown,ORLAND - ARTOIS WATER DISTRICT,Voluntary,10,17,2007
Glenn_01.01.2003-06.21.2013.csv,Glenn,39.7008,-122.1208,W003,2013-09-18 13:29:54,397008N1221208W003,21N02W05M003M,3/12/2008,00:00,,,22.700,0.000,22.700,191.330,188.930,168.630,20.300,UNK - Unknown,Unknown,ORLAND - ARTOIS WATER DISTRICT,Voluntary,3,12,2008
Glenn_01.01.2003-06.21.2013.csv,Glenn,39.7008,-122.1208,W003,2013-09-18 13:29:54,397008N1221208W003,21N02W05M003M,7/22/2008,00:00,,,36.850,0.000,36.850,191.330,188.930,154.480,34.450,UNK - Unknown,Unknown,ORLAND - ARTOIS WATER DISTRICT,Voluntary,7,22,2008
Glenn_01.01.2003-06.21.2013.csv,Glenn,39.7008,-122.1208,W003,2013-09-18 13:29:54,397008N1221208W003,21N02W05M003M,8/4/2008,00:00,,,38.550,0.000,38.550,191.330,188.930,152.780,36.150,UNK - Unknown,Unknown,ORLAND - ARTOIS WATER DISTRICT,Voluntary,8,4,2008
Glenn_01.01.2003-06.21.2013.csv,Glenn,39.7008,-122.1208,W003,2013-09-18 13:29:54,397008N1221208W003,21N02W05M003M,10/20/2008,00:00,,,37.390,0.000,37.390,191.330,188.930,153.940,34.990,UNK - Unknown,Unknown,ORLAND - ARTOIS WATER DISTRICT,Voluntary,10,20,2008
Glenn_01.01.2003-06.21.2013.csv,Glenn,39.7008,-122.1208,W003,2013-09-18 13:29:54,397008N1221208W003,21N02W05M003M,1/13/2009,00:00,,,32.990,0.000,32.990,191.330,188.930,158.340,30.590,UNK - Unknown,Unknown,ORLAND - ARTOIS WATER DISTRICT,Voluntary,1,13,2009
Glenn_01.01.2003-06.21.2013.csv,Glenn,39.7008,-122.1208,W003,2013-09-18 13:29:54,397008N1221208W003,21N02W05M003M,3/25/2009,00:00,,,24.500,0.000,24.500,191.330,188.930,166.830,22.100,UNK - Unknown,Unknown,Department of Water Resources,Voluntary,3,25,2009
Glenn_01.01.2003-06.21.2013.csv,Glenn,39.7008,-122.1208,W003,2013-09-18 13:29:54,397008N1221208W003,21N02W05M003M,5/15/2009,00:00,,,28.180,0.000,28.180,191.330,188.930,163.150,25.780,UNK - Unknown,Unknown,Department of Water Resources,Voluntary,5,15,2009
Glenn_01.01.2003-06.21.2013.csv,Glenn,39.7008,-122.1208,W003,2013-09-18 13:29:54,397008N1221208W003,21N02W05M003M,6/25/2009,00:00,,,36.500,0.000,36.500,191.330,188.930,154.830,34.100,UNK - Unknown,Unknown,Department of Water Resources,Voluntary,6,25,2009
Glenn_01.01.2003-06.21.2013.csv,Glenn,39.7008,-122.1208,W003,2013-09-18 13:29:54,397008N1221208W003,21N02W05M003M,8/6/2009,00:00,,,41.280,0.000,41.280,191.330,188.930,150.050,38.880,UNK - Unknown,Unknown,Department of Water Resources,Voluntary,8,6,2009
Glenn_01.01.2003-06.21.2013.csv,Glenn,39.7008,-122.1208,W003,2013-09-18 13:29:54,397008N1221208W003,21N02W05M003M,9/16/2009,00:00,,,42.230,0.000,42.230,191.330,188.930,149.100,39.830,UNK - Unknown,Unknown,Department of Water Resources,Voluntary,9,16,2009
Glenn_01.01.2003-06.21.2013.csv,Glenn,39.7008,-122.1208,W003,2013-09-18 13:29:54,397008N1221208W003,21N02W05M003M,10/23/2009,00:00,,,41.020,0.000,41.020,191.330,188.930,150.310,38.620,UNK - Unknown,Unknown,Department of Water Resources,Voluntary,10,23,2009
Glenn_01.01.2003-06.21.2013.csv,Glenn,39.7008,-122.1208,W003,2013-09-18 13:29:54,397008N1221208W003,21N02W05M003M,3/26/2010,00:00,,,23.250,0.000,23.250,191.330,188.930,168.080,20.850,UNK - Unknown,Unknown,Department of Water Resources,Voluntary,3,26,2010
Glenn_01.01.2003-06.21.2013.csv,Glenn,39.7008,-122.1208,W003,2013-09-18 13:29:54,397008N1221208W003,21N02W05M003M,8/3/2010,00:00,,,31.780,0.000,31.780,191.330,188.930,159.550,29.380,UNK - Unknown,Unknown,Department of Water Resources,Voluntary,8,3,2010
Glenn_01.01.2003-06.21.2013.csv,Glenn,39.7008,-122.1208,W003,2013-09-18 13:29:54,397008N1221208W003,21N02W05M003M,10/20/2010,00:00,,,33.350,0.000,33.350,191.330,188.930,157.980,30.950,UNK - Unknown,Unknown,Department of Water Resources,Voluntary,10,20,2010
Glenn_01.01.2003-06.21.2013.csv,Glenn,39.7008,-122.1208,W003,2013-09-18 13:29:54,397008N1221208W003,21N02W05M003M,1/20/2011,00:00,,,26.080,0.000,26.080,191.330,188.930,165.250,23.680,UNK - Unknown,Unknown,Department of Water Resources,Voluntary,1,20,2011
Glenn_01.01.2003-06.21.2013.csv,Glenn,39.7008,-122.1208,W003,2013-09-18 13:29:54,397008N1221208W003,21N02W05M003M,2/14/2011,00:00,,,25.680,0.000,25.680,191.330,188.930,165.650,23.280,UNK - Unknown,Unknown,Department of Water Resources,Voluntary,2,14,2011
Glenn_01.01.2003-06.21.2013.csv,Glenn,39.7008,-122.1208,W003,2013-09-18 13:29:54,397008N1221208W003,21N02W05M003M,3/1/2011,00:00,,,24.860,0.000,24.860,191.330,188.930,166.470,22.460,UNK - Unknown,Unknown,Department of Water Resources,Voluntary,3,1,2011
Glenn_01.01.2003-06.21.2013.csv,Glenn,39.7008,-122.1208,W003,2013-09-18 13:29:54,397008N1221208W003,21N02W05M003M,4/6/2011,00:00,,,19.930,0.000,19.930,191.330,188.930,171.400,17.530,UNK - Unknown,Unknown,Department of Water Resources,Voluntary,4,6,2011
Glenn_01.01.2003-06.21.2013.csv,Glenn,39.7008,-122.1208,W003,2013-09-18 13:29:54,397008N1221208W003,21N02W05M003M,8/1/2011,00:00,,,27.410,0.000,27.410,191.330,188.930,163.920,25.010,UNK - Unknown,Unknown,Department of Water Resources,Voluntary,8,1,2011
Glenn_01.01.2003-06.21.2013.csv,Glenn,39.7008,-122.1208,W003,2013-09-18 13:29:54,397008N1221208W003,21N02W05M003M,10/12/2011,00:00,,,31.170,0.000,31.170,191.330,188.930,160.160,28.770,UNK - Unknown,Unknown,Department of Water Resources,Voluntary,10,12,2011
Glenn_01.01.2003-06.21.2013.csv,Glenn,39.7008,-122.1208,W003,2013-09-18 13:29:54,397008N1221208W003,21N02W05M003M,3/21/2013,00:00,,,27.700,0.000,27.700,191.330,188.930,163.630,25.300,ES - Electric sounder measurement,0.01 Ft,Department of Water Resources,CASGEM,3,21,2013
Glenn_01.01.2003-06.21.2013.csv,Glenn,39.7008,-122.1208,W004,2013-09-18 13:29:54,397008N1221208W004,Jasper Well C,1/23/2003,00:00,,,16.000,0.000,16.000,188.420,190.620,172.420,18.200,UNK - Unknown,Unknown,ORLAND - ARTOIS WATER DISTRICT,Voluntary,1,23,2003
Glenn_01.01.2003-06.21.2013.csv,Glenn,39.7008,-122.1208,W004,2013-09-18 13:29:54,397008N1221208W004,Jasper Well C,2/20/2003,00:00,,,15.300,0.000,15.300,188.420,190.620,173.120,17.500,UNK - Unknown,Unknown,ORLAND - ARTOIS WATER DISTRICT,Voluntary,2,20,2003
Glenn_01.01.2003-06.21.2013.csv,Glenn,39.7008,-122.1208,W004,2013-09-18 13:29:54,397008N1221208W004,Jasper Well C,3/3/2003,00:00,,,11.610,0.000,11.610,188.420,190.620,176.810,13.810,UNK - Unknown,Unknown,ORLAND - ARTOIS WATER DISTRICT,Voluntary,3,3,2003
Glenn_01.01.2003-06.21.2013.csv,Glenn,39.7008,-122.1208,W004,2013-09-18 13:29:54,397008N1221208W004,Jasper Well C,4/1/2003,00:00,,,11.000,0.000,11.000,188.420,190.620,177.420,13.200,UNK - Unknown,Unknown,ORLAND - ARTOIS WATER DISTRICT,Voluntary,4,1,2003
Glenn_01.01.2003-06.21.2013.csv,Glenn,39.7008,-122.1208,W004,2013-09-18 13:29:54,397008N1221208W004,Jasper Well C,5/12/2003,00:00,,,15.700,0.000,15.700,188.420,190.620,172.720,17.900,UNK - Unknown,Unknown,ORLAND - ARTOIS WATER DISTRICT,Voluntary,5,12,2003
Glenn_01.01.2003-06.21.2013.csv,Glenn,39.7008,-122.1208,W004,2013-09-18 13:29:54,397008N1221208W004,Jasper Well C,7/11/2003,00:00,,,19.500,0.000,19.500,188.420,190.620,168.920,21.700,UNK - Unknown,Unknown,ORLAND - ARTOIS WATER DISTRICT,Voluntary,7,11,2003
Glenn_01.01.2003-06.21.2013.csv,Glenn,39.7008,-122.1208,W004,2013-09-18 13:29:54,397008N1221208W004,Jasper Well C,7/18/2003,00:00,,,22.800,0.000,22.800,188.420,190.620,165.620,25.000,UNK - Unknown,Unknown,ORLAND - ARTOIS WATER DISTRICT,Voluntary,7,18,2003
Glenn_01.01.2003-06.21.2013.csv,Glenn,39.7008,-122.1208,W004,2013-09-18 13:29:54,397008N1221208W004,Jasper Well C,7/24/2003,00:00,,,23.100,0.000,23.100,188.420,190.620,165.320,25.300,UNK - Unknown,Unknown,ORLAND - ARTOIS WATER DISTRICT,Voluntary,7,24,2003
Glenn_01.01.2003-06.21.2013.csv,Glenn,39.7008,-122.1208,W004,2013-09-18 13:29:54,397008N1221208W004,Jasper Well C,7/31/2003,00:00,,,24.300,0.000,24.300,188.420,190.620,164.120,26.500,UNK - Unknown,Unknown,ORLAND - ARTOIS WATER DISTRICT,Voluntary,7,31,2003
Glenn_01.01.2003-06.21.2013.csv,Glenn,39.7008,-122.1208,W004,2013-09-18 13:29:54,397008N1221208W004,Jasper Well C,8/7/2003,00:00,,,25.000,0.000,25.000,188.420,190.620,163.420,27.200,UNK - Unknown,Unknown,ORLAND - ARTOIS WATER DISTRICT,Voluntary,8,7,2003
Glenn_01.01.2003-06.21.2013.csv,Glenn,39.7008,-122.1208,W004,2013-09-18 13:29:54,397008N1221208W004,Jasper Well C,8/14/2003,00:00,,,24.500,0.000,24.500,188.420,190.620,163.920,26.700,UNK - Unknown,Unknown,ORLAND - ARTOIS WATER DISTRICT,Voluntary,8,14,2003
Glenn_01.01.2003-06.21.2013.csv,Glenn,39.7008,-122.1208,W004,2013-09-18 13:29:54,397008N1221208W004,Jasper Well C,8/21/2003,00:00,,,23.900,0.000,23.900,188.420,190.620,164.520,26.100,UNK - Unknown,Unknown,ORLAND - ARTOIS WATER DISTRICT,Voluntary,8,21,2003
Glenn_01.01.2003-06.21.2013.csv,Glenn,39.7008,-122.1208,W004,2013-09-18 13:29:54,397008N1221208W004,Jasper Well C,8/28/2003,00:00,,,24.210,0.000,24.210,188.420,190.620,164.210,26.410,UNK - Unknown,Unknown,ORLAND - ARTOIS WATER DISTRICT,Voluntary,8,28,2003
Glenn_01.01.2003-06.21.2013.csv,Glenn,39.7008,-122.1208,W004,2013-09-18 13:29:54,397008N1221208W004,Jasper Well C,9/4/2003,00:00,,,21.700,0.000,21.700,188.420,190.620,166.720,23.900,UNK - Unknown,Unknown,ORLAND - ARTOIS WATER DISTRICT,Voluntary,9,4,2003
Glenn_01.01.2003-06.21.2013.csv,Glenn,39.7008,-122.1208,W004,2013-09-18 13:29:54,397008N1221208W004,Jasper Well C,5/29/2003,00:00,,,16.480,0.000,16.480,188.420,190.620,171.940,18.680,UNK - Unknown,Unknown,ORLAND - ARTOIS WATER DISTRICT,Voluntary,5,29,2003
Glenn_01.01.2003-06.21.2013.csv,Glenn,39.7008,-122.1208,W004,2013-09-18 13:29:54,397008N1221208W004,Jasper Well C,7/1/2003,00:00,,,19.530,0.000,19.530,188.420,190.620,168.890,21.730,UNK - Unknown,Unknown,ORLAND - ARTOIS WATER DISTRICT,Voluntary,7,1,2003
Glenn_01.01.2003-06.21.2013.csv,Glenn,39.7008,-122.1208,W004,2013-09-18 13:29:54,397008N1221208W004,Jasper Well C,9/25/2003,00:00,,,25.400,0.000,25.400,188.420,190.620,163.020,27.600,UNK - Unknown,Unknown,ORLAND - ARTOIS WATER DISTRICT,Voluntary,9,25,2003
Glenn_01.01.2003-06.21.2013.csv,Glenn,39.7008,-122.1208,W004,2013-09-18 13:29:54,397008N1221208W004,Jasper Well C,10/2/2003,00:00,,,25.400,0.000,25.400,188.420,190.620,163.020,27.600,UNK - Unknown,Unknown,ORLAND - ARTOIS WATER DISTRICT,Voluntary,10,2,2003
Glenn_01.01.2003-06.21.2013.csv,Glenn,39.7008,-122.1208,W004,2013-09-18 13:29:54,397008N1221208W004,Jasper Well C,10/9/2003,00:00,,,25.300,0.000,25.300,188.420,190.620,163.120,27.500,UNK - Unknown,Unknown,ORLAND - ARTOIS WATER DISTRICT,Voluntary,10,9,2003
Glenn_01.01.2003-06.21.2013.csv,Glenn,39.7008,-122.1208,W004,2013-09-18 13:29:54,397008N1221208W004,Jasper Well C,10/23/2003,00:00,,,23.800,0.000,23.800,188.420,190.620,164.620,26.000,UNK - Unknown,Unknown,ORLAND - ARTOIS WATER DISTRICT,Voluntary,10,23,2003
Glenn_01.01.2003-06.21.2013.csv,Glenn,39.7008,-122.1208,W004,2013-09-18 13:29:54,397008N1221208W004,Jasper Well C,10/30/2003,00:00,,,23.300,0.000,23.300,188.420,190.620,165.120,25.500,UNK - Unknown,Unknown,ORLAND - ARTOIS WATER DISTRICT,Voluntary,10,30,2003
Glenn_01.01.2003-06.21.2013.csv,Glenn,39.7008,-122.1208,W004,2013-09-18 13:29:54,397008N1221208W004,Jasper Well C,11/30/2003,00:00,,,24.100,0.000,24.100,188.420,190.620,164.320,26.300,UNK - Unknown,Unknown,ORLAND - ARTOIS WATER DISTRICT,Voluntary,11,30,2003
Glenn_01.01.2003-06.21.2013.csv,Glenn,39.7008,-122.1208,W004,2013-09-18 13:29:54,397008N1221208W004,Jasper Well C,11/6/2003,00:00,,,25.200,0.000,25.200,188.420,190.620,163.220,27.400,UNK - Unknown,Unknown,ORLAND - ARTOIS WATER DISTRICT,Voluntary,11,6,2003
Glenn_01.01.2003-06.21.2013.csv,Glenn,39.7008,-122.1208,W004,2013-09-18 13:29:54,397008N1221208W004,Jasper Well C,11/13/2003,00:00,,,24.600,0.000,24.600,188.420,190.620,163.820,26.800,UNK - Unknown,Unknown,ORLAND - ARTOIS WATER DISTRICT,Voluntary,11,13,2003
Glenn_01.01.2003-06.21.2013.csv,Glenn,39.7008,-122.1208,W004,2013-09-18 13:29:54,397008N1221208W004,Jasper Well C,2/24/2004,00:00,,,15.200,0.000,15.200,188.420,190.620,173.220,17.400,UNK - Unknown,Unknown,ORLAND - ARTOIS WATER DISTRICT,Voluntary,2,24,2004
Glenn_01.01.2003-06.21.2013.csv,Glenn,39.7008,-122.1208,W004,2013-09-18 13:29:54,397008N1221208W004,Jasper Well C,3/31/2004,00:00,,,12.100,0.000,12.100,188.420,190.620,176.320,14.300,UNK - Unknown,Unknown,ORLAND - ARTOIS WATER DISTRICT,Voluntary,3,31,2004
Glenn_01.01.2003-06.21.2013.csv,Glenn,39.7008,-122.1208,W004,2013-09-18 13:29:54,397008N1221208W004,Jasper Well C,4/29/2004,00:00,,,13.700,0.000,13.700,188.420,190.620,174.720,15.900,UNK - Unknown,Unknown,ORLAND - ARTOIS WATER DISTRICT,Voluntary,4,29,2004
Glenn_01.01.2003-06.21.2013.csv,Glenn,39.7008,-122.1208,W004,2013-09-18 13:29:54,397008N1221208W004,Jasper Well C,5/26/2004,00:00,,,15.000,0.000,15.000,188.420,190.620,173.420,17.200,UNK - Unknown,Unknown,ORLAND - ARTOIS WATER DISTRICT,Voluntary,5,26,2004
Glenn_01.01.2003-06.21.2013.csv,Glenn,39.7008,-122.1208,W004,2013-09-18 13:29:54,397008N1221208W004,Jasper Well C,12/30/2003,00:00,,,14.500,0.000,14.500,188.420,190.620,173.920,16.700,UNK - Unknown,Unknown,ORLAND - ARTOIS WATER DISTRICT,Voluntary,12,30,2003
Glenn_01.01.2003-06.21.2013.csv,Glenn,39.7008,-122.1208,W004,2013-09-18 13:29:54,397008N1221208W004,Jasper Well C,6/30/2004,00:00,,,17.600,0.000,17.600,188.420,190.620,170.820,19.800,UNK - Unknown,Unknown,ORLAND - ARTOIS WATER DISTRICT,Voluntary,6,30,2004
Glenn_01.01.2003-06.21.2013.csv,Glenn,39.7008,-122.1208,W004,2013-09-18 13:29:54,397008N1221208W004,Jasper Well C,7/29/2004,00:00,,,22.000,0.000,22.000,188.420,190.620,166.420,24.200,UNK - Unknown,Unknown,ORLAND - ARTOIS WATER DISTRICT,Voluntary,7,29,2004
Glenn_01.01.2003-06.21.2013.csv,Glenn,39.7008,-122.1208,W004,2013-09-18 13:29:54,397008N1221208W004,Jasper Well C,8/26/2004,00:00,,,23.000,0.000,23.000,188.420,190.620,165.420,25.200,UNK - Unknown,Unknown,ORLAND - ARTOIS WATER DISTRICT,Voluntary,8,26,2004
Glenn_01.01.2003-06.21.2013.csv,Glenn,39.7008,-122.1208,W004,2013-09-18 13:29:54,397008N1221208W004,Jasper Well C,9/22/2004,00:00,,,24.700,0.000,24.700,188.420,190.620,163.720,26.900,UNK - Unknown,Unknown,ORLAND - ARTOIS WATER DISTRICT,Voluntary,9,22,2004
Glenn_01.01.2003-06.21.2013.csv,Glenn,39.7008,-122.1208,W004,2013-09-18 13:29:54,397008N1221208W004,Jasper Well C,10/28/2004,00:00,,,22.900,0.000,22.900,188.420,190.620,165.520,25.100,UNK - Unknown,Unknown,ORLAND - ARTOIS WATER DISTRICT,Voluntary,10,28,2004
Glenn_01.01.2003-06.21.2013.csv,Glenn,39.7008,-122.1208,W004,2013-09-18 13:29:54,397008N1221208W004,Jasper Well C,12/1/2004,00:00,,,22.800,0.000,22.800,188.420,190.620,165.620,25.000,UNK - Unknown,Unknown,ORLAND - ARTOIS WATER DISTRICT,Voluntary,12,1,2004
Glenn_01.01.2003-06.21.2013.csv,Glenn,39.7008,-122.1208,W004,2013-09-18 13:29:54,397008N1221208W004,Jasper Well C,12/29/2004,00:00,,,14.700,0.000,14.700,188.420,190.620,173.720,16.900,UNK - Unknown,Unknown,ORLAND - ARTOIS WATER DISTRICT,Voluntary,12,29,2004
Glenn_01.01.2003-06.21.2013.csv,Glenn,39.7008,-122.1208,W004,2013-09-18 13:29:54,397008N1221208W004,Jasper Well C,1/31/2005,00:00,,,14.500,0.000,14.500,188.420,190.620,173.920,16.700,UNK - Unknown,Unknown,ORLAND - ARTOIS WATER DISTRICT,Voluntary,1,31,2005
Glenn_01.01.2003-06.21.2013.csv,Glenn,39.7008,-122.1208,W004,2013-09-18 13:29:54,397008N1221208W004,Jasper Well C,2/25/2005,00:00,,,14.500,0.000,14.500,188.420,190.620,173.920,16.700,UNK - Unknown,Unknown,ORLAND - ARTOIS WATER DISTRICT,Voluntary,2,25,2005
Glenn_01.01.2003-06.21.2013.csv,Glenn,39.7008,-122.1208,W004,2013-09-18 13:29:54,397008N1221208W004,Jasper Well C,4/26/2004,00:00,,,14.100,0.000,14.100,188.420,190.620,174.320,16.300,UNK - Unknown,Unknown,ORLAND - ARTOIS WATER DISTRICT,Voluntary,4,26,2004
Glenn_01.01.2003-06.21.2013.csv,Glenn,39.7008,-122.1208,W004,2013-09-18 13:29:54,397008N1221208W004,Jasper Well C,5/27/2005,00:00,,,13.600,0.000,13.600,188.420,190.620,174.820,15.800,UNK - Unknown,Unknown,ORLAND - ARTOIS WATER DISTRICT,Voluntary,5,27,2005
Glenn_01.01.2003-06.21.2013.csv,Glenn,39.7008,-122.1208,W004,2013-09-18 13:29:54,397008N1221208W004,Jasper Well C,7/1/2005,00:00,,,16.300,0.000,16.300,188.420,190.620,172.120,18.500,UNK - Unknown,Unknown,ORLAND - ARTOIS WATER DISTRICT,Voluntary,7,1,2005
Glenn_01.01.2003-06.21.2013.csv,Glenn,39.7008,-122.1208,W004,2013-09-18 13:29:54,397008N1221208W004,Jasper Well C,10/28/2005,00:00,,,24.500,0.000,24.500,188.420,190.620,163.920,26.700,UNK - Unknown,Unknown,ORLAND - ARTOIS WATER DISTRICT,Voluntary,10,28,2005
Glenn_01.01.2003-06.21.2013.csv,Glenn,39.7008,-122.1208,W004,2013-09-18 13:29:54,397008N1221208W004,Jasper Well C,5/25/2006,00:00,,,11.100,0.000,11.100,188.420,190.620,177.320,13.300,UNK - Unknown,Unknown,ORLAND - ARTOIS WATER DISTRICT,Voluntary,5,25,2006
Glenn_01.01.2003-06.21.2013.csv,Glenn,39.7008,-122.1208,W004,2013-09-18 13:29:54,397008N1221208W004,Jasper Well C,4/26/2006,00:00,,,9.600,0.000,9.600,188.420,190.620,178.820,11.800,UNK - Unknown,Unknown,ORLAND - ARTOIS WATER DISTRICT,Voluntary,4,26,2006
Glenn_01.01.2003-06.21.2013.csv,Glenn,39.7008,-122.1208,W004,2013-09-18 13:29:54,397008N1221208W004,Jasper Well C,3/30/2006,00:00,,,12.700,0.000,12.700,188.420,190.620,175.720,14.900,UNK - Unknown,Unknown,ORLAND - ARTOIS WATER DISTRICT,Voluntary,3,30,2006
Glenn_01.01.2003-06.21.2013.csv,Glenn,39.7008,-122.1208,W004,2013-09-18 13:29:54,397008N1221208W004,Jasper Well C,1/31/2006,00:00,,,15.500,0.000,15.500,188.420,190.620,172.920,17.700,UNK - Unknown,Unknown,ORLAND - ARTOIS WATER DISTRICT,Voluntary,1,31,2006
Glenn_01.01.2003-06.21.2013.csv,Glenn,39.7008,-122.1208,W004,2013-09-18 13:29:54,397008N1221208W004,Jasper Well C,1/5/2006,00:00,7 - Special/Other,,NULL,NULL,NULL,188.420,190.620,NULL,NULL,,,ORLAND - ARTOIS WATER DISTRICT,Voluntary,1,5,2006
Glenn_01.01.2003-06.21.2013.csv,Glenn,39.7008,-122.1208,W004,2013-09-18 13:29:54,397008N1221208W004,Jasper Well C,11/30/2005,00:00,,,23.600,0.000,23.600,188.420,190.620,164.820,25.800,UNK - Unknown,Unknown,ORLAND - ARTOIS WATER DISTRICT,Voluntary,11,30,2005
Glenn_01.01.2003-06.21.2013.csv,Glenn,39.7008,-122.1208,W004,2013-09-18 13:29:54,397008N1221208W004,Jasper Well C,4/26/2005,00:00,,,14.100,0.000,14.100,188.420,190.620,174.320,16.300,UNK - Unknown,Unknown,ORLAND - ARTOIS WATER DISTRICT,Voluntary,4,26,2005
Glenn_01.01.2003-06.21.2013.csv,Glenn,39.7008,-122.1208,W004,2013-09-18 13:29:54,397008N1221208W004,Jasper Well C,8/26/2005,00:00,7 - Special/Other,,NULL,NULL,NULL,188.420,190.620,NULL,NULL,,,ORLAND - ARTOIS WATER DISTRICT,Voluntary,8,26,2005
Glenn_01.01.2003-06.21.2013.csv,Glenn,39.7008,-122.1208,W004,2013-09-18 13:29:54,397008N1221208W004,Jasper Well C,7/28/2005,00:00,,,16.900,0.000,16.900,188.420,190.620,171.520,19.100,UNK - Unknown,Unknown,ORLAND - ARTOIS WATER DISTRICT,Voluntary,7,28,2005
Glenn_01.01.2003-06.21.2013.csv,Glenn,39.7008,-122.1208,W004,2013-09-18 13:29:54,397008N1221208W004,Jasper Well C,6/29/2006,00:00,,,13.700,0.000,13.700,188.420,190.620,174.720,15.900,UNK - Unknown,Unknown,ORLAND - ARTOIS WATER DISTRICT,Voluntary,6,29,2006
Glenn_01.01.2003-06.21.2013.csv,Glenn,39.7008,-122.1208,W004,2013-09-18 13:29:54,397008N1221208W004,Jasper Well C,10/12/2006,00:00,,,20.800,0.000,20.800,188.420,190.620,167.620,23.000,UNK - Unknown,Unknown,ORLAND - ARTOIS WATER DISTRICT,Voluntary,TROLL READING ONLY10,12,2006
Glenn_01.01.2003-06.21.2013.csv,Glenn,39.7008,-122.1208,W004,2013-09-18 13:29:54,397008N1221208W004,Jasper Well C,11/22/2006,00:00,,,22.400,0.000,22.400,188.420,190.620,166.020,24.600,UNK - Unknown,Unknown,ORLAND - ARTOIS WATER DISTRICT,Voluntary,11,22,2006
Glenn_01.01.2003-06.21.2013.csv,Glenn,39.7008,-122.1208,W004,2013-09-18 13:29:54,397008N1221208W004,Jasper Well C,9/29/2006,00:00,,,22.100,0.000,22.100,188.420,190.620,166.320,24.300,UNK - Unknown,Unknown,ORLAND - ARTOIS WATER DISTRICT,Voluntary,9,29,2006
Glenn_01.01.2003-06.21.2013.csv,Glenn,39.7033,-122.091,W001,2013-09-18 13:29:54,397033N1220910W001,21N02W04G002M,10/12/2011,00:00,,,94.270,0.000,94.270,180.210,178.410,85.940,92.470,ES - Electric sounder measurement,0.01 Ft,Department of Water Resources,CASGEM,10,12,2011
Glenn_01.01.2003-06.21.2013.csv,Glenn,39.7033,-122.091,W001,2013-09-18 13:29:54,397033N1220910W001,21N02W04G002M,3/29/2012,00:00,,,66.170,0.000,66.170,180.210,178.410,114.040,64.370,ES - Electric sounder measurement,0.01 Ft,Department of Water Resources,CASGEM,3,29,2012
Glenn_01.01.2003-06.21.2013.csv,Glenn,39.7033,-122.091,W001,2013-09-18 13:29:54,397033N1220910W001,21N02W04G002M,8/2/2012,00:00,,,67.700,0.000,67.700,180.210,178.410,112.510,65.900,ES - Electric sounder measurement,0.01 Ft,Department of Water Resources,CASGEM,8,2,2012
Glenn_01.01.2003-06.21.2013.csv,Glenn,39.7033,-122.091,W001,2013-09-18 13:29:54,397033N1220910W001,21N02W04G002M,10/18/2012,00:00,,,70.470,0.000,70.470,180.210,178.410,109.740,68.670,ES - Electric sounder measurement,0.01 Ft,Department of Water Resources,CASGEM,10,18,2012
Glenn_01.01.2003-06.21.2013.csv,Glenn,39.7033,-122.091,W001,2013-09-18 13:29:54,397033N1220910W001,21N02W04G002M,3/22/2007,00:00,,,52.020,0.000,52.020,180.210,178.410,128.190,50.220,UNK - Unknown,Unknown,Department of Water Resources,Voluntary,3,22,2007
Glenn_01.01.2003-06.21.2013.csv,Glenn,39.7033,-122.091,W001,2013-09-18 13:29:54,397033N1220910W001,21N02W04G002M,5/18/2007,00:00,,,57.600,0.000,57.600,180.210,178.410,122.610,55.800,UNK - Unknown,Unknown,Department of Water Resources,Voluntary,5,18,2007
Glenn_01.01.2003-06.21.2013.csv,Glenn,39.7033,-122.091,W001,2013-09-18 13:29:54,397033N1220910W001,21N02W04G002M,5/31/2007,00:00,,,60.700,0.000,60.700,180.210,178.410,119.510,58.900,UNK - Unknown,Unknown,Department of Water Resources,Voluntary,5,31,2007
Glenn_01.01.2003-06.21.2013.csv,Glenn,39.7033,-122.091,W001,2013-09-18 13:29:54,397033N1220910W001,21N02W04G002M,8/8/2007,00:00,,,69.740,0.000,69.740,180.210,178.410,110.470,67.940,UNK - Unknown,Unknown,Department of Water Resources,Voluntary,8,8,2007
Glenn_01.01.2003-06.21.2013.csv,Glenn,39.7033,-122.091,W001,2013-09-18 13:29:54,397033N1220910W001,21N02W04G002M,8/31/2007,00:00,,,71.010,0.000,71.010,180.210,178.410,109.200,69.210,UNK - Unknown,Unknown,Department of Water Resources,Voluntary,8,31,2007
Glenn_01.01.2003-06.21.2013.csv,Glenn,39.7033,-122.091,W001,2013-09-18 13:29:54,397033N1220910W001,21N02W04G002M,5/2/2007,00:00,,,55.510,0.000,55.510,180.210,178.410,124.700,53.710,UNK - Unknown,Unknown,Department of Water Resources,Voluntary,5,2,2007
Glenn_01.01.2003-06.21.2013.csv,Glenn,39.7033,-122.091,W001,2013-09-18 13:29:54,397033N1220910W001,21N02W04G002M,10/17/2007,00:00,,,69.920,0.000,69.920,180.210,178.410,110.290,68.120,UNK - Unknown,Unknown,Department of Water Resources,Voluntary,10,17,2007
Glenn_01.01.2003-06.21.2013.csv,Glenn,39.7033,-122.091,W001,2013-09-18 13:29:54,397033N1220910W001,21N02W04G002M,1/23/2008,00:00,,,60.950,0.000,60.950,180.210,178.410,119.260,59.150,UNK - Unknown,Unknown,Department of Water Resources,Voluntary,1,23,2008
Glenn_01.01.2003-06.21.2013.csv,Glenn,39.7033,-122.091,W001,2013-09-18 13:29:54,397033N1220910W001,21N02W04G002M,3/12/2008,00:00,,,57.300,0.000,57.300,180.210,178.410,122.910,55.500,UNK - Unknown,Unknown,Department of Water Resources,Voluntary,3,12,2008
Glenn_01.01.2003-06.21.2013.csv,Glenn,39.7033,-122.091,W001,2013-09-18 13:29:54,397033N1220910W001,21N02W04G002M,7/22/2008,00:00,,,68.610,0.000,68.610,180.210,178.410,111.600,66.810,UNK - Unknown,Unknown,Department of Water Resources,Voluntary,7,22,2008
Glenn_01.01.2003-06.21.2013.csv,Glenn,39.7033,-122.091,W001,2013-09-18 13:29:54,397033N1220910W001,21N02W04G002M,8/4/2008,00:00,,,71.300,0.000,71.300,180.210,178.410,108.910,69.500,UNK - Unknown,Unknown,Department of Water Resources,Voluntary,8,4,2008
Glenn_01.01.2003-06.21.2013.csv,Glenn,39.7033,-122.091,W001,2013-09-18 13:29:54,397033N1220910W001,21N02W04G002M,10/20/2008,00:00,,,74.650,0.000,74.650,180.210,178.410,105.560,72.850,UNK - Unknown,Unknown,Department of Water Resources,Voluntary,10,20,2008
Glenn_01.01.2003-06.21.2013.csv,Glenn,39.7033,-122.091,W001,2013-09-18 13:29:54,397033N1220910W001,21N02W04G002M,1/13/2009,00:00,,,66.180,0.000,66.180,180.210,178.410,114.030,64.380,UNK - Unknown,Unknown,Department of Water Resources,Voluntary,1,13,2009
Glenn_01.01.2003-06.21.2013.csv,Glenn,39.7033,-122.091,W001,2013-09-18 13:29:54,397033N1220910W001,21N02W04G002M,3/25/2009,00:00,,,61.510,0.000,61.510,180.210,178.410,118.700,59.710,UNK - Unknown,Unknown,Department of Water Resources,Voluntary,3,25,2009
Glenn_01.01.2003-06.21.2013.csv,Glenn,39.7033,-122.091,W001,2013-09-18 13:29:54,397033N1220910W001,21N02W04G002M,5/15/2009,00:00,,,61.410,0.000,61.410,180.210,178.410,118.800,59.610,UNK - Unknown,Unknown,Department of Water Resources,Voluntary,5,15,2009
Glenn_01.01.2003-06.21.2013.csv,Glenn,39.7033,-122.091,W001,2013-09-18 13:29:54,397033N1220910W001,21N02W04G002M,6/24/2009,00:00,,2 - Nearby pump operating,67.000,0.000,67.000,180.210,178.410,113.210,65.200,UNK - Unknown,Unknown,Department of Water Resources,Voluntary,6,24,2009
Glenn_01.01.2003-06.21.2013.csv,Glenn,39.7033,-122.091,W001,2013-09-18 13:29:54,397033N1220910W001,21N02W04G002M,8/6/2009,00:00,,,74.780,0.000,74.780,180.210,178.410,105.430,72.980,UNK - Unknown,Unknown,Department of Water Resources,Voluntary,8,6,2009
Glenn_01.01.2003-06.21.2013.csv,Glenn,39.7033,-122.091,W001,2013-09-18 13:29:54,397033N1220910W001,21N02W04G002M,9/16/2009,00:00,,,80.560,0.000,80.560,180.210,178.410,99.650,78.760,UNK - Unknown,Unknown,Department of Water Resources,Voluntary,9,16,2009
Glenn_01.01.2003-06.21.2013.csv,Glenn,39.7033,-122.091,W001,2013-09-18 13:29:54,397033N1220910W001,21N02W04G002M,10/23/2009,00:00,,,78.860,0.000,78.860,180.210,178.410,101.350,77.060,UNK - Unknown,Unknown,Department of Water Resources,Voluntary,10,23,2009
Glenn_01.01.2003-06.21.2013.csv,Glenn,39.7033,-122.091,W001,2013-09-18 13:29:54,397033N1220910W001,21N02W04G002M,3/26/2010,00:00,,,64.190,0.000,64.190,180.210,178.410,116.020,62.390,UNK - Unknown,Unknown,Department of Water Resources,Voluntary,3,26,2010
Glenn_01.01.2003-06.21.2013.csv,Glenn,39.7033,-122.091,W001,2013-09-18 13:29:54,397033N1220910W001,21N02W04G002M,8/2/2010,00:00,,,62.460,0.000,62.460,180.210,178.410,117.750,60.660,UNK - Unknown,Unknown,Department of Water Resources,Voluntary,8,2,2010
Glenn_01.01.2003-06.21.2013.csv,Glenn,39.7033,-122.091,W001,2013-09-18 13:29:54,397033N1220910W001,21N02W04G002M,10/20/2010,00:00,,,66.250,0.000,66.250,180.210,178.410,113.960,64.450,UNK - Unknown,Unknown,Department of Water Resources,Voluntary,10,20,2010
Glenn_01.01.2003-06.21.2013.csv,Glenn,39.7033,-122.091,W001,2013-09-18 13:29:54,397033N1220910W001,21N02W04G002M,1/20/2011,00:00,,,62.490,0.000,62.490,180.210,178.410,117.720,60.690,UNK - Unknown,Unknown,Department of Water Resources,Voluntary,1,20,2011
Glenn_01.01.2003-06.21.2013.csv,Glenn,39.7033,-122.091,W001,2013-09-18 13:29:54,397033N1220910W001,21N02W04G002M,2/7/2011,00:00,,,61.730,0.000,61.730,180.210,178.410,118.480,59.930,UNK - Unknown,Unknown,Department of Water Resources,Voluntary,2,7,2011
Glenn_01.01.2003-06.21.2013.csv,Glenn,39.7033,-122.091,W001,2013-09-18 13:29:54,397033N1220910W001,21N02W04G002M,2/14/2011,00:00,,,61.550,0.000,61.550,180.210,178.410,118.660,59.750,UNK - Unknown,Unknown,Department of Water Resources,Voluntary,2,14,2011
Glenn_01.01.2003-06.21.2013.csv,Glenn,39.7033,-122.091,W001,2013-09-18 13:29:54,397033N1220910W001,21N02W04G002M,4/5/2011,00:00,,,65.080,0.000,65.080,180.210,178.410,115.130,63.280,UNK - Unknown,Unknown,Department of Water Resources,Voluntary,4,5,2011
Glenn_01.01.2003-06.21.2013.csv,Glenn,39.7033,-122.091,W001,2013-09-18 13:29:54,397033N1220910W001,21N02W04G002M,8/1/2011,00:00,,,77.550,0.000,77.550,180.210,178.410,102.660,75.750,UNK - Unknown,Unknown,Department of Water Resources,Voluntary,8,1,2011
Glenn_01.01.2003-06.21.2013.csv,Glenn,39.7033,-122.091,W001,2013-09-18 13:29:54,397033N1220910W001,21N02W04G002M,10/12/2011,00:00,,,94.270,0.000,94.270,180.210,178.410,85.940,92.470,UNK - Unknown,Unknown,Department of Water Resources,Voluntary,10,12,2011
Glenn_01.01.2003-06.21.2013.csv,Glenn,39.7033,-122.091,W001,2013-09-18 13:29:54,397033N1220910W001,21N02W04G002M,11/28/2011,00:00,,,96.850,0.000,96.850,180.210,178.410,83.360,95.050,UNK - Unknown,Unknown,Department of Water Resources,Voluntary,11,28,2011
Glenn_01.01.2003-06.21.2013.csv,Glenn,39.7033,-122.091,W001,2013-09-18 13:29:54,397033N1220910W001,21N02W04G002M,11/28/2011,00:00,,,28.280,0.000,28.280,180.210,178.410,151.930,26.480,UNK - Unknown,Unknown,Department of Water Resources,Voluntary,11,28,2011
Glenn_01.01.2003-06.21.2013.csv,Glenn,39.7033,-122.091,W001,2013-09-18 13:29:54,397033N1220910W001,21N02W04G002M,3/21/2013,00:00,,,62.530,0.000,62.530,180.210,178.410,117.680,60.730,ES - Electric sounder measurement,0.01 Ft,Department of Water Resources,CASGEM,3,21,2013
Glenn_01.01.2003-06.21.2013.csv,Glenn,39.7033,-122.091,W001,2013-09-18 13:29:54,397033N1220910W001,21N02W04G002M,5/23/2013,00:00,,,63.500,0.000,63.500,180.210,178.410,116.710,61.700,ES - Electric sounder measurement,0.1 Ft,Department of Water Resources,Voluntary,5,23,2013
Glenn_01.01.2003-06.21.2013.csv,Glenn,39.7033,-122.091,W002,2013-09-18 13:29:54,397033N1220910W002,21N02W04G003M,10/12/2011,00:00,,,63.600,0.000,63.600,180.510,178.410,116.910,61.500,ES - Electric sounder measurement,0.01 Ft,Department of Water Resources,CASGEM,10,12,2011
Glenn_01.01.2003-06.21.2013.csv,Glenn,39.7033,-122.091,W002,2013-09-18 13:29:54,397033N1220910W002,21N02W04G003M,3/29/2012,00:00,,,50.860,0.000,50.860,180.510,178.410,129.650,48.760,ES - Electric sounder measurement,0.01 Ft,Department of Water Resources,CASGEM,3,29,2012
Glenn_01.01.2003-06.21.2013.csv,Glenn,39.7033,-122.091,W002,2013-09-18 13:29:54,397033N1220910W002,21N02W04G003M,8/2/2012,00:00,,,71.390,0.000,71.390,180.510,178.410,109.120,69.290,ES - Electric sounder measurement,0.01 Ft,Department of Water Resources,CASGEM,8,2,2012
Glenn_01.01.2003-06.21.2013.csv,Glenn,39.7033,-122.091,W002,2013-09-18 13:29:54,397033N1220910W002,21N02W04G003M,10/18/2012,00:00,,,64.580,0.000,64.580,180.510,178.410,115.930,62.480,ES - Electric sounder measurement,0.01 Ft,Department of Water Resources,CASGEM,10,18,2012
Glenn_01.01.2003-06.21.2013.csv,Glenn,39.7033,-122.091,W002,2013-09-18 13:29:54,397033N1220910W002,21N02W04G003M,3/22/2007,00:00,,,41.920,0.000,41.920,180.510,178.410,138.590,39.820,UNK - Unknown,Unknown,Department of Water Resources,Voluntary,3,22,2007
Glenn_01.01.2003-06.21.2013.csv,Glenn,39.7033,-122.091,W002,2013-09-18 13:29:54,397033N1220910W002,21N02W04G003M,5/18/2007,00:00,,,53.900,0.000,53.900,180.510,178.410,126.610,51.800,UNK - Unknown,Unknown,Department of Water Resources,Voluntary,5,18,2007
Glenn_01.01.2003-06.21.2013.csv,Glenn,39.7033,-122.091,W002,2013-09-18 13:29:54,397033N1220910W002,21N02W04G003M,5/31/2007,00:00,,,57.100,0.000,57.100,180.510,178.410,123.410,55.000,UNK - Unknown,Unknown,Department of Water Resources,Voluntary,5,31,2007
Glenn_01.01.2003-06.21.2013.csv,Glenn,39.7033,-122.091,W002,2013-09-18 13:29:54,397033N1220910W002,21N02W04G003M,8/8/2007,00:00,,,72.630,0.000,72.630,180.510,178.410,107.880,70.530,UNK - Unknown,Unknown,Department of Water Resources,Voluntary,8,8,2007
Glenn_01.01.2003-06.21.2013.csv,Glenn,39.7033,-122.091,W002,2013-09-18 13:29:54,397033N1220910W002,21N02W04G003M,8/31/2007,00:00,,,68.610,0.000,68.610,180.510,178.410,111.900,66.510,UNK - Unknown,Unknown,Department of Water Resources,Voluntary,8,31,2007
Glenn_01.01.2003-06.21.2013.csv,Glenn,39.7033,-122.091,W002,2013-09-18 13:29:54,397033N1220910W002,21N02W04G003M,5/2/2007,00:00,,,49.640,0.000,49.640,180.510,178.410,130.870,47.540,UNK - Unknown,Unknown,Department of Water Resources,Voluntary,5,2,2007
Glenn_01.01.2003-06.21.2013.csv,Glenn,39.7033,-122.091,W002,2013-09-18 13:29:54,397033N1220910W002,21N02W04G003M,10/17/2007,00:00,,,62.520,0.000,62.520,180.510,178.410,117.990,60.420,UNK - Unknown,Unknown,Department of Water Resources,Voluntary,10,17,2007
Glenn_01.01.2003-06.21.2013.csv,Glenn,39.7033,-122.091,W002,2013-09-18 13:29:54,397033N1220910W002,21N02W04G003M,1/23/2008,00:00,,,50.710,0.000,50.710,180.510,178.410,129.800,48.610,UNK - Unknown,Unknown,Department of Water Resources,Voluntary,1,23,2008
Glenn_01.01.2003-06.21.2013.csv,Glenn,39.7033,-122.091,W002,2013-09-18 13:29:54,397033N1220910W002,21N02W04G003M,3/12/2008,00:00,,,45.700,0.000,45.700,180.510,178.410,134.810,43.600,UNK - Unknown,Unknown,Department of Water Resources,Voluntary,3,12,2008
Glenn_01.01.2003-06.21.2013.csv,Glenn,39.7033,-122.091,W002,2013-09-18 13:29:54,397033N1220910W002,21N02W04G003M,7/22/2008,00:00,,,72.610,0.000,72.610,180.510,178.410,107.900,70.510,UNK - Unknown,Unknown,Department of Water Resources,Voluntary,7,22,2008
Glenn_01.01.2003-06.21.2013.csv,Glenn,39.7033,-122.091,W002,2013-09-18 13:29:54,397033N1220910W002,21N02W04G003M,8/4/2008,00:00,,,73.190,0.000,73.190,180.510,178.410,107.320,71.090,UNK - Unknown,Unknown,Department of Water Resources,Voluntary,8,4,2008
Glenn_01.01.2003-06.21.2013.csv,Glenn,39.7033,-122.091,W002,2013-09-18 13:29:54,397033N1220910W002,21N02W04G003M,10/20/2008,00:00,,,65.260,0.000,65.260,180.510,178.410,115.250,63.160,UNK - Unknown,Unknown,Department of Water Resources,Voluntary,10,20,2008
Glenn_01.01.2003-06.21.2013.csv,Glenn,39.7033,-122.091,W002,2013-09-18 13:29:54,397033N1220910W002,21N02W04G003M,1/13/2009,00:00,,,54.340,0.000,54.340,180.510,178.410,126.170,52.240,UNK - Unknown,Unknown,Department of Water Resources,Voluntary,1,13,2009
Glenn_01.01.2003-06.21.2013.csv,Glenn,39.7033,-122.091,W002,2013-09-18 13:29:54,397033N1220910W002,21N02W04G003M,3/25/2009,00:00,,,49.190,0.000,49.190,180.510,178.410,131.320,47.090,UNK - Unknown,Unknown,Department of Water Resources,Voluntary,3,25,2009
Glenn_01.01.2003-06.21.2013.csv,Glenn,39.7033,-122.091,W002,2013-09-18 13:29:54,397033N1220910W002,21N02W04G003M,5/15/2009,00:00,,,56.750,0.000,56.750,180.510,178.410,123.760,54.650,UNK - Unknown,Unknown,Department of Water Resources,Voluntary,5,15,2009
Glenn_01.01.2003-06.21.2013.csv,Glenn,39.7033,-122.091,W002,2013-09-18 13:29:54,397033N1220910W002,21N02W04G003M,6/24/2009,00:00,,2 - Nearby pump operating,66.700,0.000,66.700,180.510,178.410,113.810,64.600,UNK - Unknown,Unknown,Department of Water Resources,Voluntary,6,24,2009
Glenn_01.01.2003-06.21.2013.csv,Glenn,39.7033,-122.091,W002,2013-09-18 13:29:54,397033N1220910W002,21N02W04G003M,8/6/2009,00:00,,,76.640,0.000,76.640,180.510,178.410,103.870,74.540,UNK - Unknown,Unknown,Department of Water Resources,Voluntary,8,6,2009
Glenn_01.01.2003-06.21.2013.csv,Glenn,39.7033,-122.091,W002,2013-09-18 13:29:54,397033N1220910W002,21N02W04G003M,9/16/2009,00:00,,,74.800,0.000,74.800,180.510,178.410,105.710,72.700,UNK - Unknown,Unknown,Department of Water Resources,Voluntary,9,16,2009
Glenn_01.01.2003-06.21.2013.csv,Glenn,39.7033,-122.091,W002,2013-09-18 13:29:54,397033N1220910W002,21N02W04G003M,10/23/2009,00:00,,,68.810,0.000,68.810,180.510,178.410,111.700,66.710,UNK - Unknown,Unknown,Department of Water Resources,Voluntary,10,23,2009
Glenn_01.01.2003-06.21.2013.csv,Glenn,39.7033,-122.091,W002,2013-09-18 13:29:54,397033N1220910W002,21N02W04G003M,3/26/2010,00:00,,,50.190,0.000,50.190,180.510,178.410,130.320,48.090,UNK - Unknown,Unknown,Department of Water Resources,Voluntary,3,26,2010
Glenn_01.01.2003-06.21.2013.csv,Glenn,39.7033,-122.091,W002,2013-09-18 13:29:54,397033N1220910W002,21N02W04G003M,8/2/2010,00:00,,,67.980,0.000,67.980,180.510,178.410,112.530,65.880,UNK - Unknown,Unknown,Department of Water Resources,Voluntary,8,2,2010
Glenn_01.01.2003-06.21.2013.csv,Glenn,39.7033,-122.091,W002,2013-09-18 13:29:54,397033N1220910W002,21N02W04G003M,10/20/2010,00:00,,,61.560,0.000,61.560,180.510,178.410,118.950,59.460,UNK - Unknown,Unknown,Department of Water Resources,Voluntary,10,20,2010
Glenn_01.01.2003-06.21.2013.csv,Glenn,39.7033,-122.091,W002,2013-09-18 13:29:54,397033N1220910W002,21N02W04G003M,1/20/2011,00:00,,,49.130,0.000,49.130,180.510,178.410,131.380,47.030,UNK - Unknown,Unknown,Department of Water Resources,Voluntary,1,20,2011
Glenn_01.01.2003-06.21.2013.csv,Glenn,39.7033,-122.091,W002,2013-09-18 13:29:54,397033N1220910W002,21N02W04G003M,2/14/2011,00:00,,,47.900,0.000,47.900,180.510,178.410,132.610,45.800,UNK - Unknown,Unknown,Department of Water Resources,Voluntary,2,14,2011
Glenn_01.01.2003-06.21.2013.csv,Glenn,39.7033,-122.091,W002,2013-09-18 13:29:54,397033N1220910W002,21N02W04G003M,4/5/2011,00:00,,,45.710,0.000,45.710,180.510,178.410,134.800,43.610,UNK - Unknown,Unknown,Department of Water Resources,Voluntary,4,5,2011
Glenn_01.01.2003-06.21.2013.csv,Glenn,39.7033,-122.091,W002,2013-09-18 13:29:54,397033N1220910W002,21N02W04G003M,8/1/2011,00:00,,,65.490,0.000,65.490,180.510,178.410,115.020,63.390,UNK - Unknown,Unknown,Department of Water Resources,Voluntary,8,1,2011
Glenn_01.01.2003-06.21.2013.csv,Glenn,39.7033,-122.091,W002,2013-09-18 13:29:54,397033N1220910W002,21N02W04G003M,10/12/2011,00:00,,,63.600,0.000,63.600,180.510,178.410,116.910,61.500,UNK - Unknown,Unknown,Department of Water Resources,Voluntary,10,12,2011
Glenn_01.01.2003-06.21.2013.csv,Glenn,39.7033,-122.091,W002,2013-09-18 13:29:54,397033N1220910W002,21N02W04G003M,11/28/2011,00:00,,,60.080,0.000,60.080,180.510,178.410,120.430,57.980,UNK - Unknown,Unknown,Department of Water Resources,Voluntary,11,28,2011
Glenn_01.01.2003-06.21.2013.csv,Glenn,39.7033,-122.091,W002,2013-09-18 13:29:54,397033N1220910W002,21N02W04G003M,11/28/2011,00:00,,,28.870,0.000,28.870,180.510,178.410,151.640,26.770,UNK - Unknown,Unknown,Department of Water Resources,Voluntary,11,28,2011
Glenn_01.01.2003-06.21.2013.csv,Glenn,39.7033,-122.091,W002,2013-09-18 13:29:54,397033N1220910W002,21N02W04G003M,3/21/2013,00:00,,,49.930,0.000,49.930,180.510,178.410,130.580,47.830,ES - Electric sounder measurement,0.01 Ft,Department of Water Resources,CASGEM,3,21,2013
Glenn_01.01.2003-06.21.2013.csv,Glenn,39.7033,-122.091,W002,2013-09-18 13:29:54,397033N1220910W002,21N02W04G003M,5/23/2013,00:00,,,60.500,0.000,60.500,180.510,178.410,120.010,58.400,ES - Electric sounder measurement,0.1 Ft,Department of Water Resources,Voluntary,5,23,2013
Glenn_01.01.2003-06.21.2013.csv,Glenn,39.7033,-122.091,W003,2013-09-18 13:29:54,397033N1220910W003,21N02W04G004M,10/12/2011,00:00,,,34.340,0.000,34.340,180.310,178.410,145.970,32.440,ES - Electric sounder measurement,0.01 Ft,Department of Water Resources,CASGEM,10,12,2011
Glenn_01.01.2003-06.21.2013.csv,Glenn,39.7033,-122.091,W003,2013-09-18 13:29:54,397033N1220910W003,21N02W04G004M,3/29/2012,00:00,,,29.050,0.000,29.050,180.310,178.410,151.260,27.150,ES - Electric sounder measurement,0.01 Ft,Department of Water Resources,CASGEM,3,29,2012
Glenn_01.01.2003-06.21.2013.csv,Glenn,39.7033,-122.091,W003,2013-09-18 13:29:54,397033N1220910W003,21N02W04G004M,8/2/2012,00:00,,,67.800,0.000,67.800,180.310,178.410,112.510,65.900,ES - Electric sounder measurement,0.01 Ft,Department of Water Resources,CASGEM,8,2,2012
Glenn_01.01.2003-06.21.2013.csv,Glenn,39.7033,-122.091,W003,2013-09-18 13:29:54,397033N1220910W003,21N02W04G004M,10/18/2012,00:00,,,49.180,0.000,49.180,180.310,178.410,131.130,47.280,ES - Electric sounder measurement,0.01 Ft,Department of Water Resources,CASGEM,10,18,2012
Glenn_01.01.2003-06.21.2013.csv,Glenn,39.7033,-122.091,W003,2013-09-18 13:29:54,397033N1220910W003,21N02W04G004M,3/21/2013,00:00,,,30.610,0.000,30.610,180.310,178.410,149.700,28.710,ES - Electric sounder measurement,0.01 Ft,Department of Water Resources,CASGEM,3,21,2013
Glenn_01.01.2003-06.21.2013.csv,Glenn,39.7033,-122.091,W003,2013-09-18 13:29:54,397033N1220910W003,21N02W04G004M,5/23/2013,00:00,,,64.200,0.000,64.200,180.310,178.410,116.110,62.300,ES - Electric sounder measurement,0.1 Ft,Department of Water Resources,Voluntary,5,23,2013
Glenn_01.01.2003-06.21.2013.csv,Glenn,39.7033,-122.091,W004,2013-09-18 13:29:54,397033N1220910W004,21N02W04G005M,10/12/2011,00:00,,,36.040,0.000,36.040,181.160,178.410,145.120,33.290,ES - Electric sounder measurement,0.01 Ft,Department of Water Resources,CASGEM,10,12,2011
Glenn_01.01.2003-06.21.2013.csv,Glenn,39.7033,-122.091,W004,2013-09-18 13:29:54,397033N1220910W004,21N02W04G005M,3/29/2012,00:00,,,30.450,0.000,30.450,181.160,178.410,150.710,27.700,ES - Electric sounder measurement,0.01 Ft,Department of Water Resources,CASGEM,3,29,2012
Glenn_01.01.2003-06.21.2013.csv,Glenn,39.7033,-122.091,W004,2013-09-18 13:29:54,397033N1220910W004,21N02W04G005M,8/2/2012,00:00,,,48.370,0.000,48.370,181.160,178.410,132.790,45.620,ES - Electric sounder measurement,0.01 Ft,Department of Water Resources,CASGEM,8,2,2012
Glenn_01.01.2003-06.21.2013.csv,Glenn,39.7033,-122.091,W004,2013-09-18 13:29:54,397033N1220910W004,21N02W04G005M,10/18/2012,00:00,,,46.520,0.000,46.520,181.160,178.410,134.640,43.770,ES - Electric sounder measurement,0.01 Ft,Department of Water Resources,CASGEM,10,18,2012
Glenn_01.01.2003-06.21.2013.csv,Glenn,39.7033,-122.091,W004,2013-09-18 13:29:54,397033N1220910W004,21N02W04G005M,3/22/2007,00:00,,,26.640,0.000,26.640,181.160,178.410,154.520,23.890,UNK - Unknown,Unknown,Department of Water Resources,Voluntary,3,22,2007
Glenn_01.01.2003-06.21.2013.csv,Glenn,39.7033,-122.091,W004,2013-09-18 13:29:54,397033N1220910W004,21N02W04G005M,5/18/2007,00:00,,,33.200,0.000,33.200,181.160,178.410,147.960,30.450,UNK - Unknown,Unknown,Department of Water Resources,Voluntary,5,18,2007
Glenn_01.01.2003-06.21.2013.csv,Glenn,39.7033,-122.091,W004,2013-09-18 13:29:54,397033N1220910W004,21N02W04G005M,5/31/2007,00:00,,,34.700,0.000,34.700,181.160,178.410,146.460,31.950,UNK - Unknown,Unknown,Department of Water Resources,Voluntary,5,31,2007
Glenn_01.01.2003-06.21.2013.csv,Glenn,39.7033,-122.091,W004,2013-09-18 13:29:54,397033N1220910W004,21N02W04G005M,8/8/2007,00:00,,,41.740,0.000,41.740,181.160,178.410,139.420,38.990,UNK - Unknown,Unknown,Department of Water Resources,Voluntary,8,8,2007
Glenn_01.01.2003-06.21.2013.csv,Glenn,39.7033,-122.091,W004,2013-09-18 13:29:54,397033N1220910W004,21N02W04G005M,8/31/2007,00:00,,,42.270,0.000,42.270,181.160,178.410,138.890,39.520,UNK - Unknown,Unknown,Department of Water Resources,Voluntary,8,31,2007
Glenn_01.01.2003-06.21.2013.csv,Glenn,39.7033,-122.091,W004,2013-09-18 13:29:54,397033N1220910W004,21N02W04G005M,5/2/2007,00:00,,,30.160,0.000,30.160,181.160,178.410,151.000,27.410,UNK - Unknown,Unknown,Department of Water Resources,Voluntary,5,2,2007
Glenn_01.01.2003-06.21.2013.csv,Glenn,39.7033,-122.091,W004,2013-09-18 13:29:54,397033N1220910W004,21N02W04G005M,10/17/2007,00:00,,,39.530,0.000,39.530,181.160,178.410,141.630,36.780,UNK - Unknown,Unknown,Department of Water Resources,Voluntary,10,17,2007
Glenn_01.01.2003-06.21.2013.csv,Glenn,39.7033,-122.091,W004,2013-09-18 13:29:54,397033N1220910W004,21N02W04G005M,1/23/2008,00:00,,,33.180,0.000,33.180,181.160,178.410,147.980,30.430,UNK - Unknown,Unknown,Department of Water Resources,Voluntary,1,23,2008
Glenn_01.01.2003-06.21.2013.csv,Glenn,39.7033,-122.091,W004,2013-09-18 13:29:54,397033N1220910W004,21N02W04G005M,3/12/2008,00:00,,,27.100,0.000,27.100,181.160,178.410,154.060,24.350,UNK - Unknown,Unknown,Department of Water Resources,Voluntary,3,12,2008
Glenn_01.01.2003-06.21.2013.csv,Glenn,39.7033,-122.091,W004,2013-09-18 13:29:54,397033N1220910W004,21N02W04G005M,7/22/2008,00:00,,,44.820,0.000,44.820,181.160,178.410,136.340,42.070,UNK - Unknown,Unknown,Department of Water Resources,Voluntary,7,22,2008
Glenn_01.01.2003-06.21.2013.csv,Glenn,39.7033,-122.091,W004,2013-09-18 13:29:54,397033N1220910W004,21N02W04G005M,8/4/2008,00:00,,,46.090,0.000,46.090,181.160,178.410,135.070,43.340,UNK - Unknown,Unknown,Department of Water Resources,Voluntary,8,4,2008
Glenn_01.01.2003-06.21.2013.csv,Glenn,39.7033,-122.091,W004,2013-09-18 13:29:54,397033N1220910W004,21N02W04G005M,10/20/2008,00:00,,,43.720,0.000,43.720,181.160,178.410,137.440,40.970,UNK - Unknown,Unknown,Department of Water Resources,Voluntary,10,20,2008
Glenn_01.01.2003-06.21.2013.csv,Glenn,39.7033,-122.091,W004,2013-09-18 13:29:54,397033N1220910W004,21N02W04G005M,1/13/2009,00:00,,,34.970,0.000,34.970,181.160,178.410,146.190,32.220,UNK - Unknown,Unknown,Department of Water Resources,Voluntary,1,13,2009
Glenn_01.01.2003-06.21.2013.csv,Glenn,39.7033,-122.091,W004,2013-09-18 13:29:54,397033N1220910W004,21N02W04G005M,3/25/2009,00:00,,,28.100,0.000,28.100,181.160,178.410,153.060,25.350,UNK - Unknown,Unknown,Department of Water Resources,Voluntary,3,25,2009
Glenn_01.01.2003-06.21.2013.csv,Glenn,39.7033,-122.091,W004,2013-09-18 13:29:54,397033N1220910W004,21N02W04G005M,5/15/2009,00:00,,,35.830,0.000,35.830,181.160,178.410,145.330,33.080,UNK - Unknown,Unknown,Department of Water Resources,Voluntary,5,15,2009
Glenn_01.01.2003-06.21.2013.csv,Glenn,39.7033,-122.091,W004,2013-09-18 13:29:54,397033N1220910W004,21N02W04G005M,6/24/2009,00:00,,2 - Nearby pump operating,43.420,0.000,43.420,181.160,178.410,137.740,40.670,UNK - Unknown,Unknown,Department of Water Resources,Voluntary,6,24,2009
Glenn_01.01.2003-06.21.2013.csv,Glenn,39.7033,-122.091,W004,2013-09-18 13:29:54,397033N1220910W004,21N02W04G005M,8/6/2009,00:00,,,49.330,0.000,49.330,181.160,178.410,131.830,46.580,UNK - Unknown,Unknown,Department of Water Resources,Voluntary,8,6,2009
Glenn_01.01.2003-06.21.2013.csv,Glenn,39.7033,-122.091,W004,2013-09-18 13:29:54,397033N1220910W004,21N02W04G005M,9/16/2009,00:00,,,48.610,0.000,48.610,181.160,178.410,132.550,45.860,UNK - Unknown,Unknown,Department of Water Resources,Voluntary,9,16,2009
Glenn_01.01.2003-06.21.2013.csv,Glenn,39.7033,-122.091,W004,2013-09-18 13:29:54,397033N1220910W004,21N02W04G005M,10/23/2009,00:00,,,45.930,0.000,45.930,181.160,178.410,135.230,43.180,UNK - Unknown,Unknown,Department of Water Resources,Voluntary,10,23,2009
Glenn_01.01.2003-06.21.2013.csv,Glenn,39.7033,-122.091,W004,2013-09-18 13:29:54,397033N1220910W004,21N02W04G005M,3/26/2010,00:00,,,28.620,0.000,28.620,181.160,178.410,152.540,25.870,UNK - Unknown,Unknown,Department of Water Resources,Voluntary,3,26,2010
Glenn_01.01.2003-06.21.2013.csv,Glenn,39.7033,-122.091,W004,2013-09-18 13:29:54,397033N1220910W004,21N02W04G005M,8/2/2010,00:00,,,43.710,0.000,43.710,181.160,178.410,137.450,40.960,UNK - Unknown,Unknown,Department of Water Resources,Voluntary,8,2,2010
Glenn_01.01.2003-06.21.2013.csv,Glenn,39.7033,-122.091,W004,2013-09-18 13:29:54,397033N1220910W004,21N02W04G005M,10/20/2010,00:00,,,41.060,0.000,41.060,181.160,178.410,140.100,38.310,UNK - Unknown,Unknown,Department of Water Resources,Voluntary,10,20,2010
Glenn_01.01.2003-06.21.2013.csv,Glenn,39.7033,-122.091,W004,2013-09-18 13:29:54,397033N1220910W004,21N02W04G005M,1/20/2011,00:00,,,30.230,0.000,30.230,181.160,178.410,150.930,27.480,UNK - Unknown,Unknown,Department of Water Resources,Voluntary,1,20,2011
Glenn_01.01.2003-06.21.2013.csv,Glenn,39.7033,-122.091,W004,2013-09-18 13:29:54,397033N1220910W004,21N02W04G005M,2/7/2011,00:00,,,29.400,0.000,29.400,181.160,178.410,151.760,26.650,UNK - Unknown,Unknown,Department of Water Resources,Voluntary,2,7,2011
Glenn_01.01.2003-06.21.2013.csv,Glenn,39.7033,-122.091,W004,2013-09-18 13:29:54,397033N1220910W004,21N02W04G005M,2/14/2011,00:00,,,29.200,0.000,29.200,181.160,178.410,151.960,26.450,UNK - Unknown,Unknown,Department of Water Resources,Voluntary,2,14,2011
Glenn_01.01.2003-06.21.2013.csv,Glenn,39.7033,-122.091,W004,2013-09-18 13:29:54,397033N1220910W004,21N02W04G005M,4/5/2011,00:00,,,24.570,0.000,24.570,181.160,178.410,156.590,21.820,UNK - Unknown,Unknown,Department of Water Resources,Voluntary,4,5,2011
Glenn_01.01.2003-06.21.2013.csv,Glenn,39.7033,-122.091,W004,2013-09-18 13:29:54,397033N1220910W004,21N02W04G005M,8/1/2011,00:00,,,37.700,0.000,37.700,181.160,178.410,143.460,34.950,UNK - Unknown,Unknown,Department of Water Resources,Voluntary,8,1,2011
Glenn_01.01.2003-06.21.2013.csv,Glenn,39.7033,-122.091,W004,2013-09-18 13:29:54,397033N1220910W004,21N02W04G005M,10/12/2011,00:00,,,36.040,0.000,36.040,181.160,178.410,145.120,33.290,UNK - Unknown,Unknown,Department of Water Resources,Voluntary,10,12,2011
Glenn_01.01.2003-06.21.2013.csv,Glenn,39.7033,-122.091,W004,2013-09-18 13:29:54,397033N1220910W004,21N02W04G005M,11/28/2011,00:00,,,32.390,0.000,32.390,181.160,178.410,148.770,29.640,UNK - Unknown,Unknown,Department of Water Resources,Voluntary,11,28,2011
Glenn_01.01.2003-06.21.2013.csv,Glenn,39.7033,-122.091,W004,2013-09-18 13:29:54,397033N1220910W004,21N02W04G005M,3/21/2013,00:00,,,31.490,0.000,31.490,181.160,178.410,149.670,28.740,ES - Electric sounder measurement,0.01 Ft,Department of Water Resources,CASGEM,3,21,2013
Glenn_01.01.2003-06.21.2013.csv,Glenn,39.7033,-122.091,W004,2013-09-18 13:29:54,397033N1220910W004,21N02W04G005M,5/23/2013,00:00,,,40.900,0.000,40.900,181.160,178.410,140.260,38.150,ES - Electric sounder measurement,0.1 Ft,Department of Water Resources,Voluntary,5,23,2013
Glenn_01.01.2003-06.21.2013.csv,Glenn,39.7043,-122.0386,W001,2013-09-18 13:29:54,397043N1220386W001,21N02W01F003M,10/11/2011,00:00,,,28.510,0.000,28.510,162.836,161.836,134.326,27.510,ES - Electric sounder measurement,0.01 Ft,Department of Water Resources,CASGEM,10,11,2011
Glenn_01.01.2003-06.21.2013.csv,Glenn,39.7043,-122.0386,W001,2013-09-18 13:29:54,397043N1220386W001,21N02W01F003M,3/29/2012,00:00,,,28.040,0.000,28.040,162.836,161.836,134.796,27.040,ES - Electric sounder measurement,0.01 Ft,Department of Water Resources,CASGEM,3,29,2012
Glenn_01.01.2003-06.21.2013.csv,Glenn,39.7043,-122.0386,W001,2013-09-18 13:29:54,397043N1220386W001,21N02W01F003M,8/2/2012,00:00,,,39.790,0.000,39.790,162.836,161.836,123.046,38.790,ES - Electric sounder measurement,0.01 Ft,Department of Water Resources,CASGEM,8,2,2012
Glenn_01.01.2003-06.21.2013.csv,Glenn,39.7043,-122.0386,W001,2013-09-18 13:29:54,397043N1220386W001,21N02W01F003M,10/16/2012,00:00,,,35.250,0.000,35.250,162.836,161.836,127.586,34.250,ES - Electric sounder measurement,0.01 Ft,Department of Water Resources,CASGEM,10,16,2012
Glenn_01.01.2003-06.21.2013.csv,Glenn,39.7043,-122.0386,W001,2013-09-18 13:29:54,397043N1220386W001,21N02W01F003M,3/21/2013,00:00,,,28.050,0.000,28.050,162.836,161.836,134.786,27.050,ES - Electric sounder measurement,0.01 Ft,Department of Water Resources,CASGEM,3,21,2013
Glenn_01.01.2003-06.21.2013.csv,Glenn,39.7043,-122.0386,W001,2013-09-18 13:29:54,397043N1220386W001,21N02W01F003M,2/18/2003,00:00,,,21.700,0.000,21.700,162.836,161.836,141.136,20.700,UNK - Unknown,Unknown,Department of Water Resources,Voluntary,2,18,2003
Glenn_01.01.2003-06.21.2013.csv,Glenn,39.7043,-122.0386,W001,2013-09-18 13:29:54,397043N1220386W001,21N02W01F003M,3/13/2003,00:00,,,22.000,0.000,22.000,162.836,161.836,140.836,21.000,UNK - Unknown,Unknown,Department of Water Resources,Voluntary,3,13,2003
Glenn_01.01.2003-06.21.2013.csv,Glenn,39.7043,-122.0386,W001,2013-09-18 13:29:54,397043N1220386W001,21N02W01F003M,4/9/2003,00:00,,,22.500,0.000,22.500,162.836,161.836,140.336,21.500,UNK - Unknown,Unknown,Department of Water Resources,Voluntary,4,9,2003
Glenn_01.01.2003-06.21.2013.csv,Glenn,39.7043,-122.0386,W001,2013-09-18 13:29:54,397043N1220386W001,21N02W01F003M,5/28/2003,00:00,,,26.800,0.000,26.800,162.836,161.836,136.036,25.800,UNK - Unknown,Unknown,Department of Water Resources,Voluntary,5,28,2003
Glenn_01.01.2003-06.21.2013.csv,Glenn,39.7043,-122.0386,W001,2013-09-18 13:29:54,397043N1220386W001,21N02W01F003M,6/19/2003,00:00,,,27.800,0.000,27.800,162.836,161.836,135.036,26.800,UNK - Unknown,Unknown,Department of Water Resources,Voluntary,6,19,2003
Glenn_01.01.2003-06.21.2013.csv,Glenn,39.7043,-122.0386,W001,2013-09-18 13:29:54,397043N1220386W001,21N02W01F003M,7/11/2003,00:00,,,29.980,0.000,29.980,162.836,161.836,132.856,28.980,UNK - Unknown,Unknown,Department of Water Resources,Voluntary,7,11,2003
Glenn_01.01.2003-06.21.2013.csv,Glenn,39.7043,-122.0386,W001,2013-09-18 13:29:54,397043N1220386W001,21N02W01F003M,7/18/2003,00:00,,,30.200,0.000,30.200,162.836,161.836,132.636,29.200,UNK - Unknown,Unknown,Department of Water Resources,Voluntary,7,18,2003
Glenn_01.01.2003-06.21.2013.csv,Glenn,39.7043,-122.0386,W001,2013-09-18 13:29:54,397043N1220386W001,21N02W01F003M,7/24/2003,00:00,,,30.200,0.000,30.200,162.836,161.836,132.636,29.200,UNK - Unknown,Unknown,Department of Water Resources,Voluntary,7,24,2003
Glenn_01.01.2003-06.21.2013.csv,Glenn,39.7043,-122.0386,W001,2013-09-18 13:29:54,397043N1220386W001,21N02W01F003M,7/31/2003,00:00,,,29.800,0.000,29.800,162.836,161.836,133.036,28.800,UNK - Unknown,Unknown,Department of Water Resources,Voluntary,7,31,2003
Glenn_01.01.2003-06.21.2013.csv,Glenn,39.7043,-122.0386,W001,2013-09-18 13:29:54,397043N1220386W001,21N02W01F003M,8/26/2003,00:00,,,28.100,0.000,28.100,162.836,161.836,134.736,27.100,UNK - Unknown,Unknown,Department of Water Resources,Voluntary,8,26,2003
Glenn_01.01.2003-06.21.2013.csv,Glenn,39.7043,-122.0386,W001,2013-09-18 13:29:54,397043N1220386W001,21N02W01F003M,8/7/2003,00:00,,,29.000,0.000,29.000,162.836,161.836,133.836,28.000,UNK - Unknown,Unknown,Department of Water Resources,Voluntary,8,7,2003
Glenn_01.01.2003-06.21.2013.csv,Glenn,39.7043,-122.0386,W001,2013-09-18 13:29:54,397043N1220386W001,21N02W01F003M,8/14/2003,00:00,,,29.500,0.000,29.500,162.836,161.836,133.336,28.500,UNK - Unknown,Unknown,Department of Water Resources,Voluntary,8,14,2003
Glenn_01.01.2003-06.21.2013.csv,Glenn,39.7043,-122.0386,W001,2013-09-18 13:29:54,397043N1220386W001,21N02W01F003M,8/21/2003,00:00,,,29.100,0.000,29.100,162.836,161.836,133.736,28.100,UNK - Unknown,Unknown,Department of Water Resources,Voluntary,8,21,2003
Glenn_01.01.2003-06.21.2013.csv,Glenn,39.7043,-122.0386,W001,2013-09-18 13:29:54,397043N1220386W001,21N02W01F003M,9/4/2003,00:00,,,28.100,0.000,28.100,162.836,161.836,134.736,27.100,UNK - Unknown,Unknown,Department of Water Resources,Voluntary,9,4,2003
Glenn_01.01.2003-06.21.2013.csv,Glenn,39.7043,-122.0386,W001,2013-09-18 13:29:54,397043N1220386W001,21N02W01F003M,9/22/2003,00:00,,,28.800,0.000,28.800,162.836,161.836,134.036,27.800,UNK - Unknown,Unknown,Department of Water Resources,Voluntary,9,22,2003
Glenn_01.01.2003-06.21.2013.csv,Glenn,39.7043,-122.0386,W001,2013-09-18 13:29:54,397043N1220386W001,21N02W01F003M,9/25/2003,00:00,,,28.800,0.000,28.800,162.836,161.836,134.036,27.800,UNK - Unknown,Unknown,Department of Water Resources,Voluntary,9,25,2003
Glenn_01.01.2003-06.21.2013.csv,Glenn,39.7043,-122.0386,W001,2013-09-18 13:29:54,397043N1220386W001,21N02W01F003M,10/2/2003,00:00,,,27.000,0.000,27.000,162.836,161.836,135.836,26.000,UNK - Unknown,Unknown,Department of Water Resources,Voluntary,10,2,2003
Glenn_01.01.2003-06.21.2013.csv,Glenn,39.7043,-122.0386,W001,2013-09-18 13:29:54,397043N1220386W001,21N02W01F003M,10/16/2003,00:00,,,27.100,0.000,27.100,162.836,161.836,135.736,26.100,UNK - Unknown,Unknown,Department of Water Resources,Voluntary,10,16,2003
Glenn_01.01.2003-06.21.2013.csv,Glenn,39.7043,-122.0386,W001,2013-09-18 13:29:54,397043N1220386W001,21N02W01F003M,10/9/2003,00:00,,,26.700,0.000,26.700,162.836,161.836,136.136,25.700,UNK - Unknown,Unknown,Department of Water Resources,Voluntary,10,9,2003
Glenn_01.01.2003-06.21.2013.csv,Glenn,39.7043,-122.0386,W001,2013-09-18 13:29:54,397043N1220386W001,21N02W01F003M,10/23/2003,00:00,,,27.600,0.000,27.600,162.836,161.836,135.236,26.600,UNK - Unknown,Unknown,Department of Water Resources,Voluntary,10,23,2003
Glenn_01.01.2003-06.21.2013.csv,Glenn,39.7043,-122.0386,W001,2013-09-18 13:29:54,397043N1220386W001,21N02W01F003M,10/30/2003,00:00,,,26.900,0.000,26.900,162.836,161.836,135.936,25.900,UNK - Unknown,Unknown,Department of Water Resources,Voluntary,10,30,2003
Glenn_01.01.2003-06.21.2013.csv,Glenn,39.7043,-122.0386,W001,2013-09-18 13:29:54,397043N1220386W001,21N02W01F003M,11/25/2003,00:00,,,26.000,0.000,26.000,162.836,161.836,136.836,25.000,UNK - Unknown,Unknown,Department of Water Resources,Voluntary,11,25,2003
Glenn_01.01.2003-06.21.2013.csv,Glenn,39.7043,-122.0386,W001,2013-09-18 13:29:54,397043N1220386W001,21N02W01F003M,11/6/2003,00:00,,,26.300,0.000,26.300,162.836,161.836,136.536,25.300,UNK - Unknown,Unknown,Department of Water Resources,Voluntary,11,6,2003
Glenn_01.01.2003-06.21.2013.csv,Glenn,39.7043,-122.0386,W001,2013-09-18 13:29:54,397043N1220386W001,21N02W01F003M,11/13/2003,00:00,,,26.300,0.000,26.300,162.836,161.836,136.536,25.300,UNK - Unknown,Unknown,Department of Water Resources,Voluntary,11,13,2003
Glenn_01.01.2003-06.21.2013.csv,Glenn,39.7043,-122.0386,W001,2013-09-18 13:29:54,397043N1220386W001,21N02W01F003M,12/9/2003,00:00,,,25.700,0.000,25.700,162.836,161.836,137.136,24.700,UNK - Unknown,Unknown,Department of Water Resources,Voluntary,12,9,2003
Glenn_01.01.2003-06.21.2013.csv,Glenn,39.7043,-122.0386,W001,2013-09-18 13:29:54,397043N1220386W001,21N02W01F003M,3/29/2004,00:00,,,19.800,0.000,19.800,162.836,161.836,143.036,18.800,UNK - Unknown,Unknown,Department of Water Resources,Voluntary,3,29,2004
Glenn_01.01.2003-06.21.2013.csv,Glenn,39.7043,-122.0386,W001,2013-09-18 13:29:54,397043N1220386W001,21N02W01F003M,4/26/2004,00:00,,,23.700,0.000,23.700,162.836,161.836,139.136,22.700,UNK - Unknown,Unknown,Department of Water Resources,Voluntary,4,26,2004
Glenn_01.01.2003-06.21.2013.csv,Glenn,39.7043,-122.0386,W001,2013-09-18 13:29:54,397043N1220386W001,21N02W01F003M,5/21/2004,00:00,,,25.400,0.000,25.400,162.836,161.836,137.436,24.400,UNK - Unknown,Unknown,Department of Water Resources,Voluntary,5,21,2004
Glenn_01.01.2003-06.21.2013.csv,Glenn,39.7043,-122.0386,W001,2013-09-18 13:29:54,397043N1220386W001,21N02W01F003M,2/10/2004,00:00,,,21.600,0.000,21.600,162.836,161.836,141.236,20.600,UNK - Unknown,Unknown,Department of Water Resources,Voluntary,2,10,2004
Glenn_01.01.2003-06.21.2013.csv,Glenn,39.7043,-122.0386,W001,2013-09-18 13:29:54,397043N1220386W001,21N02W01F003M,7/27/2004,00:00,,,29.600,0.000,29.600,162.836,161.836,133.236,28.600,UNK - Unknown,Unknown,Department of Water Resources,Voluntary,7,27,2004
Glenn_01.01.2003-06.21.2013.csv,Glenn,39.7043,-122.0386,W001,2013-09-18 13:29:54,397043N1220386W001,21N02W01F003M,6/21/2004,00:00,,,27.600,0.000,27.600,162.836,161.836,135.236,26.600,UNK - Unknown,Unknown,Department of Water Resources,Voluntary,6,21,2004
Glenn_01.01.2003-06.21.2013.csv,Glenn,39.7043,-122.0386,W001,2013-09-18 13:29:54,397043N1220386W001,21N02W01F003M,8/23/2004,00:00,,,29.600,0.000,29.600,162.836,161.836,133.236,28.600,UNK - Unknown,Unknown,Department of Water Resources,Voluntary,8,23,2004
Glenn_01.01.2003-06.21.2013.csv,Glenn,39.7043,-122.0386,W001,2013-09-18 13:29:54,397043N1220386W001,21N02W01F003M,9/21/2004,00:00,,,27.500,0.000,27.500,162.836,161.836,135.336,26.500,UNK - Unknown,Unknown,Department of Water Resources,Voluntary,9,21,2004
Glenn_01.01.2003-06.21.2013.csv,Glenn,39.7043,-122.0386,W001,2013-09-18 13:29:54,397043N1220386W001,21N02W01F003M,10/20/2004,00:00,,,27.000,0.000,27.000,162.836,161.836,135.836,26.000,UNK - Unknown,Unknown,Department of Water Resources,Voluntary,10,20,2004
Glenn_01.01.2003-06.21.2013.csv,Glenn,39.7043,-122.0386,W001,2013-09-18 13:29:54,397043N1220386W001,21N02W01F003M,11/22/2004,00:00,,,25.500,0.000,25.500,162.836,161.836,137.336,24.500,UNK - Unknown,Unknown,Department of Water Resources,Voluntary,11,22,2004
Glenn_01.01.2003-06.21.2013.csv,Glenn,39.7043,-122.0386,W001,2013-09-18 13:29:54,397043N1220386W001,21N02W01F003M,3/30/2005,00:00,,,20.400,0.000,20.400,162.836,161.836,142.436,19.400,UNK - Unknown,Unknown,Department of Water Resources,Voluntary,3,30,2005
Glenn_01.01.2003-06.21.2013.csv,Glenn,39.7043,-122.0386,W001,2013-09-18 13:29:54,397043N1220386W001,21N02W01F003M,4/29/2005,00:00,,,21.500,0.000,21.500,162.836,161.836,141.336,20.500,UNK - Unknown,Unknown,Department of Water Resources,Voluntary,4,29,2005
Glenn_01.01.2003-06.21.2013.csv,Glenn,39.7043,-122.0386,W001,2013-09-18 13:29:54,397043N1220386W001,21N02W01F003M,5/26/2005,00:00,,,22.400,0.000,22.400,162.836,161.836,140.436,21.400,UNK - Unknown,Unknown,Department of Water Resources,Voluntary,5,26,2005
Glenn_01.01.2003-06.21.2013.csv,Glenn,39.7043,-122.0386,W001,2013-09-18 13:29:54,397043N1220386W001,21N02W01F003M,6/23/2005,00:00,,,24.900,0.000,24.900,162.836,161.836,137.936,23.900,UNK - Unknown,Unknown,Department of Water Resources,Voluntary,6,23,2005
Glenn_01.01.2003-06.21.2013.csv,Glenn,39.7043,-122.0386,W001,2013-09-18 13:29:54,397043N1220386W001,21N02W01F003M,7/29/2005,00:00,,,28.300,0.000,28.300,162.836,161.836,134.536,27.300,UNK - Unknown,Unknown,Department of Water Resources,Voluntary,7,29,2005
Glenn_01.01.2003-06.21.2013.csv,Glenn,39.7043,-122.0386,W001,2013-09-18 13:29:54,397043N1220386W001,21N02W01F003M,8/25/2005,00:00,,,27.400,0.000,27.400,162.836,161.836,135.436,26.400,UNK - Unknown,Unknown,Department of Water Resources,Voluntary,8,25,2005
Glenn_01.01.2003-06.21.2013.csv,Glenn,39.7043,-122.0386,W001,2013-09-18 13:29:54,397043N1220386W001,21N02W01F003M,9/29/2005,00:00,,,27.900,0.000,27.900,162.836,161.836,134.936,26.900,UNK - Unknown,Unknown,Department of Water Resources,Voluntary,9,29,2005
Glenn_01.01.2003-06.21.2013.csv,Glenn,39.7043,-122.0386,W001,2013-09-18 13:29:54,397043N1220386W001,21N02W01F003M,10/20/2005,00:00,,,26.700,0.000,26.700,162.836,161.836,136.136,25.700,UNK - Unknown,Unknown,Department of Water Resources,Voluntary,10,20,2005
Glenn_01.01.2003-06.21.2013.csv,Glenn,39.7043,-122.0386,W001,2013-09-18 13:29:54,397043N1220386W001,21N02W01F003M,3/28/2006,00:00,,,17.600,0.000,17.600,162.836,161.836,145.236,16.600,UNK - Unknown,Unknown,Department of Water Resources,Voluntary,3,28,2006
Glenn_01.01.2003-06.21.2013.csv,Glenn,39.7043,-122.0386,W001,2013-09-18 13:29:54,397043N1220386W001,21N02W01F003M,5/18/2006,00:00,,,22.700,0.000,22.700,162.836,161.836,140.136,21.700,UNK - Unknown,Unknown,Department of Water Resources,Voluntary,5,18,2006
Glenn_01.01.2003-06.21.2013.csv,Glenn,39.7043,-122.0386,W001,2013-09-18 13:29:54,397043N1220386W001,21N02W01F003M,8/3/2006,00:00,,,27.100,0.000,27.100,162.836,161.836,135.736,26.100,UNK - Unknown,Unknown,Department of Water Resources,Voluntary,8,3,2006
Glenn_01.01.2003-06.21.2013.csv,Glenn,39.7043,-122.0386,W001,2013-09-18 13:29:54,397043N1220386W001,21N02W01F003M,10/11/2006,00:00,,,26.300,0.000,26.300,162.836,161.836,136.536,25.300,UNK - Unknown,Unknown,Department of Water Resources,Voluntary,10,11,2006
Glenn_01.01.2003-06.21.2013.csv,Glenn,39.7043,-122.0386,W001,2013-09-18 13:29:54,397043N1220386W001,21N02W01F003M,3/19/2007,00:00,,,24.850,0.000,24.850,162.836,161.836,137.986,23.850,UNK - Unknown,Unknown,Department of Water Resources,Voluntary,3,19,2007
Glenn_01.01.2003-06.21.2013.csv,Glenn,39.7043,-122.0386,W001,2013-09-18 13:29:54,397043N1220386W001,21N02W01F003M,8/8/2007,00:00,,,37.960,0.000,37.960,162.836,161.836,124.876,36.960,UNK - Unknown,Unknown,Department of Water Resources,Voluntary,8,8,2007
Glenn_01.01.2003-06.21.2013.csv,Glenn,39.7043,-122.0386,W001,2013-09-18 13:29:54,397043N1220386W001,21N02W01F003M,10/17/2007,00:00,,,33.950,0.000,33.950,162.836,161.836,128.886,32.950,UNK - Unknown,Unknown,Department of Water Resources,Voluntary,10,17,2007
Glenn_01.01.2003-06.21.2013.csv,Glenn,39.7043,-122.0386,W001,2013-09-18 13:29:54,397043N1220386W001,21N02W01F003M,1/15/2008,00:00,,,32.000,0.000,32.000,162.836,161.836,130.836,31.000,UNK - Unknown,Unknown,Department of Water Resources,Voluntary,1,15,2008
Glenn_01.01.2003-06.21.2013.csv,Glenn,39.7043,-122.0386,W001,2013-09-18 13:29:54,397043N1220386W001,21N02W01F003M,3/12/2008,00:00,,,25.650,0.000,25.650,162.836,161.836,137.186,24.650,UNK - Unknown,Unknown,Department of Water Resources,Voluntary,3,12,2008
Glenn_01.01.2003-06.21.2013.csv,Glenn,39.7043,-122.0386,W001,2013-09-18 13:29:54,397043N1220386W001,21N02W01F003M,7/22/2008,00:00,,,39.540,0.000,39.540,162.836,161.836,123.296,38.540,UNK - Unknown,Unknown,Department of Water Resources,Voluntary,7,22,2008
Glenn_01.01.2003-06.21.2013.csv,Glenn,39.7043,-122.0386,W001,2013-09-18 13:29:54,397043N1220386W001,21N02W01F003M,7/24/2008,00:00,,,40.070,0.000,40.070,162.836,161.836,122.766,39.070,UNK - Unknown,Unknown,Department of Water Resources,Voluntary,7,24,2008
Glenn_01.01.2003-06.21.2013.csv,Glenn,39.7043,-122.0386,W001,2013-09-18 13:29:54,397043N1220386W001,21N02W01F003M,8/4/2008,00:00,,,39.370,0.000,39.370,162.836,161.836,123.466,38.370,UNK - Unknown,Unknown,Department of Water Resources,Voluntary,8,4,2008
Glenn_01.01.2003-06.21.2013.csv,Glenn,39.7043,-122.0386,W001,2013-09-18 13:29:54,397043N1220386W001,21N02W01F003M,10/20/2008,00:00,,,35.880,0.000,35.880,162.836,161.836,126.956,34.880,UNK - Unknown,Unknown,Department of Water Resources,Voluntary,10,20,2008
Glenn_01.01.2003-06.21.2013.csv,Glenn,39.7043,-122.0386,W001,2013-09-18 13:29:54,397043N1220386W001,21N02W01F003M,1/13/2009,00:00,,,32.400,0.000,32.400,162.836,161.836,130.436,31.400,UNK - Unknown,Unknown,Department of Water Resources,Voluntary,1,13,2009
Glenn_01.01.2003-06.21.2013.csv,Glenn,39.7043,-122.0386,W001,2013-09-18 13:29:54,397043N1220386W001,21N02W01F003M,2/2/2009,00:00,,,32.510,0.000,32.510,162.836,161.836,130.326,31.510,UNK - Unknown,Unknown,Department of Water Resources,Voluntary,2,2,2009
Glenn_01.01.2003-06.21.2013.csv,Glenn,39.7043,-122.0386,W001,2013-09-18 13:29:54,397043N1220386W001,21N02W01F003M,3/25/2009,00:00,,,27.200,0.000,27.200,162.836,161.836,135.636,26.200,UNK - Unknown,Unknown,Department of Water Resources,Voluntary,3,25,2009
Glenn_01.01.2003-06.21.2013.csv,Glenn,39.7043,-122.0386,W001,2013-09-18 13:29:54,397043N1220386W001,21N02W01F003M,5/15/2009,00:00,,,36.120,0.000,36.120,162.836,161.836,126.716,35.120,UNK - Unknown,Unknown,Department of Water Resources,Voluntary,5,15,2009
Glenn_01.01.2003-06.21.2013.csv,Glenn,39.7043,-122.0386,W001,2013-09-18 13:29:54,397043N1220386W001,21N02W01F003M,6/24/2009,00:00,,,38.450,0.000,38.450,162.836,161.836,124.386,37.450,UNK - Unknown,Unknown,Department of Water Resources,Voluntary,6,24,2009
Glenn_01.01.2003-06.21.2013.csv,Glenn,39.7043,-122.0386,W001,2013-09-18 13:29:54,397043N1220386W001,21N02W01F003M,8/6/2009,00:00,,,41.810,0.000,41.810,162.836,161.836,121.026,40.810,UNK - Unknown,Unknown,Department of Water Resources,Voluntary,8,6,2009
Glenn_01.01.2003-06.21.2013.csv,Glenn,39.7043,-122.0386,W001,2013-09-18 13:29:54,397043N1220386W001,21N02W01F003M,9/16/2009,00:00,,,40.170,0.000,40.170,162.836,161.836,122.666,39.170,UNK - Unknown,Unknown,Department of Water Resources,Voluntary,9,16,2009
Glenn_01.01.2003-06.21.2013.csv,Glenn,39.7043,-122.0386,W001,2013-09-18 13:29:54,397043N1220386W001,21N02W01F003M,10/23/2009,00:00,,,38.000,0.000,38.000,162.836,161.836,124.836,37.000,UNK - Unknown,Unknown,Department of Water Resources,Voluntary,10,23,2009
Glenn_01.01.2003-06.21.2013.csv,Glenn,39.7043,-122.0386,W001,2013-09-18 13:29:54,397043N1220386W001,21N02W01F003M,3/26/2010,00:00,,,27.070,0.000,27.070,162.836,161.836,135.766,26.070,UNK - Unknown,Unknown,Department of Water Resources,Voluntary,3,26,2010
Glenn_01.01.2003-06.21.2013.csv,Glenn,39.7043,-122.0386,W001,2013-09-18 13:29:54,397043N1220386W001,21N02W01F003M,8/2/2010,00:00,,,37.020,0.000,37.020,162.836,161.836,125.816,36.020,UNK - Unknown,Unknown,Department of Water Resources,Voluntary,8,2,2010
Glenn_01.01.2003-06.21.2013.csv,Glenn,39.7043,-122.0386,W001,2013-09-18 13:29:54,397043N1220386W001,21N02W01F003M,10/20/2010,00:00,,,31.510,0.000,31.510,162.836,161.836,131.326,30.510,UNK - Unknown,Unknown,Department of Water Resources,Voluntary,10,20,2010
Glenn_01.01.2003-06.21.2013.csv,Glenn,39.7043,-122.0386,W001,2013-09-18 13:29:54,397043N1220386W001,21N02W01F003M,1/20/2011,00:00,,,26.300,0.000,26.300,162.836,161.836,136.536,25.300,UNK - Unknown,Unknown,Department of Water Resources,Voluntary,1,20,2011
Glenn_01.01.2003-06.21.2013.csv,Glenn,39.7043,-122.0386,W001,2013-09-18 13:29:54,397043N1220386W001,21N02W01F003M,2/14/2011,00:00,,,26.500,0.000,26.500,162.836,161.836,136.336,25.500,UNK - Unknown,Unknown,Department of Water Resources,Voluntary,2,14,2011
Glenn_01.01.2003-06.21.2013.csv,Glenn,39.7043,-122.0386,W001,2013-09-18 13:29:54,397043N1220386W001,21N02W01F003M,4/5/2011,00:00,,,23.000,0.000,23.000,162.836,161.836,139.836,22.000,UNK - Unknown,Unknown,Department of Water Resources,Voluntary,4,5,2011
Glenn_01.01.2003-06.21.2013.csv,Glenn,39.7043,-122.0386,W001,2013-09-18 13:29:54,397043N1220386W001,21N02W01F003M,8/1/2011,00:00,,,31.870,0.000,31.870,162.836,161.836,130.966,30.870,UNK - Unknown,Unknown,Department of Water Resources,Voluntary,8,1,2011
Glenn_01.01.2003-06.21.2013.csv,Glenn,39.7043,-122.0386,W001,2013-09-18 13:29:54,397043N1220386W001,21N02W01F003M,11/28/2011,00:00,,,27.960,0.000,27.960,162.836,161.836,134.876,26.960,UNK - Unknown,Unknown,Department of Water Resources,Voluntary,11,28,2011
Glenn_01.01.2003-06.21.2013.csv,Glenn,39.7043,-122.0386,W001,2013-09-18 13:29:54,397043N1220386W001,21N02W01F003M,5/23/2013,00:00,,,35.200,0.000,35.200,162.836,161.836,127.636,34.200,ES - Electric sounder measurement,0.1 Ft,Department of Water Resources,Voluntary,5,23,2013
Glenn_01.01.2003-06.21.2013.csv,Glenn,39.7043,-122.0386,W002,2013-09-18 13:29:54,397043N1220386W002,21N02W01F004M,10/11/2011,00:00,,,28.210,0.000,28.210,163.216,161.916,135.006,26.910,ES - Electric sounder measurement,0.01 Ft,Department of Water Resources,CASGEM,10,11,2011
Glenn_01.01.2003-06.21.2013.csv,Glenn,39.7043,-122.0386,W002,2013-09-18 13:29:54,397043N1220386W002,21N02W01F004M,3/29/2012,00:00,,,27.070,0.000,27.070,163.216,161.916,136.146,25.770,ES - Electric sounder measurement,0.01 Ft,Department of Water Resources,CASGEM,3,29,2012
Glenn_01.01.2003-06.21.2013.csv,Glenn,39.7043,-122.0386,W002,2013-09-18 13:29:54,397043N1220386W002,21N02W01F004M,8/2/2012,00:00,,,37.300,0.000,37.300,163.216,161.916,125.916,36.000,ES - Electric sounder measurement,0.01 Ft,Department of Water Resources,CASGEM,8,2,2012
Glenn_01.01.2003-06.21.2013.csv,Glenn,39.7043,-122.0386,W002,2013-09-18 13:29:54,397043N1220386W002,21N02W01F004M,10/16/2012,00:00,,,33.650,0.000,33.650,163.216,161.916,129.566,32.350,ES - Electric sounder measurement,0.01 Ft,Department of Water Resources,CASGEM,10,16,2012
Glenn_01.01.2003-06.21.2013.csv,Glenn,39.7043,-122.0386,W002,2013-09-18 13:29:54,397043N1220386W002,21N02W01F004M,3/21/2013,00:00,,,27.360,0.000,27.360,163.216,161.916,135.856,26.060,ES - Electric sounder measurement,0.01 Ft,Department of Water Resources,CASGEM,3,21,2013
Glenn_01.01.2003-06.21.2013.csv,Glenn,39.7043,-122.0386,W002,2013-09-18 13:29:54,397043N1220386W002,21N02W01F004M,2/18/2003,00:00,,,21.100,0.000,21.100,163.216,161.916,142.116,19.800,UNK - Unknown,Unknown,Department of Water Resources,Voluntary,2,18,2003
Glenn_01.01.2003-06.21.2013.csv,Glenn,39.7043,-122.0386,W002,2013-09-18 13:29:54,397043N1220386W002,21N02W01F004M,3/13/2003,00:00,,,21.100,0.000,21.100,163.216,161.916,142.116,19.800,UNK - Unknown,Unknown,Department of Water Resources,Voluntary,3,13,2003
Glenn_01.01.2003-06.21.2013.csv,Glenn,39.7043,-122.0386,W002,2013-09-18 13:29:54,397043N1220386W002,21N02W01F004M,4/9/2003,00:00,,,21.100,0.000,21.100,163.216,161.916,142.116,19.800,UNK - Unknown,Unknown,Department of Water Resources,Voluntary,4,9,2003
Glenn_01.01.2003-06.21.2013.csv,Glenn,39.7043,-122.0386,W002,2013-09-18 13:29:54,397043N1220386W002,21N02W01F004M,5/28/2003,00:00,,,22.700,0.000,22.700,163.216,161.916,140.516,21.400,UNK - Unknown,Unknown,Department of Water Resources,Voluntary,5,28,2003
Glenn_01.01.2003-06.21.2013.csv,Glenn,39.7043,-122.0386,W002,2013-09-18 13:29:54,397043N1220386W002,21N02W01F004M,6/19/2003,00:00,,,23.900,0.000,23.900,163.216,161.916,139.316,22.600,UNK - Unknown,Unknown,Department of Water Resources,Voluntary,6,19,2003
Glenn_01.01.2003-06.21.2013.csv,Glenn,39.7043,-122.0386,W002,2013-09-18 13:29:54,397043N1220386W002,21N02W01F004M,7/11/2003,00:00,,,25.800,0.000,25.800,163.216,161.916,137.416,24.500,UNK - Unknown,Unknown,Department of Water Resources,Voluntary,7,11,2003
Glenn_01.01.2003-06.21.2013.csv,Glenn,39.7043,-122.0386,W002,2013-09-18 13:29:54,397043N1220386W002,21N02W01F004M,7/18/2003,00:00,,,26.300,0.000,26.300,163.216,161.916,136.916,25.000,UNK - Unknown,Unknown,Department of Water Resources,Voluntary,7,18,2003
Glenn_01.01.2003-06.21.2013.csv,Glenn,39.7043,-122.0386,W002,2013-09-18 13:29:54,397043N1220386W002,21N02W01F004M,7/24/2003,00:00,,,26.500,0.000,26.500,163.216,161.916,136.716,25.200,UNK - Unknown,Unknown,Department of Water Resources,Voluntary,7,24,2003
Glenn_01.01.2003-06.21.2013.csv,Glenn,39.7043,-122.0386,W002,2013-09-18 13:29:54,397043N1220386W002,21N02W01F004M,7/31/2003,00:00,,,26.600,0.000,26.600,163.216,161.916,136.616,25.300,UNK - Unknown,Unknown,Department of Water Resources,Voluntary,7,31,2003
Glenn_01.01.2003-06.21.2013.csv,Glenn,39.7043,-122.0386,W002,2013-09-18 13:29:54,397043N1220386W002,21N02W01F004M,8/26/2003,00:00,,,26.000,0.000,26.000,163.216,161.916,137.216,24.700,UNK - Unknown,Unknown,Department of Water Resources,Voluntary,8,26,2003
Glenn_01.01.2003-06.21.2013.csv,Glenn,39.7043,-122.0386,W002,2013-09-18 13:29:54,397043N1220386W002,21N02W01F004M,8/7/2003,00:00,,,26.400,0.000,26.400,163.216,161.916,136.816,25.100,UNK - Unknown,Unknown,Department of Water Resources,Voluntary,8,7,2003
Glenn_01.01.2003-06.21.2013.csv,Glenn,39.7043,-122.0386,W002,2013-09-18 13:29:54,397043N1220386W002,21N02W01F004M,8/14/2003,00:00,,,26.400,0.000,26.400,163.216,161.916,136.816,25.100,UNK - Unknown,Unknown,Department of Water Resources,Voluntary,8,14,2003
Glenn_01.01.2003-06.21.2013.csv,Glenn,39.7043,-122.0386,W002,2013-09-18 13:29:54,397043N1220386W002,21N02W01F004M,8/21/2003,00:00,,,26.200,0.000,26.200,163.216,161.916,137.016,24.900,UNK - Unknown,Unknown,Department of Water Resources,Voluntary,8,21,2003
Glenn_01.01.2003-06.21.2013.csv,Glenn,39.7043,-122.0386,W002,2013-09-18 13:29:54,397043N1220386W002,21N02W01F004M,9/4/2003,00:00,,,26.000,0.000,26.000,163.216,161.916,137.216,24.700,UNK - Unknown,Unknown,Department of Water Resources,Voluntary,9,4,2003
Glenn_01.01.2003-06.21.2013.csv,Glenn,39.7043,-122.0386,W002,2013-09-18 13:29:54,397043N1220386W002,21N02W01F004M,9/22/2003,00:00,,,25.900,0.000,25.900,163.216,161.916,137.316,24.600,UNK - Unknown,Unknown,Department of Water Resources,Voluntary,9,22,2003
Glenn_01.01.2003-06.21.2013.csv,Glenn,39.7043,-122.0386,W002,2013-09-18 13:29:54,397043N1220386W002,21N02W01F004M,9/25/2003,00:00,,,25.900,0.000,25.900,163.216,161.916,137.316,24.600,UNK - Unknown,Unknown,Department of Water Resources,Voluntary,9,25,2003
Glenn_01.01.2003-06.21.2013.csv,Glenn,39.7043,-122.0386,W002,2013-09-18 13:29:54,397043N1220386W002,21N02W01F004M,10/2/2003,00:00,,,25.500,0.000,25.500,163.216,161.916,137.716,24.200,UNK - Unknown,Unknown,Department of Water Resources,Voluntary,10,2,2003
Glenn_01.01.2003-06.21.2013.csv,Glenn,39.7043,-122.0386,W002,2013-09-18 13:29:54,397043N1220386W002,21N02W01F004M,10/16/2003,00:00,,,25.400,0.000,25.400,163.216,161.916,137.816,24.100,UNK - Unknown,Unknown,Department of Water Resources,Voluntary,10,16,2003
Glenn_01.01.2003-06.21.2013.csv,Glenn,39.7043,-122.0386,W002,2013-09-18 13:29:54,397043N1220386W002,21N02W01F004M,10/9/2003,00:00,,,25.200,0.000,25.200,163.216,161.916,138.016,23.900,UNK - Unknown,Unknown,Department of Water Resources,Voluntary,10,9,2003
Glenn_01.01.2003-06.21.2013.csv,Glenn,39.7043,-122.0386,W002,2013-09-18 13:29:54,397043N1220386W002,21N02W01F004M,10/23/2003,00:00,,,25.700,0.000,25.700,163.216,161.916,137.516,24.400,UNK - Unknown,Unknown,Department of Water Resources,Voluntary,10,23,2003
Glenn_01.01.2003-06.21.2013.csv,Glenn,39.7043,-122.0386,W002,2013-09-18 13:29:54,397043N1220386W002,21N02W01F004M,10/30/2003,00:00,,,25.700,0.000,25.700,163.216,161.916,137.516,24.400,UNK - Unknown,Unknown,Department of Water Resources,Voluntary,10,30,2003
Glenn_01.01.2003-06.21.2013.csv,Glenn,39.7043,-122.0386,W002,2013-09-18 13:29:54,397043N1220386W002,21N02W01F004M,11/25/2003,00:00,,,25.400,0.000,25.400,163.216,161.916,137.816,24.100,UNK - Unknown,Unknown,Department of Water Resources,Voluntary,11,25,2003
Glenn_01.01.2003-06.21.2013.csv,Glenn,39.7043,-122.0386,W002,2013-09-18 13:29:54,397043N1220386W002,21N02W01F004M,11/6/2003,00:00,,,25.600,0.000,25.600,163.216,161.916,137.616,24.300,UNK - Unknown,Unknown,Department of Water Resources,Voluntary,11,6,2003
Glenn_01.01.2003-06.21.2013.csv,Glenn,39.7043,-122.0386,W002,2013-09-18 13:29:54,397043N1220386W002,21N02W01F004M,11/13/2003,00:00,,,25.500,0.000,25.500,163.216,161.916,137.716,24.200,UNK - Unknown,Unknown,Department of Water Resources,Voluntary,11,13,2003
Glenn_01.01.2003-06.21.2013.csv,Glenn,39.7043,-122.0386,W002,2013-09-18 13:29:54,397043N1220386W002,21N02W01F004M,12/9/2003,00:00,,,25.200,0.000,25.200,163.216,161.916,138.016,23.900,UNK - Unknown,Unknown,Department of Water Resources,Voluntary,12,9,2003
Glenn_01.01.2003-06.21.2013.csv,Glenn,39.7043,-122.0386,W002,2013-09-18 13:29:54,397043N1220386W002,21N02W01F004M,3/29/2004,00:00,,,18.300,0.000,18.300,163.216,161.916,144.916,17.000,UNK - Unknown,Unknown,Department of Water Resources,Voluntary,3,29,2004
Glenn_01.01.2003-06.21.2013.csv,Glenn,39.7043,-122.0386,W002,2013-09-18 13:29:54,397043N1220386W002,21N02W01F004M,4/26/2004,00:00,,,20.900,0.000,20.900,163.216,161.916,142.316,19.600,UNK - Unknown,Unknown,Department of Water Resources,Voluntary,4,26,2004
Glenn_01.01.2003-06.21.2013.csv,Glenn,39.7043,-122.0386,W002,2013-09-18 13:29:54,397043N1220386W002,21N02W01F004M,5/21/2004,00:00,,,22.200,0.000,22.200,163.216,161.916,141.016,20.900,UNK - Unknown,Unknown,Department of Water Resources,Voluntary,5,21,2004
Glenn_01.01.2003-06.21.2013.csv,Glenn,39.7043,-122.0386,W002,2013-09-18 13:29:54,397043N1220386W002,21N02W01F004M,2/10/2004,00:00,,,20.800,0.000,20.800,163.216,161.916,142.416,19.500,UNK - Unknown,Unknown,Department of Water Resources,Voluntary,2,10,2004
Glenn_01.01.2003-06.21.2013.csv,Glenn,39.7043,-122.0386,W002,2013-09-18 13:29:54,397043N1220386W002,21N02W01F004M,7/27/2004,00:00,,,26.500,0.000,26.500,163.216,161.916,136.716,25.200,UNK - Unknown,Unknown,Department of Water Resources,Voluntary,7,27,2004
Glenn_01.01.2003-06.21.2013.csv,Glenn,39.7043,-122.0386,W002,2013-09-18 13:29:54,397043N1220386W002,21N02W01F004M,6/21/2004,00:00,,,24.400,0.000,24.400,163.216,161.916,138.816,23.100,UNK - Unknown,Unknown,Department of Water Resources,Voluntary,6,21,2004
Glenn_01.01.2003-06.21.2013.csv,Glenn,39.7043,-122.0386,W002,2013-09-18 13:29:54,397043N1220386W002,21N02W01F004M,8/23/2004,00:00,,,26.600,0.000,26.600,163.216,161.916,136.616,25.300,UNK - Unknown,Unknown,Department of Water Resources,Voluntary,8,23,2004
Glenn_01.01.2003-06.21.2013.csv,Glenn,39.7043,-122.0386,W002,2013-09-18 13:29:54,397043N1220386W002,21N02W01F004M,9/21/2004,00:00,,,26.300,0.000,26.300,163.216,161.916,136.916,25.000,UNK - Unknown,Unknown,Department of Water Resources,Voluntary,9,21,2004
Glenn_01.01.2003-06.21.2013.csv,Glenn,39.7043,-122.0386,W002,2013-09-18 13:29:54,397043N1220386W002,21N02W01F004M,10/20/2004,00:00,,,26.300,0.000,26.300,163.216,161.916,136.916,25.000,UNK - Unknown,Unknown,Department of Water Resources,Voluntary,10,20,2004
Glenn_01.01.2003-06.21.2013.csv,Glenn,39.7043,-122.0386,W002,2013-09-18 13:29:54,397043N1220386W002,21N02W01F004M,11/22/2004,00:00,,,25.100,0.000,25.100,163.216,161.916,138.116,23.800,UNK - Unknown,Unknown,Department of Water Resources,Voluntary,11,22,2004
Glenn_01.01.2003-06.21.2013.csv,Glenn,39.7043,-122.0386,W002,2013-09-18 13:29:54,397043N1220386W002,21N02W01F004M,3/30/2005,00:00,,,19.700,0.000,19.700,163.216,161.916,143.516,18.400,UNK - Unknown,Unknown,Department of Water Resources,Voluntary,3,30,2005
Glenn_01.01.2003-06.21.2013.csv,Glenn,39.7043,-122.0386,W002,2013-09-18 13:29:54,397043N1220386W002,21N02W01F004M,4/29/2005,00:00,,,20.400,0.000,20.400,163.216,161.916,142.816,19.100,UNK - Unknown,Unknown,Department of Water Resources,Voluntary,4,29,2005
Glenn_01.01.2003-06.21.2013.csv,Glenn,39.7043,-122.0386,W002,2013-09-18 13:29:54,397043N1220386W002,21N02W01F004M,5/26/2005,00:00,,,20.400,0.000,20.400,163.216,161.916,142.816,19.100,UNK - Unknown,Unknown,Department of Water Resources,Voluntary,5,26,2005
Glenn_01.01.2003-06.21.2013.csv,Glenn,39.7043,-122.0386,W002,2013-09-18 13:29:54,397043N1220386W002,21N02W01F004M,6/23/2005,00:00,,,22.600,0.000,22.600,163.216,161.916,140.616,21.300,UNK - Unknown,Unknown,Department of Water Resources,Voluntary,6,23,2005
Glenn_01.01.2003-06.21.2013.csv,Glenn,39.7043,-122.0386,W002,2013-09-18 13:29:54,397043N1220386W002,21N02W01F004M,7/29/2005,00:00,,,25.400,0.000,25.400,163.216,161.916,137.816,24.100,UNK - Unknown,Unknown,Department of Water Resources,Voluntary,7,29,2005
Glenn_01.01.2003-06.21.2013.csv,Glenn,39.7043,-122.0386,W002,2013-09-18 13:29:54,397043N1220386W002,21N02W01F004M,8/25/2005,00:00,,,26.100,0.000,26.100,163.216,161.916,137.116,24.800,UNK - Unknown,Unknown,Department of Water Resources,Voluntary,8,25,2005
Glenn_01.01.2003-06.21.2013.csv,Glenn,39.7043,-122.0386,W002,2013-09-18 13:29:54,397043N1220386W002,21N02W01F004M,9/29/2005,00:00,,,26.400,0.000,26.400,163.216,161.916,136.816,25.100,UNK - Unknown,Unknown,Department of Water Resources,Voluntary,9,29,2005
Glenn_01.01.2003-06.21.2013.csv,Glenn,39.7043,-122.0386,W002,2013-09-18 13:29:54,397043N1220386W002,21N02W01F004M,10/20/2005,00:00,,,25.800,0.000,25.800,163.216,161.916,137.416,24.500,UNK - Unknown,Unknown,Department of Water Resources,Voluntary,10,20,2005
Glenn_01.01.2003-06.21.2013.csv,Glenn,39.7043,-122.0386,W002,2013-09-18 13:29:54,397043N1220386W002,21N02W01F004M,3/28/2006,00:00,,,16.900,0.000,16.900,163.216,161.916,146.316,15.600,UNK - Unknown,Unknown,Department of Water Resources,Voluntary,3,28,2006
Glenn_01.01.2003-06.21.2013.csv,Glenn,39.7043,-122.0386,W002,2013-09-18 13:29:54,397043N1220386W002,21N02W01F004M,5/18/2006,00:00,,,17.900,0.000,17.900,163.216,161.916,145.316,16.600,UNK - Unknown,Unknown,Department of Water Resources,Voluntary,5,18,2006
Glenn_01.01.2003-06.21.2013.csv,Glenn,39.7043,-122.0386,W002,2013-09-18 13:29:54,397043N1220386W002,21N02W01F004M,8/3/2006,00:00,,,23.500,0.000,23.500,163.216,161.916,139.716,22.200,UNK - Unknown,Unknown,Department of Water Resources,Voluntary,8,3,2006
Glenn_01.01.2003-06.21.2013.csv,Glenn,39.7043,-122.0386,W002,2013-09-18 13:29:54,397043N1220386W002,21N02W01F004M,10/11/2006,00:00,,,24.900,0.000,24.900,163.216,161.916,138.316,23.600,UNK - Unknown,Unknown,Department of Water Resources,Voluntary,10,11,2006
Glenn_01.01.2003-06.21.2013.csv,Glenn,39.7043,-122.0386,W002,2013-09-18 13:29:54,397043N1220386W002,21N02W01F004M,3/19/2007,00:00,,,23.980,0.000,23.980,163.216,161.916,139.236,22.680,UNK - Unknown,Unknown,Department of Water Resources,Voluntary,3,19,2007
Glenn_01.01.2003-06.21.2013.csv,Glenn,39.7043,-122.0386,W002,2013-09-18 13:29:54,397043N1220386W002,21N02W01F004M,8/8/2007,00:00,,,34.170,0.000,34.170,163.216,161.916,129.046,32.870,UNK - Unknown,Unknown,Department of Water Resources,Voluntary,8,8,2007
Glenn_01.01.2003-06.21.2013.csv,Glenn,39.7043,-122.0386,W002,2013-09-18 13:29:54,397043N1220386W002,21N02W01F004M,10/17/2007,00:00,,,33.730,0.000,33.730,163.216,161.916,129.486,32.430,UNK - Unknown,Unknown,Department of Water Resources,Voluntary,10,17,2007
Glenn_01.01.2003-06.21.2013.csv,Glenn,39.7043,-122.0386,W002,2013-09-18 13:29:54,397043N1220386W002,21N02W01F004M,1/15/2008,00:00,,,31.440,0.000,31.440,163.216,161.916,131.776,30.140,UNK - Unknown,Unknown,Department of Water Resources,Voluntary,1,15,2008
Glenn_01.01.2003-06.21.2013.csv,Glenn,39.7043,-122.0386,W002,2013-09-18 13:29:54,397043N1220386W002,21N02W01F004M,3/12/2008,00:00,,,25.100,0.000,25.100,163.216,161.916,138.116,23.800,UNK - Unknown,Unknown,Department of Water Resources,Voluntary,3,12,2008
Glenn_01.01.2003-06.21.2013.csv,Glenn,39.7043,-122.0386,W002,2013-09-18 13:29:54,397043N1220386W002,21N02W01F004M,7/22/2008,00:00,,,36.060,0.000,36.060,163.216,161.916,127.156,34.760,UNK - Unknown,Unknown,Department of Water Resources,Voluntary,7,22,2008
Glenn_01.01.2003-06.21.2013.csv,Glenn,39.7043,-122.0386,W002,2013-09-18 13:29:54,397043N1220386W002,21N02W01F004M,8/4/2008,00:00,,,36.240,0.000,36.240,163.216,161.916,126.976,34.940,UNK - Unknown,Unknown,Department of Water Resources,Voluntary,8,4,2008
Glenn_01.01.2003-06.21.2013.csv,Glenn,39.7043,-122.0386,W002,2013-09-18 13:29:54,397043N1220386W002,21N02W01F004M,10/20/2008,00:00,,,34.770,0.000,34.770,163.216,161.916,128.446,33.470,UNK - Unknown,Unknown,Department of Water Resources,Voluntary,10,20,2008
Glenn_01.01.2003-06.21.2013.csv,Glenn,39.7043,-122.0386,W002,2013-09-18 13:29:54,397043N1220386W002,21N02W01F004M,1/13/2009,00:00,,,31.910,0.000,31.910,163.216,161.916,131.306,30.610,UNK - Unknown,Unknown,Department of Water Resources,Voluntary,1,13,2009
Glenn_01.01.2003-06.21.2013.csv,Glenn,39.7043,-122.0386,W002,2013-09-18 13:29:54,397043N1220386W002,21N02W01F004M,2/2/2009,00:00,,,32.230,0.000,32.230,163.216,161.916,130.986,30.930,UNK - Unknown,Unknown,Department of Water Resources,Voluntary,2,2,2009
Glenn_01.01.2003-06.21.2013.csv,Glenn,39.7043,-122.0386,W002,2013-09-18 13:29:54,397043N1220386W002,21N02W01F004M,3/25/2009,00:00,,,26.840,0.000,26.840,163.216,161.916,136.376,25.540,UNK - Unknown,Unknown,Department of Water Resources,Voluntary,3,25,2009
Glenn_01.01.2003-06.21.2013.csv,Glenn,39.7043,-122.0386,W002,2013-09-18 13:29:54,397043N1220386W002,21N02W01F004M,5/15/2009,00:00,,,31.830,0.000,31.830,163.216,161.916,131.386,30.530,UNK - Unknown,Unknown,Department of Water Resources,Voluntary,5,15,2009
Glenn_01.01.2003-06.21.2013.csv,Glenn,39.7043,-122.0386,W002,2013-09-18 13:29:54,397043N1220386W002,21N02W01F004M,6/24/2009,00:00,,,35.800,0.000,35.800,163.216,161.916,127.416,34.500,UNK - Unknown,Unknown,Department of Water Resources,Voluntary,6,24,2009
Glenn_01.01.2003-06.21.2013.csv,Glenn,39.7043,-122.0386,W002,2013-09-18 13:29:54,397043N1220386W002,21N02W01F004M,8/6/2009,00:00,,,39.340,0.000,39.340,163.216,161.916,123.876,38.040,UNK - Unknown,Unknown,Department of Water Resources,Voluntary,8,6,2009
Glenn_01.01.2003-06.21.2013.csv,Glenn,39.7043,-122.0386,W002,2013-09-18 13:29:54,397043N1220386W002,21N02W01F004M,9/16/2009,00:00,,,38.960,0.000,38.960,163.216,161.916,124.256,37.660,UNK - Unknown,Unknown,Department of Water Resources,Voluntary,9,16,2009
Glenn_01.01.2003-06.21.2013.csv,Glenn,39.7043,-122.0386,W002,2013-09-18 13:29:54,397043N1220386W002,21N02W01F004M,10/23/2009,00:00,,,37.980,0.000,37.980,163.216,161.916,125.236,36.680,UNK - Unknown,Unknown,Department of Water Resources,Voluntary,10,23,2009
Glenn_01.01.2003-06.21.2013.csv,Glenn,39.7043,-122.0386,W002,2013-09-18 13:29:54,397043N1220386W002,21N02W01F004M,3/26/2010,00:00,,,26.640,0.000,26.640,163.216,161.916,136.576,25.340,UNK - Unknown,Unknown,Department of Water Resources,Voluntary,3,26,2010
Glenn_01.01.2003-06.21.2013.csv,Glenn,39.7043,-122.0386,W002,2013-09-18 13:29:54,397043N1220386W002,21N02W01F004M,8/2/2010,00:00,,,34.480,0.000,34.480,163.216,161.916,128.736,33.180,UNK - Unknown,Unknown,Department of Water Resources,Voluntary,8,2,2010
Glenn_01.01.2003-06.21.2013.csv,Glenn,39.7043,-122.0386,W002,2013-09-18 13:29:54,397043N1220386W002,21N02W01F004M,10/20/2010,00:00,,,31.020,0.000,31.020,163.216,161.916,132.196,29.720,UNK - Unknown,Unknown,Department of Water Resources,Voluntary,10,20,2010
Glenn_01.01.2003-06.21.2013.csv,Glenn,39.7043,-122.0386,W002,2013-09-18 13:29:54,397043N1220386W002,21N02W01F004M,1/20/2011,00:00,,,25.950,0.000,25.950,163.216,161.916,137.266,24.650,UNK - Unknown,Unknown,Department of Water Resources,Voluntary,1,20,2011
Glenn_01.01.2003-06.21.2013.csv,Glenn,39.7043,-122.0386,W002,2013-09-18 13:29:54,397043N1220386W002,21N02W01F004M,2/14/2011,00:00,,,26.050,0.000,26.050,163.216,161.916,137.166,24.750,UNK - Unknown,Unknown,Department of Water Resources,Voluntary,2,14,2011
Glenn_01.01.2003-06.21.2013.csv,Glenn,39.7043,-122.0386,W002,2013-09-18 13:29:54,397043N1220386W002,21N02W01F004M,4/5/2011,00:00,,,22.680,0.000,22.680,163.216,161.916,140.536,21.380,UNK - Unknown,Unknown,Department of Water Resources,Voluntary,4,5,2011
Glenn_01.01.2003-06.21.2013.csv,Glenn,39.7043,-122.0386,W002,2013-09-18 13:29:54,397043N1220386W002,21N02W01F004M,8/1/2011,00:00,,,29.870,0.000,29.870,163.216,161.916,133.346,28.570,UNK - Unknown,Unknown,Department of Water Resources,Voluntary,8,1,2011
Glenn_01.01.2003-06.21.2013.csv,Glenn,39.7043,-122.0386,W002,2013-09-18 13:29:54,397043N1220386W002,21N02W01F004M,11/28/2011,00:00,,,27.620,0.000,27.620,163.216,161.916,135.596,26.320,UNK - Unknown,Unknown,Department of Water Resources,Voluntary,11,28,2011
Glenn_01.01.2003-06.21.2013.csv,Glenn,39.7043,-122.0386,W002,2013-09-18 13:29:54,397043N1220386W002,21N02W01F004M,5/23/2013,00:00,,,33.400,0.000,33.400,163.216,161.916,129.816,32.100,ES - Electric sounder measurement,0.1 Ft,Department of Water Resources,Voluntary,5,23,2013
Glenn_01.01.2003-06.21.2013.csv,Glenn,39.7043,-122.0387,W001,2013-09-18 13:29:54,397043N1220387W001,21N02W01F001M,10/11/2011,00:00,,,44.720,0.000,44.720,162.131,160.881,117.411,43.470,ES - Electric sounder measurement,0.01 Ft,Department of Water Resources,CASGEM,10,11,2011
Glenn_01.01.2003-06.21.2013.csv,Glenn,39.7043,-122.0387,W001,2013-09-18 13:29:54,397043N1220387W001,21N02W01F001M,3/29/2012,00:00,,,31.250,0.000,31.250,162.131,160.881,130.881,30.000,ES - Electric sounder measurement,0.01 Ft,Department of Water Resources,CASGEM,3,29,2012
Glenn_01.01.2003-06.21.2013.csv,Glenn,39.7043,-122.0387,W001,2013-09-18 13:29:54,397043N1220387W001,21N02W01F001M,8/2/2012,00:00,,,55.070,0.000,55.070,162.131,160.881,107.061,53.820,ES - Electric sounder measurement,0.01 Ft,Department of Water Resources,CASGEM,8,2,2012
Glenn_01.01.2003-06.21.2013.csv,Glenn,39.7043,-122.0387,W001,2013-09-18 13:29:54,397043N1220387W001,21N02W01F001M,10/16/2012,00:00,,,44.960,0.000,44.960,162.131,160.881,117.171,43.710,ES - Electric sounder measurement,0.01 Ft,Department of Water Resources,CASGEM,10,16,2012
Glenn_01.01.2003-06.21.2013.csv,Glenn,39.7043,-122.0387,W001,2013-09-18 13:29:54,397043N1220387W001,21N02W01F001M,3/21/2013,00:00,,,30.850,0.000,30.850,162.131,160.881,131.281,29.600,ES - Electric sounder measurement,0.01 Ft,Department of Water Resources,CASGEM,3,21,2013
Glenn_01.01.2003-06.21.2013.csv,Glenn,39.7043,-122.0387,W001,2013-09-18 13:29:54,397043N1220387W001,21N02W01F001M,2/18/2003,00:00,,,25.000,0.000,25.000,162.131,160.881,137.131,23.750,UNK - Unknown,Unknown,Department of Water Resources,Voluntary,2,18,2003
Glenn_01.01.2003-06.21.2013.csv,Glenn,39.7043,-122.0387,W001,2013-09-18 13:29:54,397043N1220387W001,21N02W01F001M,3/13/2003,00:00,,,24.800,0.000,24.800,162.131,160.881,137.331,23.550,UNK - Unknown,Unknown,Department of Water Resources,Voluntary,3,13,2003
Glenn_01.01.2003-06.21.2013.csv,Glenn,39.7043,-122.0387,W001,2013-09-18 13:29:54,397043N1220387W001,21N02W01F001M,4/9/2003,00:00,,,25.100,0.000,25.100,162.131,160.881,137.031,23.850,UNK - Unknown,Unknown,Department of Water Resources,Voluntary,4,9,2003
Glenn_01.01.2003-06.21.2013.csv,Glenn,39.7043,-122.0387,W001,2013-09-18 13:29:54,397043N1220387W001,21N02W01F001M,5/28/2003,00:00,,,28.300,0.000,28.300,162.131,160.881,133.831,27.050,UNK - Unknown,Unknown,Department of Water Resources,Voluntary,5,28,2003
Glenn_01.01.2003-06.21.2013.csv,Glenn,39.7043,-122.0387,W001,2013-09-18 13:29:54,397043N1220387W001,21N02W01F001M,6/19/2003,00:00,,,36.100,0.000,36.100,162.131,160.881,126.031,34.850,UNK - Unknown,Unknown,Department of Water Resources,Voluntary,6,19,2003
Glenn_01.01.2003-06.21.2013.csv,Glenn,39.7043,-122.0387,W001,2013-09-18 13:29:54,397043N1220387W001,21N02W01F001M,7/11/2003,00:00,,,41.300,0.000,41.300,162.131,160.881,120.831,40.050,UNK - Unknown,Unknown,Department of Water Resources,Voluntary,7,11,2003
Glenn_01.01.2003-06.21.2013.csv,Glenn,39.7043,-122.0387,W001,2013-09-18 13:29:54,397043N1220387W001,21N02W01F001M,7/18/2003,00:00,,,42.700,0.000,42.700,162.131,160.881,119.431,41.450,UNK - Unknown,Unknown,Department of Water Resources,Voluntary,7,18,2003
Glenn_01.01.2003-06.21.2013.csv,Glenn,39.7043,-122.0387,W001,2013-09-18 13:29:54,397043N1220387W001,21N02W01F001M,7/24/2003,00:00,,,43.800,0.000,43.800,162.131,160.881,118.331,42.550,UNK - Unknown,Unknown,Department of Water Resources,Voluntary,7,24,2003
Glenn_01.01.2003-06.21.2013.csv,Glenn,39.7043,-122.0387,W001,2013-09-18 13:29:54,397043N1220387W001,21N02W01F001M,7/31/2003,00:00,,,44.700,0.000,44.700,162.131,160.881,117.431,43.450,UNK - Unknown,Unknown,Department of Water Resources,Voluntary,7,31,2003
Glenn_01.01.2003-06.21.2013.csv,Glenn,39.7043,-122.0387,W001,2013-09-18 13:29:54,397043N1220387W001,21N02W01F001M,8/26/2003,00:00,,,43.200,0.000,43.200,162.131,160.881,118.931,41.950,UNK - Unknown,Unknown,Department of Water Resources,Voluntary,8,26,2003
Glenn_01.01.2003-06.21.2013.csv,Glenn,39.7043,-122.0387,W001,2013-09-18 13:29:54,397043N1220387W001,21N02W01F001M,8/7/2003,00:00,,,44.900,0.000,44.900,162.131,160.881,117.231,43.650,UNK - Unknown,Unknown,Department of Water Resources,Voluntary,8,7,2003
Glenn_01.01.2003-06.21.2013.csv,Glenn,39.7043,-122.0387,W001,2013-09-18 13:29:54,397043N1220387W001,21N02W01F001M,8/14/2003,00:00,,,44.700,0.000,44.700,162.131,160.881,117.431,43.450,UNK - Unknown,Unknown,Department of Water Resources,Voluntary,8,14,2003
Glenn_01.01.2003-06.21.2013.csv,Glenn,39.7043,-122.0387,W001,2013-09-18 13:29:54,397043N1220387W001,21N02W01F001M,8/21/2003,00:00,,,44.100,0.000,44.100,162.131,160.881,118.031,42.850,UNK - Unknown,Unknown,Department of Water Resources,Voluntary,8,21,2003
Glenn_01.01.2003-06.21.2013.csv,Glenn,39.7043,-122.0387,W001,2013-09-18 13:29:54,397043N1220387W001,21N02W01F001M,9/4/2003,00:00,,,42.300,0.000,42.300,162.131,160.881,119.831,41.050,UNK - Unknown,Unknown,Department of Water Resources,Voluntary,9,4,2003
Glenn_01.01.2003-06.21.2013.csv,Glenn,39.7043,-122.0387,W001,2013-09-18 13:29:54,397043N1220387W001,21N02W01F001M,9/22/2003,00:00,,,39.900,0.000,39.900,162.131,160.881,122.231,38.650,UNK - Unknown,Unknown,Department of Water Resources,Voluntary,9,22,2003
Glenn_01.01.2003-06.21.2013.csv,Glenn,39.7043,-122.0387,W001,2013-09-18 13:29:54,397043N1220387W001,21N02W01F001M,9/25/2003,00:00,,,39.800,0.000,39.800,162.131,160.881,122.331,38.550,UNK - Unknown,Unknown,Department of Water Resources,Voluntary,9,25,2003
Glenn_01.01.2003-06.21.2013.csv,Glenn,39.7043,-122.0387,W001,2013-09-18 13:29:54,397043N1220387W001,21N02W01F001M,10/2/2003,00:00,,,39.800,0.000,39.800,162.131,160.881,122.331,38.550,UNK - Unknown,Unknown,Department of Water Resources,Voluntary,10,2,2003
Glenn_01.01.2003-06.21.2013.csv,Glenn,39.7043,-122.0387,W001,2013-09-18 13:29:54,397043N1220387W001,21N02W01F001M,10/16/2003,00:00,,,37.240,0.000,37.240,162.131,160.881,124.891,35.990,UNK - Unknown,Unknown,Department of Water Resources,Voluntary,10,16,2003
Glenn_01.01.2003-06.21.2013.csv,Glenn,39.7043,-122.0387,W001,2013-09-18 13:29:54,397043N1220387W001,21N02W01F001M,10/9/2003,00:00,,,38.600,0.000,38.600,162.131,160.881,123.531,37.350,UNK - Unknown,Unknown,Department of Water Resources,Voluntary,10,9,2003
Glenn_01.01.2003-06.21.2013.csv,Glenn,39.7043,-122.0387,W001,2013-09-18 13:29:54,397043N1220387W001,21N02W01F001M,10/23/2003,00:00,,,36.500,0.000,36.500,162.131,160.881,125.631,35.250,UNK - Unknown,Unknown,Department of Water Resources,Voluntary,10,23,2003
Glenn_01.01.2003-06.21.2013.csv,Glenn,39.7043,-122.0387,W001,2013-09-18 13:29:54,397043N1220387W001,21N02W01F001M,10/30/2003,00:00,,,35.600,0.000,35.600,162.131,160.881,126.531,34.350,UNK - Unknown,Unknown,Department of Water Resources,Voluntary,10,30,2003
Glenn_01.01.2003-06.21.2013.csv,Glenn,39.7043,-122.0387,W001,2013-09-18 13:29:54,397043N1220387W001,21N02W01F001M,11/25/2003,00:00,,,31.900,0.000,31.900,162.131,160.881,130.231,30.650,UNK - Unknown,Unknown,Department of Water Resources,Voluntary,11,25,2003
Glenn_01.01.2003-06.21.2013.csv,Glenn,39.7043,-122.0387,W001,2013-09-18 13:29:54,397043N1220387W001,21N02W01F001M,11/6/2003,00:00,,,34.700,0.000,34.700,162.131,160.881,127.431,33.450,UNK - Unknown,Unknown,Department of Water Resources,Voluntary,11,6,2003
Glenn_01.01.2003-06.21.2013.csv,Glenn,39.7043,-122.0387,W001,2013-09-18 13:29:54,397043N1220387W001,21N02W01F001M,11/13/2003,00:00,,,34.400,0.000,34.400,162.131,160.881,127.731,33.150,UNK - Unknown,Unknown,Department of Water Resources,Voluntary,11,13,2003
Glenn_01.01.2003-06.21.2013.csv,Glenn,39.7043,-122.0387,W001,2013-09-18 13:29:54,397043N1220387W001,21N02W01F001M,12/9/2003,00:00,,,30.600,0.000,30.600,162.131,160.881,131.531,29.350,UNK - Unknown,Unknown,Department of Water Resources,Voluntary,12,9,2003
Glenn_01.01.2003-06.21.2013.csv,Glenn,39.7043,-122.0387,W001,2013-09-18 13:29:54,397043N1220387W001,21N02W01F001M,3/29/2004,00:00,,,22.800,0.000,22.800,162.131,160.881,139.331,21.550,UNK - Unknown,Unknown,Department of Water Resources,Voluntary,3,29,2004
Glenn_01.01.2003-06.21.2013.csv,Glenn,39.7043,-122.0387,W001,2013-09-18 13:29:54,397043N1220387W001,21N02W01F001M,4/26/2004,00:00,,,28.100,0.000,28.100,162.131,160.881,134.031,26.850,UNK - Unknown,Unknown,Department of Water Resources,Voluntary,4,26,2004
Glenn_01.01.2003-06.21.2013.csv,Glenn,39.7043,-122.0387,W001,2013-09-18 13:29:54,397043N1220387W001,21N02W01F001M,5/21/2004,00:00,,,34.900,0.000,34.900,162.131,160.881,127.231,33.650,UNK - Unknown,Unknown,Department of Water Resources,Voluntary,5,21,2004
Glenn_01.01.2003-06.21.2013.csv,Glenn,39.7043,-122.0387,W001,2013-09-18 13:29:54,397043N1220387W001,21N02W01F001M,2/10/2004,00:00,,,25.400,0.000,25.400,162.131,160.881,136.731,24.150,UNK - Unknown,Unknown,Department of Water Resources,Voluntary,2,10,2004
Glenn_01.01.2003-06.21.2013.csv,Glenn,39.7043,-122.0387,W001,2013-09-18 13:29:54,397043N1220387W001,21N02W01F001M,7/27/2004,00:00,,,46.400,0.000,46.400,162.131,160.881,115.731,45.150,UNK - Unknown,Unknown,Department of Water Resources,Voluntary,7,27,2004
Glenn_01.01.2003-06.21.2013.csv,Glenn,39.7043,-122.0387,W001,2013-09-18 13:29:54,397043N1220387W001,21N02W01F001M,6/21/2004,00:00,,,41.300,0.000,41.300,162.131,160.881,120.831,40.050,UNK - Unknown,Unknown,Department of Water Resources,Voluntary,6,21,2004
Glenn_01.01.2003-06.21.2013.csv,Glenn,39.7043,-122.0387,W001,2013-09-18 13:29:54,397043N1220387W001,21N02W01F001M,8/23/2004,00:00,,,44.000,0.000,44.000,162.131,160.881,118.131,42.750,UNK - Unknown,Unknown,Department of Water Resources,Voluntary,8,23,2004
Glenn_01.01.2003-06.21.2013.csv,Glenn,39.7043,-122.0387,W001,2013-09-18 13:29:54,397043N1220387W001,21N02W01F001M,9/21/2004,00:00,,,41.500,0.000,41.500,162.131,160.881,120.631,40.250,UNK - Unknown,Unknown,Department of Water Resources,Voluntary,9,21,2004
Glenn_01.01.2003-06.21.2013.csv,Glenn,39.7043,-122.0387,W001,2013-09-18 13:29:54,397043N1220387W001,21N02W01F001M,10/20/2004,00:00,,,37.700,0.000,37.700,162.131,160.881,124.431,36.450,UNK - Unknown,Unknown,Department of Water Resources,Voluntary,10,20,2004
Glenn_01.01.2003-06.21.2013.csv,Glenn,39.7043,-122.0387,W001,2013-09-18 13:29:54,397043N1220387W001,21N02W01F001M,11/22/2004,00:00,,,31.300,0.000,31.300,162.131,160.881,130.831,30.050,UNK - Unknown,Unknown,Department of Water Resources,Voluntary,11,22,2004
Glenn_01.01.2003-06.21.2013.csv,Glenn,39.7043,-122.0387,W001,2013-09-18 13:29:54,397043N1220387W001,21N02W01F001M,3/30/2005,00:00,,,24.000,0.000,24.000,162.131,160.881,138.131,22.750,UNK - Unknown,Unknown,Department of Water Resources,Voluntary,3,30,2005
Glenn_01.01.2003-06.21.2013.csv,Glenn,39.7043,-122.0387,W001,2013-09-18 13:29:54,397043N1220387W001,21N02W01F001M,4/29/2005,00:00,,,24.700,0.000,24.700,162.131,160.881,137.431,23.450,UNK - Unknown,Unknown,Department of Water Resources,Voluntary,4,29,2005
Glenn_01.01.2003-06.21.2013.csv,Glenn,39.7043,-122.0387,W001,2013-09-18 13:29:54,397043N1220387W001,21N02W01F001M,5/26/2005,00:00,,,25.100,0.000,25.100,162.131,160.881,137.031,23.850,UNK - Unknown,Unknown,Department of Water Resources,Voluntary,5,26,2005
Glenn_01.01.2003-06.21.2013.csv,Glenn,39.7043,-122.0387,W001,2013-09-18 13:29:54,397043N1220387W001,21N02W01F001M,6/23/2005,00:00,,,34.000,0.000,34.000,162.131,160.881,128.131,32.750,UNK - Unknown,Unknown,Department of Water Resources,Voluntary,6,23,2005
Glenn_01.01.2003-06.21.2013.csv,Glenn,39.7043,-122.0387,W001,2013-09-18 13:29:54,397043N1220387W001,21N02W01F001M,7/29/2005,00:00,,,43.800,0.000,43.800,162.131,160.881,118.331,42.550,UNK - Unknown,Unknown,Department of Water Resources,Voluntary,7,29,2005
Glenn_01.01.2003-06.21.2013.csv,Glenn,39.7043,-122.0387,W001,2013-09-18 13:29:54,397043N1220387W001,21N02W01F001M,8/25/2005,00:00,,,44.800,0.000,44.800,162.131,160.881,117.331,43.550,UNK - Unknown,Unknown,Department of Water Resources,Voluntary,8,25,2005
Glenn_01.01.2003-06.21.2013.csv,Glenn,39.7043,-122.0387,W001,2013-09-18 13:29:54,397043N1220387W001,21N02W01F001M,9/29/2005,00:00,,,40.600,0.000,40.600,162.131,160.881,121.531,39.350,UNK - Unknown,Unknown,Department of Water Resources,Voluntary,9,29,2005
Glenn_01.01.2003-06.21.2013.csv,Glenn,39.7043,-122.0387,W001,2013-09-18 13:29:54,397043N1220387W001,21N02W01F001M,10/20/2005,00:00,,,37.300,0.000,37.300,162.131,160.881,124.831,36.050,UNK - Unknown,Unknown,Department of Water Resources,Voluntary,10,20,2005
Glenn_01.01.2003-06.21.2013.csv,Glenn,39.7043,-122.0387,W001,2013-09-18 13:29:54,397043N1220387W001,21N02W01F001M,3/28/2006,00:00,,,21.900,0.000,21.900,162.131,160.881,140.231,20.650,UNK - Unknown,Unknown,Department of Water Resources,Voluntary,3,28,2006
Glenn_01.01.2003-06.21.2013.csv,Glenn,39.7043,-122.0387,W001,2013-09-18 13:29:54,397043N1220387W001,21N02W01F001M,5/18/2006,00:00,,,24.200,0.000,24.200,162.131,160.881,137.931,22.950,UNK - Unknown,Unknown,Department of Water Resources,Voluntary,5,18,2006
Glenn_01.01.2003-06.21.2013.csv,Glenn,39.7043,-122.0387,W001,2013-09-18 13:29:54,397043N1220387W001,21N02W01F001M,8/3/2006,00:00,,,45.200,0.000,45.200,162.131,160.881,116.931,43.950,UNK - Unknown,Unknown,Department of Water Resources,Voluntary,8,3,2006
Glenn_01.01.2003-06.21.2013.csv,Glenn,39.7043,-122.0387,W001,2013-09-18 13:29:54,397043N1220387W001,21N02W01F001M,10/11/2006,00:00,,,37.300,0.000,37.300,162.131,160.881,124.831,36.050,UNK - Unknown,Unknown,Department of Water Resources,Voluntary,10,11,2006
Glenn_01.01.2003-06.21.2013.csv,Glenn,39.7043,-122.0387,W001,2013-09-18 13:29:54,397043N1220387W001,21N02W01F001M,3/19/2007,00:00,,,27.020,0.000,27.020,162.131,160.881,135.111,25.770,UNK - Unknown,Unknown,Department of Water Resources,Voluntary,3,19,2007
Glenn_01.01.2003-06.21.2013.csv,Glenn,39.7043,-122.0387,W001,2013-09-18 13:29:54,397043N1220387W001,21N02W01F001M,8/8/2007,00:00,,,53.250,0.000,53.250,162.131,160.881,108.881,52.000,UNK - Unknown,Unknown,Department of Water Resources,Voluntary,8,8,2007
Glenn_01.01.2003-06.21.2013.csv,Glenn,39.7043,-122.0387,W001,2013-09-18 13:29:54,397043N1220387W001,21N02W01F001M,8/31/2007,00:00,,,50.010,0.000,50.010,162.131,160.881,112.121,48.760,UNK - Unknown,Unknown,Department of Water Resources,Voluntary,8,31,2007
Glenn_01.01.2003-06.21.2013.csv,Glenn,39.7043,-122.0387,W001,2013-09-18 13:29:54,397043N1220387W001,21N02W01F001M,10/17/2007,00:00,,,41.220,0.000,41.220,162.131,160.881,120.911,39.970,UNK - Unknown,Unknown,Department of Water Resources,Voluntary,10,17,2007
Glenn_01.01.2003-06.21.2013.csv,Glenn,39.7043,-122.0387,W001,2013-09-18 13:29:54,397043N1220387W001,21N02W01F001M,1/15/2008,00:00,,,33.570,0.000,33.570,162.131,160.881,128.561,32.320,UNK - Unknown,Unknown,Department of Water Resources,Voluntary,1,15,2008
Glenn_01.01.2003-06.21.2013.csv,Glenn,39.7043,-122.0387,W001,2013-09-18 13:29:54,397043N1220387W001,21N02W01F001M,3/12/2008,00:00,,,28.630,0.000,28.630,162.131,160.881,133.501,27.380,UNK - Unknown,Unknown,Department of Water Resources,Voluntary,3,12,2008
Glenn_01.01.2003-06.21.2013.csv,Glenn,39.7043,-122.0387,W001,2013-09-18 13:29:54,397043N1220387W001,21N02W01F001M,7/22/2008,00:00,,,53.250,0.000,53.250,162.131,160.881,108.881,52.000,UNK - Unknown,Unknown,Department of Water Resources,Voluntary,7,22,2008
Glenn_01.01.2003-06.21.2013.csv,Glenn,39.7043,-122.0387,W001,2013-09-18 13:29:54,397043N1220387W001,21N02W01F001M,8/4/2008,00:00,,,53.250,0.000,53.250,162.131,160.881,108.881,52.000,UNK - Unknown,Unknown,Department of Water Resources,Voluntary,8,4,2008
Glenn_01.01.2003-06.21.2013.csv,Glenn,39.7043,-122.0387,W001,2013-09-18 13:29:54,397043N1220387W001,21N02W01F001M,10/20/2008,00:00,,,42.700,0.000,42.700,162.131,160.881,119.431,41.450,UNK - Unknown,Unknown,Department of Water Resources,Voluntary,10,20,2008
Glenn_01.01.2003-06.21.2013.csv,Glenn,39.7043,-122.0387,W001,2013-09-18 13:29:54,397043N1220387W001,21N02W01F001M,1/14/2009,00:00,,,34.340,0.000,34.340,162.131,160.881,127.791,33.090,UNK - Unknown,Unknown,Department of Water Resources,Voluntary,1,14,2009
Glenn_01.01.2003-06.21.2013.csv,Glenn,39.7043,-122.0387,W001,2013-09-18 13:29:54,397043N1220387W001,21N02W01F001M,2/2/2009,00:00,,,34.490,0.000,34.490,162.131,160.881,127.641,33.240,UNK - Unknown,Unknown,Department of Water Resources,Voluntary,2,2,2009
Glenn_01.01.2003-06.21.2013.csv,Glenn,39.7043,-122.0387,W001,2013-09-18 13:29:54,397043N1220387W001,21N02W01F001M,3/25/2009,00:00,,,30.520,0.000,30.520,162.131,160.881,131.611,29.270,UNK - Unknown,Unknown,Department of Water Resources,Voluntary,3,25,2009
Glenn_01.01.2003-06.21.2013.csv,Glenn,39.7043,-122.0387,W001,2013-09-18 13:29:54,397043N1220387W001,21N02W01F001M,5/15/2009,00:00,,,38.140,0.000,38.140,162.131,160.881,123.991,36.890,UNK - Unknown,Unknown,Department of Water Resources,Voluntary,5,15,2009
Glenn_01.01.2003-06.21.2013.csv,Glenn,39.7043,-122.0387,W001,2013-09-18 13:29:54,397043N1220387W001,21N02W01F001M,6/24/2009,00:00,,,47.500,0.000,47.500,162.131,160.881,114.631,46.250,UNK - Unknown,Unknown,Department of Water Resources,Voluntary,6,24,2009
Glenn_01.01.2003-06.21.2013.csv,Glenn,39.7043,-122.0387,W001,2013-09-18 13:29:54,397043N1220387W001,21N02W01F001M,8/6/2009,00:00,,,57.190,0.000,57.190,162.131,160.881,104.941,55.940,UNK - Unknown,Unknown,Department of Water Resources,Voluntary,8,6,2009
Glenn_01.01.2003-06.21.2013.csv,Glenn,39.7043,-122.0387,W001,2013-09-18 13:29:54,397043N1220387W001,21N02W01F001M,9/16/2009,00:00,,,52.310,0.000,52.310,162.131,160.881,109.821,51.060,UNK - Unknown,Unknown,Department of Water Resources,Voluntary,9,16,2009
Glenn_01.01.2003-06.21.2013.csv,Glenn,39.7043,-122.0387,W001,2013-09-18 13:29:54,397043N1220387W001,21N02W01F001M,10/23/2009,00:00,,,44.700,0.000,44.700,162.131,160.881,117.431,43.450,UNK - Unknown,Unknown,Department of Water Resources,Voluntary,10,23,2009
Glenn_01.01.2003-06.21.2013.csv,Glenn,39.7043,-122.0387,W001,2013-09-18 13:29:54,397043N1220387W001,21N02W01F001M,3/26/2010,00:00,,,29.700,0.000,29.700,162.131,160.881,132.431,28.450,UNK - Unknown,Unknown,Department of Water Resources,Voluntary,3,26,2010
Glenn_01.01.2003-06.21.2013.csv,Glenn,39.7043,-122.0387,W001,2013-09-18 13:29:54,397043N1220387W001,21N02W01F001M,8/2/2010,00:00,,,52.370,0.000,52.370,162.131,160.881,109.761,51.120,UNK - Unknown,Unknown,Department of Water Resources,Voluntary,8,2,2010
Glenn_01.01.2003-06.21.2013.csv,Glenn,39.7043,-122.0387,W001,2013-09-18 13:29:54,397043N1220387W001,21N02W01F001M,10/20/2010,00:00,,,41.240,0.000,41.240,162.131,160.881,120.891,39.990,UNK - Unknown,Unknown,Department of Water Resources,Voluntary,10,20,2010
Glenn_01.01.2003-06.21.2013.csv,Glenn,39.7043,-122.0387,W001,2013-09-18 13:29:54,397043N1220387W001,21N02W01F001M,1/20/2011,00:00,,,29.960,0.000,29.960,162.131,160.881,132.171,28.710,UNK - Unknown,Unknown,Department of Water Resources,Voluntary,1,20,2011
Glenn_01.01.2003-06.21.2013.csv,Glenn,39.7043,-122.0387,W001,2013-09-18 13:29:54,397043N1220387W001,21N02W01F001M,2/14/2011,00:00,,,29.200,0.000,29.200,162.131,160.881,132.931,27.950,UNK - Unknown,Unknown,Department of Water Resources,Voluntary,2,14,2011
Glenn_01.01.2003-06.21.2013.csv,Glenn,39.7043,-122.0387,W001,2013-09-18 13:29:54,397043N1220387W001,21N02W01F001M,4/5/2011,00:00,,,26.770,0.000,26.770,162.131,160.881,135.361,25.520,UNK - Unknown,Unknown,Department of Water Resources,Voluntary,4,5,2011
Glenn_01.01.2003-06.21.2013.csv,Glenn,39.7043,-122.0387,W001,2013-09-18 13:29:54,397043N1220387W001,21N02W01F001M,8/1/2011,00:00,,,49.280,0.000,49.280,162.131,160.881,112.851,48.030,UNK - Unknown,Unknown,Department of Water Resources,Voluntary,8,1,2011
Glenn_01.01.2003-06.21.2013.csv,Glenn,39.7043,-122.0387,W001,2013-09-18 13:29:54,397043N1220387W001,21N02W01F001M,11/28/2011,00:00,,,39.490,0.000,39.490,162.131,160.881,122.641,38.240,UNK - Unknown,Unknown,Department of Water Resources,Voluntary,11,28,2011
Glenn_01.01.2003-06.21.2013.csv,Glenn,39.7043,-122.0387,W001,2013-09-18 13:29:54,397043N1220387W001,21N02W01F001M,5/23/2013,00:00,,,45.100,0.000,45.100,162.131,160.881,117.031,43.850,ES - Electric sounder measurement,0.1 Ft,Department of Water Resources,Voluntary,5,23,2013
Glenn_01.01.2003-06.21.2013.csv,Glenn,39.7043,-122.0387,W002,2013-09-18 13:29:54,397043N1220387W002,21N02W01F002M,10/12/2011,00:00,,,30.680,0.000,30.680,162.276,160.826,131.596,29.230,ES - Electric sounder measurement,0.01 Ft,Department of Water Resources,CASGEM,10,12,2011
Glenn_01.01.2003-06.21.2013.csv,Glenn,39.7043,-122.0387,W002,2013-09-18 13:29:54,397043N1220387W002,21N02W01F002M,3/29/2012,00:00,,,28.830,0.000,28.830,162.276,160.826,133.446,27.380,ES - Electric sounder measurement,0.01 Ft,Department of Water Resources,CASGEM,3,29,2012
Glenn_01.01.2003-06.21.2013.csv,Glenn,39.7043,-122.0387,W002,2013-09-18 13:29:54,397043N1220387W002,21N02W01F002M,8/2/2012,00:00,,,57.810,0.000,57.810,162.276,160.826,104.466,56.360,ES - Electric sounder measurement,0.01 Ft,Department of Water Resources,CASGEM,8,2,2012
Glenn_01.01.2003-06.21.2013.csv,Glenn,39.7043,-122.0387,W002,2013-09-18 13:29:54,397043N1220387W002,21N02W01F002M,10/16/2012,00:00,,,43.660,0.000,43.660,162.276,160.826,118.616,42.210,ES - Electric sounder measurement,0.01 Ft,Department of Water Resources,CASGEM,10,16,2012
Glenn_01.01.2003-06.21.2013.csv,Glenn,39.7043,-122.0387,W002,2013-09-18 13:29:54,397043N1220387W002,21N02W01F002M,3/21/2013,00:00,,,30.810,0.000,30.810,162.276,160.826,131.466,29.360,ES - Electric sounder measurement,0.01 Ft,Department of Water Resources,CASGEM,3,21,2013
Glenn_01.01.2003-06.21.2013.csv,Glenn,39.7043,-122.0387,W002,2013-09-18 13:29:54,397043N1220387W002,21N02W01F002M,2/18/2003,00:00,,,24.100,0.000,24.100,162.276,160.826,138.176,22.650,UNK - Unknown,Unknown,Department of Water Resources,Voluntary,2,18,2003
Glenn_01.01.2003-06.21.2013.csv,Glenn,39.7043,-122.0387,W002,2013-09-18 13:29:54,397043N1220387W002,21N02W01F002M,3/13/2003,00:00,,,24.800,0.000,24.800,162.276,160.826,137.476,23.350,UNK - Unknown,Unknown,Department of Water Resources,Voluntary,3,13,2003
Glenn_01.01.2003-06.21.2013.csv,Glenn,39.7043,-122.0387,W002,2013-09-18 13:29:54,397043N1220387W002,21N02W01F002M,4/9/2003,00:00,,,28.200,0.000,28.200,162.276,160.826,134.076,26.750,UNK - Unknown,Unknown,Department of Water Resources,Voluntary,4,9,2003
Glenn_01.01.2003-06.21.2013.csv,Glenn,39.7043,-122.0387,W002,2013-09-18 13:29:54,397043N1220387W002,21N02W01F002M,5/28/2003,00:00,,,46.700,0.000,46.700,162.276,160.826,115.576,45.250,UNK - Unknown,Unknown,Department of Water Resources,Voluntary,5,28,2003
Glenn_01.01.2003-06.21.2013.csv,Glenn,39.7043,-122.0387,W002,2013-09-18 13:29:54,397043N1220387W002,21N02W01F002M,6/19/2003,00:00,,,49.000,0.000,49.000,162.276,160.826,113.276,47.550,UNK - Unknown,Unknown,Department of Water Resources,Voluntary,6,19,2003
Glenn_01.01.2003-06.21.2013.csv,Glenn,39.7043,-122.0387,W002,2013-09-18 13:29:54,397043N1220387W002,21N02W01F002M,7/11/2003,00:00,,,55.200,0.000,55.200,162.276,160.826,107.076,53.750,UNK - Unknown,Unknown,Department of Water Resources,Voluntary,7,11,2003
Glenn_01.01.2003-06.21.2013.csv,Glenn,39.7043,-122.0387,W002,2013-09-18 13:29:54,397043N1220387W002,21N02W01F002M,7/18/2003,00:00,,,54.500,0.000,54.500,162.276,160.826,107.776,53.050,UNK - Unknown,Unknown,Department of Water Resources,Voluntary,7,18,2003
Glenn_01.01.2003-06.21.2013.csv,Glenn,39.7043,-122.0387,W002,2013-09-18 13:29:54,397043N1220387W002,21N02W01F002M,7/24/2003,00:00,,,53.500,0.000,53.500,162.276,160.826,108.776,52.050,UNK - Unknown,Unknown,Department of Water Resources,Voluntary,7,24,2003
Glenn_01.01.2003-06.21.2013.csv,Glenn,39.7043,-122.0387,W002,2013-09-18 13:29:54,397043N1220387W002,21N02W01F002M,7/31/2003,00:00,,,50.000,0.000,50.000,162.276,160.826,112.276,48.550,UNK - Unknown,Unknown,Department of Water Resources,Voluntary,7,31,2003
Glenn_01.01.2003-06.21.2013.csv,Glenn,39.7043,-122.0387,W002,2013-09-18 13:29:54,397043N1220387W002,21N02W01F002M,8/26/2003,00:00,,,43.700,0.000,43.700,162.276,160.826,118.576,42.250,UNK - Unknown,Unknown,Department of Water Resources,Voluntary,8,26,2003
Glenn_01.01.2003-06.21.2013.csv,Glenn,39.7043,-122.0387,W002,2013-09-18 13:29:54,397043N1220387W002,21N02W01F002M,8/7/2003,00:00,,,48.500,0.000,48.500,162.276,160.826,113.776,47.050,UNK - Unknown,Unknown,Department of Water Resources,Voluntary,8,7,2003
Glenn_01.01.2003-06.21.2013.csv,Glenn,39.7043,-122.0387,W002,2013-09-18 13:29:54,397043N1220387W002,21N02W01F002M,8/14/2003,00:00,,,50.200,0.000,50.200,162.276,160.826,112.076,48.750,UNK - Unknown,Unknown,Department of Water Resources,Voluntary,8,14,2003
Glenn_01.01.2003-06.21.2013.csv,Glenn,39.7043,-122.0387,W002,2013-09-18 13:29:54,397043N1220387W002,21N02W01F002M,8/21/2003,00:00,,,46.700,0.000,46.700,162.276,160.826,115.576,45.250,UNK - Unknown,Unknown,Department of Water Resources,Voluntary,8,21,2003
Glenn_01.01.2003-06.21.2013.csv,Glenn,39.7043,-122.0387,W002,2013-09-18 13:29:54,397043N1220387W002,21N02W01F002M,9/4/2003,00:00,,,40.700,0.000,40.700,162.276,160.826,121.576,39.250,UNK - Unknown,Unknown,Department of Water Resources,Voluntary,9,4,2003
Glenn_01.01.2003-06.21.2013.csv,Glenn,39.7043,-122.0387,W002,2013-09-18 13:29:54,397043N1220387W002,21N02W01F002M,9/22/2003,00:00,,,42.800,0.000,42.800,162.276,160.826,119.476,41.350,UNK - Unknown,Unknown,Department of Water Resources,Voluntary,9,22,2003
Glenn_01.01.2003-06.21.2013.csv,Glenn,39.7043,-122.0387,W002,2013-09-18 13:29:54,397043N1220387W002,21N02W01F002M,9/25/2003,00:00,,,43.500,0.000,43.500,162.276,160.826,118.776,42.050,UNK - Unknown,Unknown,Department of Water Resources,Voluntary,9,25,2003
Glenn_01.01.2003-06.21.2013.csv,Glenn,39.7043,-122.0387,W002,2013-09-18 13:29:54,397043N1220387W002,21N02W01F002M,10/2/2003,00:00,,,36.800,0.000,36.800,162.276,160.826,125.476,35.350,UNK - Unknown,Unknown,Department of Water Resources,Voluntary,10,2,2003
Glenn_01.01.2003-06.21.2013.csv,Glenn,39.7043,-122.0387,W002,2013-09-18 13:29:54,397043N1220387W002,21N02W01F002M,10/16/2003,00:00,,,34.800,0.000,34.800,162.276,160.826,127.476,33.350,UNK - Unknown,Unknown,Department of Water Resources,Voluntary,10,16,2003
Glenn_01.01.2003-06.21.2013.csv,Glenn,39.7043,-122.0387,W002,2013-09-18 13:29:54,397043N1220387W002,21N02W01F002M,10/9/2003,00:00,,,34.300,0.000,34.300,162.276,160.826,127.976,32.850,UNK - Unknown,Unknown,Department of Water Resources,Voluntary,10,9,2003
Glenn_01.01.2003-06.21.2013.csv,Glenn,39.7043,-122.0387,W002,2013-09-18 13:29:54,397043N1220387W002,21N02W01F002M,10/23/2003,00:00,,,33.800,0.000,33.800,162.276,160.826,128.476,32.350,UNK - Unknown,Unknown,Department of Water Resources,Voluntary,10,23,2003
Glenn_01.01.2003-06.21.2013.csv,Glenn,39.7043,-122.0387,W002,2013-09-18 13:29:54,397043N1220387W002,21N02W01F002M,10/30/2003,00:00,,,34.200,0.000,34.200,162.276,160.826,128.076,32.750,UNK - Unknown,Unknown,Department of Water Resources,Voluntary,10,30,2003
Glenn_01.01.2003-06.21.2013.csv,Glenn,39.7043,-122.0387,W002,2013-09-18 13:29:54,397043N1220387W002,21N02W01F002M,11/25/2003,00:00,,,29.300,0.000,29.300,162.276,160.826,132.976,27.850,UNK - Unknown,Unknown,Department of Water Resources,Voluntary,11,25,2003
Glenn_01.01.2003-06.21.2013.csv,Glenn,39.7043,-122.0387,W002,2013-09-18 13:29:54,397043N1220387W002,21N02W01F002M,11/6/2003,00:00,,,30.300,0.000,30.300,162.276,160.826,131.976,28.850,UNK - Unknown,Unknown,Department of Water Resources,Voluntary,11,6,2003
Glenn_01.01.2003-06.21.2013.csv,Glenn,39.7043,-122.0387,W002,2013-09-18 13:29:54,397043N1220387W002,21N02W01F002M,11/13/2003,00:00,,,29.400,0.000,29.400,162.276,160.826,132.876,27.950,UNK - Unknown,Unknown,Department of Water Resources,Voluntary,11,13,2003
Glenn_01.01.2003-06.21.2013.csv,Glenn,39.7043,-122.0387,W002,2013-09-18 13:29:54,397043N1220387W002,21N02W01F002M,12/9/2003,00:00,,,28.300,0.000,28.300,162.276,160.826,133.976,26.850,UNK - Unknown,Unknown,Department of Water Resources,Voluntary,12,9,2003
Glenn_01.01.2003-06.21.2013.csv,Glenn,39.7043,-122.0387,W002,2013-09-18 13:29:54,397043N1220387W002,21N02W01F002M,3/29/2004,00:00,,,24.700,0.000,24.700,162.276,160.826,137.576,23.250,UNK - Unknown,Unknown,Department of Water Resources,Voluntary,3,29,2004
Glenn_01.01.2003-06.21.2013.csv,Glenn,39.7043,-122.0387,W002,2013-09-18 13:29:54,397043N1220387W002,21N02W01F002M,4/26/2004,00:00,,,38.800,0.000,38.800,162.276,160.826,123.476,37.350,UNK - Unknown,Unknown,Department of Water Resources,Voluntary,4,26,2004
Glenn_01.01.2003-06.21.2013.csv,Glenn,39.7043,-122.0387,W002,2013-09-18 13:29:54,397043N1220387W002,21N02W01F002M,5/21/2004,00:00,,,42.700,0.000,42.700,162.276,160.826,119.576,41.250,UNK - Unknown,Unknown,Department of Water Resources,Voluntary,5,21,2004
Glenn_01.01.2003-06.21.2013.csv,Glenn,39.7043,-122.0387,W002,2013-09-18 13:29:54,397043N1220387W002,21N02W01F002M,2/10/2004,00:00,,,24.500,0.000,24.500,162.276,160.826,137.776,23.050,UNK - Unknown,Unknown,Department of Water Resources,Voluntary,2,10,2004
Glenn_01.01.2003-06.21.2013.csv,Glenn,39.7043,-122.0387,W002,2013-09-18 13:29:54,397043N1220387W002,21N02W01F002M,7/27/2004,00:00,,,51.900,0.000,51.900,162.276,160.826,110.376,50.450,UNK - Unknown,Unknown,Department of Water Resources,Voluntary,7,27,2004
Glenn_01.01.2003-06.21.2013.csv,Glenn,39.7043,-122.0387,W002,2013-09-18 13:29:54,397043N1220387W002,21N02W01F002M,6/21/2004,00:00,,,48.200,0.000,48.200,162.276,160.826,114.076,46.750,UNK - Unknown,Unknown,Department of Water Resources,Voluntary,6,21,2004
Glenn_01.01.2003-06.21.2013.csv,Glenn,39.7043,-122.0387,W002,2013-09-18 13:29:54,397043N1220387W002,21N02W01F002M,8/23/2004,00:00,,,51.300,0.000,51.300,162.276,160.826,110.976,49.850,UNK - Unknown,Unknown,Department of Water Resources,Voluntary,8,23,2004
Glenn_01.01.2003-06.21.2013.csv,Glenn,39.7043,-122.0387,W002,2013-09-18 13:29:54,397043N1220387W002,21N02W01F002M,9/21/2004,00:00,,,38.700,0.000,38.700,162.276,160.826,123.576,37.250,UNK - Unknown,Unknown,Department of Water Resources,Voluntary,9,21,2004
Glenn_01.01.2003-06.21.2013.csv,Glenn,39.7043,-122.0387,W002,2013-09-18 13:29:54,397043N1220387W002,21N02W01F002M,10/20/2004,00:00,,,34.300,0.000,34.300,162.276,160.826,127.976,32.850,UNK - Unknown,Unknown,Department of Water Resources,Voluntary,10,20,2004
Glenn_01.01.2003-06.21.2013.csv,Glenn,39.7043,-122.0387,W002,2013-09-18 13:29:54,397043N1220387W002,21N02W01F002M,11/22/2004,00:00,,,28.600,0.000,28.600,162.276,160.826,133.676,27.150,UNK - Unknown,Unknown,Department of Water Resources,Voluntary,11,22,2004
Glenn_01.01.2003-06.21.2013.csv,Glenn,39.7043,-122.0387,W002,2013-09-18 13:29:54,397043N1220387W002,21N02W01F002M,3/30/2005,00:00,,,23.200,0.000,23.200,162.276,160.826,139.076,21.750,UNK - Unknown,Unknown,Department of Water Resources,Voluntary,3,30,2005
Glenn_01.01.2003-06.21.2013.csv,Glenn,39.7043,-122.0387,W002,2013-09-18 13:29:54,397043N1220387W002,21N02W01F002M,4/29/2005,00:00,,,27.000,0.000,27.000,162.276,160.826,135.276,25.550,UNK - Unknown,Unknown,Department of Water Resources,Voluntary,4,29,2005
Glenn_01.01.2003-06.21.2013.csv,Glenn,39.7043,-122.0387,W002,2013-09-18 13:29:54,397043N1220387W002,21N02W01F002M,5/26/2005,00:00,,,33.500,0.000,33.500,162.276,160.826,128.776,32.050,UNK - Unknown,Unknown,Department of Water Resources,Voluntary,5,26,2005
Glenn_01.01.2003-06.21.2013.csv,Glenn,39.7043,-122.0387,W002,2013-09-18 13:29:54,397043N1220387W002,21N02W01F002M,6/23/2005,00:00,,,40.100,0.000,40.100,162.276,160.826,122.176,38.650,UNK - Unknown,Unknown,Department of Water Resources,Voluntary,6,23,2005
Glenn_01.01.2003-06.21.2013.csv,Glenn,39.7043,-122.0387,W002,2013-09-18 13:29:54,397043N1220387W002,21N02W01F002M,7/29/2005,00:00,,,51.700,0.000,51.700,162.276,160.826,110.576,50.250,UNK - Unknown,Unknown,Department of Water Resources,Voluntary,7,29,2005
Glenn_01.01.2003-06.21.2013.csv,Glenn,39.7043,-122.0387,W002,2013-09-18 13:29:54,397043N1220387W002,21N02W01F002M,8/25/2005,00:00,,,43.100,0.000,43.100,162.276,160.826,119.176,41.650,UNK - Unknown,Unknown,Department of Water Resources,Voluntary,8,25,2005
Glenn_01.01.2003-06.21.2013.csv,Glenn,39.7043,-122.0387,W002,2013-09-18 13:29:54,397043N1220387W002,21N02W01F002M,9/29/2005,00:00,,,36.600,0.000,36.600,162.276,160.826,125.676,35.150,UNK - Unknown,Unknown,Department of Water Resources,Voluntary,9,29,2005
Glenn_01.01.2003-06.21.2013.csv,Glenn,39.7043,-122.0387,W002,2013-09-18 13:29:54,397043N1220387W002,21N02W01F002M,10/20/2005,00:00,,,33.200,0.000,33.200,162.276,160.826,129.076,31.750,UNK - Unknown,Unknown,Department of Water Resources,Voluntary,10,20,2005
Glenn_01.01.2003-06.21.2013.csv,Glenn,39.7043,-122.0387,W002,2013-09-18 13:29:54,397043N1220387W002,21N02W01F002M,3/28/2006,00:00,,,19.800,0.000,19.800,162.276,160.826,142.476,18.350,UNK - Unknown,Unknown,Department of Water Resources,Voluntary,3,28,2006
Glenn_01.01.2003-06.21.2013.csv,Glenn,39.7043,-122.0387,W002,2013-09-18 13:29:54,397043N1220387W002,21N02W01F002M,5/18/2006,00:00,,,46.400,0.000,46.400,162.276,160.826,115.876,44.950,UNK - Unknown,Unknown,Department of Water Resources,Voluntary,5,18,2006
Glenn_01.01.2003-06.21.2013.csv,Glenn,39.7043,-122.0387,W002,2013-09-18 13:29:54,397043N1220387W002,21N02W01F002M,8/3/2006,00:00,,,51.700,0.000,51.700,162.276,160.826,110.576,50.250,UNK - Unknown,Unknown,Department of Water Resources,Voluntary,8,3,2006
Glenn_01.01.2003-06.21.2013.csv,Glenn,39.7043,-122.0387,W002,2013-09-18 13:29:54,397043N1220387W002,21N02W01F002M,10/11/2006,00:00,,,33.100,0.000,33.100,162.276,160.826,129.176,31.650,UNK - Unknown,Unknown,Department of Water Resources,Voluntary,10,11,2006
Glenn_01.01.2003-06.21.2013.csv,Glenn,39.7043,-122.0387,W002,2013-09-18 13:29:54,397043N1220387W002,21N02W01F002M,3/19/2007,00:00,,,28.440,0.000,28.440,162.276,160.826,133.836,26.990,UNK - Unknown,Unknown,Department of Water Resources,Voluntary,3,19,2007
Glenn_01.01.2003-06.21.2013.csv,Glenn,39.7043,-122.0387,W002,2013-09-18 13:29:54,397043N1220387W002,21N02W01F002M,8/8/2007,00:00,,,62.590,0.000,62.590,162.276,160.826,99.686,61.140,UNK - Unknown,Unknown,Department of Water Resources,Voluntary,8,8,2007
Glenn_01.01.2003-06.21.2013.csv,Glenn,39.7043,-122.0387,W002,2013-09-18 13:29:54,397043N1220387W002,21N02W01F002M,8/31/2007,00:00,,,55.050,0.000,55.050,162.276,160.826,107.226,53.600,UNK - Unknown,Unknown,Department of Water Resources,Voluntary,8,31,2007
Glenn_01.01.2003-06.21.2013.csv,Glenn,39.7043,-122.0387,W002,2013-09-18 13:29:54,397043N1220387W002,21N02W01F002M,10/17/2007,00:00,,,34.680,0.000,34.680,162.276,160.826,127.596,33.230,UNK - Unknown,Unknown,Department of Water Resources,Voluntary,10,17,2007
Glenn_01.01.2003-06.21.2013.csv,Glenn,39.7043,-122.0387,W002,2013-09-18 13:29:54,397043N1220387W002,21N02W01F002M,1/15/2008,00:00,,,31.230,0.000,31.230,162.276,160.826,131.046,29.780,UNK - Unknown,Unknown,Department of Water Resources,Voluntary,1,15,2008
Glenn_01.01.2003-06.21.2013.csv,Glenn,39.7043,-122.0387,W002,2013-09-18 13:29:54,397043N1220387W002,21N02W01F002M,3/12/2008,00:00,,,27.200,0.000,27.200,162.276,160.826,135.076,25.750,UNK - Unknown,Unknown,Department of Water Resources,Voluntary,3,12,2008
Glenn_01.01.2003-06.21.2013.csv,Glenn,39.7043,-122.0387,W002,2013-09-18 13:29:54,397043N1220387W002,21N02W01F002M,7/22/2008,00:00,,,58.810,0.000,58.810,162.276,160.826,103.466,57.360,UNK - Unknown,Unknown,Department of Water Resources,Voluntary,7,22,2008
Glenn_01.01.2003-06.21.2013.csv,Glenn,39.7043,-122.0387,W002,2013-09-18 13:29:54,397043N1220387W002,21N02W01F002M,8/4/2008,00:00,,,58.940,0.000,58.940,162.276,160.826,103.336,57.490,UNK - Unknown,Unknown,Department of Water Resources,Voluntary,8,4,2008
Glenn_01.01.2003-06.21.2013.csv,Glenn,39.7043,-122.0387,W002,2013-09-18 13:29:54,397043N1220387W002,21N02W01F002M,10/20/2008,00:00,,,43.640,0.000,43.640,162.276,160.826,118.636,42.190,UNK - Unknown,Unknown,Department of Water Resources,Voluntary,10,20,2008
Glenn_01.01.2003-06.21.2013.csv,Glenn,39.7043,-122.0387,W002,2013-09-18 13:29:54,397043N1220387W002,21N02W01F002M,1/14/2009,00:00,,,34.810,0.000,34.810,162.276,160.826,127.466,33.360,UNK - Unknown,Unknown,Department of Water Resources,Voluntary,1,14,2009
Glenn_01.01.2003-06.21.2013.csv,Glenn,39.7043,-122.0387,W002,2013-09-18 13:29:54,397043N1220387W002,21N02W01F002M,2/2/2009,00:00,,,33.090,0.000,33.090,162.276,160.826,129.186,31.640,UNK - Unknown,Unknown,Department of Water Resources,Voluntary,2,2,2009
Glenn_01.01.2003-06.21.2013.csv,Glenn,39.7043,-122.0387,W002,2013-09-18 13:29:54,397043N1220387W002,21N02W01F002M,3/25/2009,00:00,,,28.310,0.000,28.310,162.276,160.826,133.966,26.860,UNK - Unknown,Unknown,Department of Water Resources,Voluntary,3,25,2009
Glenn_01.01.2003-06.21.2013.csv,Glenn,39.7043,-122.0387,W002,2013-09-18 13:29:54,397043N1220387W002,21N02W01F002M,5/15/2009,00:00,,,58.430,0.000,58.430,162.276,160.826,103.846,56.980,UNK - Unknown,Unknown,Department of Water Resources,Voluntary,5,15,2009
Glenn_01.01.2003-06.21.2013.csv,Glenn,39.7043,-122.0387,W002,2013-09-18 13:29:54,397043N1220387W002,21N02W01F002M,6/24/2009,00:00,,,54.900,0.000,54.900,162.276,160.826,107.376,53.450,UNK - Unknown,Unknown,Department of Water Resources,Voluntary,6,24,2009
Glenn_01.01.2003-06.21.2013.csv,Glenn,39.7043,-122.0387,W002,2013-09-18 13:29:54,397043N1220387W002,21N02W01F002M,8/6/2009,00:00,,,60.420,0.000,60.420,162.276,160.826,101.856,58.970,UNK - Unknown,Unknown,Department of Water Resources,Voluntary,8,6,2009
Glenn_01.01.2003-06.21.2013.csv,Glenn,39.7043,-122.0387,W002,2013-09-18 13:29:54,397043N1220387W002,21N02W01F002M,9/16/2009,00:00,,,50.800,0.000,50.800,162.276,160.826,111.476,49.350,UNK - Unknown,Unknown,Department of Water Resources,Voluntary,9,16,2009
Glenn_01.01.2003-06.21.2013.csv,Glenn,39.7043,-122.0387,W002,2013-09-18 13:29:54,397043N1220387W002,21N02W01F002M,10/23/2009,00:00,,,38.060,0.000,38.060,162.276,160.826,124.216,36.610,UNK - Unknown,Unknown,Department of Water Resources,Voluntary,10,23,2009
Glenn_01.01.2003-06.21.2013.csv,Glenn,39.7043,-122.0387,W002,2013-09-18 13:29:54,397043N1220387W002,21N02W01F002M,3/26/2010,00:00,,,28.200,0.000,28.200,162.276,160.826,134.076,26.750,UNK - Unknown,Unknown,Department of Water Resources,Voluntary,3,26,2010
Glenn_01.01.2003-06.21.2013.csv,Glenn,39.7043,-122.0387,W002,2013-09-18 13:29:54,397043N1220387W002,21N02W01F002M,8/2/2010,00:00,,,55.550,0.000,55.550,162.276,160.826,106.726,54.100,UNK - Unknown,Unknown,Department of Water Resources,Voluntary,8,2,2010
Glenn_01.01.2003-06.21.2013.csv,Glenn,39.7043,-122.0387,W002,2013-09-18 13:29:54,397043N1220387W002,21N02W01F002M,10/20/2010,00:00,,,34.930,0.000,34.930,162.276,160.826,127.346,33.480,UNK - Unknown,Unknown,Department of Water Resources,Voluntary,10,20,2010
Glenn_01.01.2003-06.21.2013.csv,Glenn,39.7043,-122.0387,W002,2013-09-18 13:29:54,397043N1220387W002,21N02W01F002M,1/20/2011,00:00,,,27.400,0.000,27.400,162.276,160.826,134.876,25.950,UNK - Unknown,Unknown,Department of Water Resources,Voluntary,1,20,2011
Glenn_01.01.2003-06.21.2013.csv,Glenn,39.7043,-122.0387,W002,2013-09-18 13:29:54,397043N1220387W002,21N02W01F002M,2/14/2011,00:00,,,27.820,0.000,27.820,162.276,160.826,134.456,26.370,UNK - Unknown,Unknown,Department of Water Resources,Voluntary,2,14,2011
Glenn_01.01.2003-06.21.2013.csv,Glenn,39.7043,-122.0387,W002,2013-09-18 13:29:54,397043N1220387W002,21N02W01F002M,4/5/2011,00:00,,,23.300,0.000,23.300,162.276,160.826,138.976,21.850,UNK - Unknown,Unknown,Department of Water Resources,Voluntary,4,5,2011
Glenn_01.01.2003-06.21.2013.csv,Glenn,39.7043,-122.0387,W002,2013-09-18 13:29:54,397043N1220387W002,21N02W01F002M,8/1/2011,00:00,,,50.470,0.000,50.470,162.276,160.826,111.806,49.020,UNK - Unknown,Unknown,Department of Water Resources,Voluntary,8,1,2011
Glenn_01.01.2003-06.21.2013.csv,Glenn,39.7043,-122.0387,W002,2013-09-18 13:29:54,397043N1220387W002,21N02W01F002M,11/28/2011,00:00,,,29.800,0.000,29.800,162.276,160.826,132.476,28.350,UNK - Unknown,Unknown,Department of Water Resources,Voluntary,11,28,2011
Glenn_01.01.2003-06.21.2013.csv,Glenn,39.7043,-122.0387,W002,2013-09-18 13:29:54,397043N1220387W002,21N02W01F002M,5/23/2013,00:00,,,48.500,0.000,48.500,162.276,160.826,113.776,47.050,ES - Electric sounder measurement,0.1 Ft,Department of Water Resources,Voluntary,5,23,2013
Glenn_01.01.2003-06.21.2013.csv,Glenn,39.709,-122.0542,W001,2013-09-18 13:29:54,397090N1220542W001,21N02W02B002M,10/12/2011,00:00,,,27.730,0.000,27.730,163.010,162.560,135.280,27.280,ES - Electric sounder measurement,0.01 Ft,Department of Water Resources,Voluntary,10,12,2011
Glenn_01.01.2003-06.21.2013.csv,Glenn,39.709,-122.0542,W001,2013-09-18 13:29:54,397090N1220542W001,21N02W02B002M,3/29/2012,00:00,,,26.000,0.000,26.000,163.010,162.560,137.010,25.550,ES - Electric sounder measurement,0.01 Ft,Department of Water Resources,Voluntary,3,29,2012
Glenn_01.01.2003-06.21.2013.csv,Glenn,39.709,-122.0542,W001,2013-09-18 13:29:54,397090N1220542W001,21N02W02B002M,8/2/2012,00:00,,,42.060,0.000,42.060,163.010,162.560,120.950,41.610,ES - Electric sounder measurement,0.01 Ft,Department of Water Resources,Voluntary,8,2,2012
Glenn_01.01.2003-06.21.2013.csv,Glenn,39.709,-122.0542,W001,2013-09-18 13:29:54,397090N1220542W001,21N02W02B002M,10/18/2012,00:00,,,35.150,0.000,35.150,163.010,162.560,127.860,34.700,ES - Electric sounder measurement,0.01 Ft,Department of Water Resources,Voluntary,10,18,2012
Glenn_01.01.2003-06.21.2013.csv,Glenn,39.709,-122.0542,W001,2013-09-18 13:29:54,397090N1220542W001,21N02W02B002M,3/21/2013,00:00,,,26.440,0.000,26.440,163.010,162.560,136.570,25.990,ES - Electric sounder measurement,0.01 Ft,Department of Water Resources,Voluntary,3,21,2013
Glenn_01.01.2003-06.21.2013.csv,Glenn,39.709,-122.0542,W001,2013-09-18 13:29:54,397090N1220542W001,21N02W02B002M,3/13/2003,00:00,,,20.000,0.000,20.000,163.010,162.560,143.010,19.550,UNK - Unknown,Unknown,Department of Water Resources,Voluntary,3,13,2003
Glenn_01.01.2003-06.21.2013.csv,Glenn,39.709,-122.0542,W001,2013-09-18 13:29:54,397090N1220542W001,21N02W02B002M,4/8/2003,00:00,,,21.200,0.000,21.200,163.010,162.560,141.810,20.750,UNK - Unknown,Unknown,Department of Water Resources,Voluntary,4,8,2003
Glenn_01.01.2003-06.21.2013.csv,Glenn,39.709,-122.0542,W001,2013-09-18 13:29:54,397090N1220542W001,21N02W02B002M,5/20/2003,00:00,,2 - Nearby pump operating,40.000,0.000,40.000,163.010,162.560,123.010,39.550,UNK - Unknown,Unknown,Department of Water Resources,Voluntary,5,20,2003
Glenn_01.01.2003-06.21.2013.csv,Glenn,39.709,-122.0542,W001,2013-09-18 13:29:54,397090N1220542W001,21N02W02B002M,6/20/2003,00:00,,2 - Nearby pump operating,32.000,0.000,32.000,163.010,162.560,131.010,31.550,UNK - Unknown,Unknown,Department of Water Resources,Voluntary,6,20,2003
Glenn_01.01.2003-06.21.2013.csv,Glenn,39.709,-122.0542,W001,2013-09-18 13:29:54,397090N1220542W001,21N02W02B002M,7/11/2003,00:00,,,34.100,0.000,34.100,163.010,162.560,128.910,33.650,UNK - Unknown,Unknown,Department of Water Resources,Voluntary,7,11,2003
Glenn_01.01.2003-06.21.2013.csv,Glenn,39.709,-122.0542,W001,2013-09-18 13:29:54,397090N1220542W001,21N02W02B002M,7/18/2003,00:00,,,36.300,0.000,36.300,163.010,162.560,126.710,35.850,UNK - Unknown,Unknown,Department of Water Resources,Voluntary,7,18,2003
Glenn_01.01.2003-06.21.2013.csv,Glenn,39.709,-122.0542,W001,2013-09-18 13:29:54,397090N1220542W001,21N02W02B002M,7/24/2003,00:00,,,34.800,0.000,34.800,163.010,162.560,128.210,34.350,UNK - Unknown,Unknown,Department of Water Resources,Voluntary,7,24,2003
Glenn_01.01.2003-06.21.2013.csv,Glenn,39.709,-122.0542,W001,2013-09-18 13:29:54,397090N1220542W001,21N02W02B002M,7/31/2003,00:00,,,32.900,0.000,32.900,163.010,162.560,130.110,32.450,UNK - Unknown,Unknown,Department of Water Resources,Voluntary,7,31,2003
Glenn_01.01.2003-06.21.2013.csv,Glenn,39.709,-122.0542,W001,2013-09-18 13:29:54,397090N1220542W001,21N02W02B002M,7/30/2003,00:00,,,33.300,0.000,33.300,163.010,162.560,129.710,32.850,UNK - Unknown,Unknown,Department of Water Resources,Voluntary,7,30,2003
Glenn_01.01.2003-06.21.2013.csv,Glenn,39.709,-122.0542,W001,2013-09-18 13:29:54,397090N1220542W001,21N02W02B002M,8/28/2003,00:00,,,28.700,0.000,28.700,163.010,162.560,134.310,28.250,UNK - Unknown,Unknown,Department of Water Resources,Voluntary,8,28,2003
Glenn_01.01.2003-06.21.2013.csv,Glenn,39.709,-122.0542,W001,2013-09-18 13:29:54,397090N1220542W001,21N02W02B002M,8/7/2003,00:00,,,31.800,0.000,31.800,163.010,162.560,131.210,31.350,UNK - Unknown,Unknown,Department of Water Resources,Voluntary,8,7,2003
Glenn_01.01.2003-06.21.2013.csv,Glenn,39.709,-122.0542,W001,2013-09-18 13:29:54,397090N1220542W001,21N02W02B002M,8/14/2003,00:00,,,32.700,0.000,32.700,163.010,162.560,130.310,32.250,UNK - Unknown,Unknown,Department of Water Resources,Voluntary,8,14,2003
Glenn_01.01.2003-06.21.2013.csv,Glenn,39.709,-122.0542,W001,2013-09-18 13:29:54,397090N1220542W001,21N02W02B002M,8/21/2003,00:00,,,31.500,0.000,31.500,163.010,162.560,131.510,31.050,UNK - Unknown,Unknown,Department of Water Resources,Voluntary,8,21,2003
Glenn_01.01.2003-06.21.2013.csv,Glenn,39.709,-122.0542,W001,2013-09-18 13:29:54,397090N1220542W001,21N02W02B002M,9/4/2003,00:00,,,33.300,0.000,33.300,163.010,162.560,129.710,32.850,UNK - Unknown,Unknown,Department of Water Resources,Voluntary,9,4,2003
Glenn_01.01.2003-06.21.2013.csv,Glenn,39.709,-122.0542,W001,2013-09-18 13:29:54,397090N1220542W001,21N02W02B002M,9/18/2003,00:00,,,34.100,0.000,34.100,163.010,162.560,128.910,33.650,UNK - Unknown,Unknown,Department of Water Resources,Voluntary,9,18,2003
Glenn_01.01.2003-06.21.2013.csv,Glenn,39.709,-122.0542,W001,2013-09-18 13:29:54,397090N1220542W001,21N02W02B002M,9/25/2003,00:00,,,33.800,0.000,33.800,163.010,162.560,129.210,33.350,UNK - Unknown,Unknown,Department of Water Resources,Voluntary,9,25,2003
Glenn_01.01.2003-06.21.2013.csv,Glenn,39.709,-122.0542,W001,2013-09-18 13:29:54,397090N1220542W001,21N02W02B002M,10/2/2003,00:00,,,31.500,0.000,31.500,163.010,162.560,131.510,31.050,UNK - Unknown,Unknown,Department of Water Resources,Voluntary,10,2,2003
Glenn_01.01.2003-06.21.2013.csv,Glenn,39.709,-122.0542,W001,2013-09-18 13:29:54,397090N1220542W001,21N02W02B002M,10/15/2003,00:00,,2 - Nearby pump operating,26.200,0.000,26.200,163.010,162.560,136.810,25.750,UNK - Unknown,Unknown,Department of Water Resources,Voluntary,10,15,2003
Glenn_01.01.2003-06.21.2013.csv,Glenn,39.709,-122.0542,W001,2013-09-18 13:29:54,397090N1220542W001,21N02W02B002M,10/9/2003,00:00,,,26.400,0.000,26.400,163.010,162.560,136.610,25.950,UNK - Unknown,Unknown,Department of Water Resources,Voluntary,10,9,2003
Glenn_01.01.2003-06.21.2013.csv,Glenn,39.709,-122.0542,W001,2013-09-18 13:29:54,397090N1220542W001,21N02W02B002M,10/23/2003,00:00,,,26.700,0.000,26.700,163.010,162.560,136.310,26.250,UNK - Unknown,Unknown,Department of Water Resources,Voluntary,10,23,2003
Glenn_01.01.2003-06.21.2013.csv,Glenn,39.709,-122.0542,W001,2013-09-18 13:29:54,397090N1220542W001,21N02W02B002M,10/30/2003,00:00,,,27.200,0.000,27.200,163.010,162.560,135.810,26.750,UNK - Unknown,Unknown,Department of Water Resources,Voluntary,10,30,2003
Glenn_01.01.2003-06.21.2013.csv,Glenn,39.709,-122.0542,W001,2013-09-18 13:29:54,397090N1220542W001,21N02W02B002M,11/17/2003,00:00,,,24.500,0.000,24.500,163.010,162.560,138.510,24.050,UNK - Unknown,Unknown,Department of Water Resources,Voluntary,11,17,2003
Glenn_01.01.2003-06.21.2013.csv,Glenn,39.709,-122.0542,W001,2013-09-18 13:29:54,397090N1220542W001,21N02W02B002M,11/6/2003,00:00,,,24.800,0.000,24.800,163.010,162.560,138.210,24.350,UNK - Unknown,Unknown,Department of Water Resources,Voluntary,11,6,2003
Glenn_01.01.2003-06.21.2013.csv,Glenn,39.709,-122.0542,W001,2013-09-18 13:29:54,397090N1220542W001,21N02W02B002M,11/13/2003,00:00,,,24.600,0.000,24.600,163.010,162.560,138.410,24.150,UNK - Unknown,Unknown,Department of Water Resources,Voluntary,11,13,2003
Glenn_01.01.2003-06.21.2013.csv,Glenn,39.709,-122.0542,W001,2013-09-18 13:29:54,397090N1220542W001,21N02W02B002M,3/31/2004,00:00,,,19.400,0.000,19.400,163.010,162.560,143.610,18.950,UNK - Unknown,Unknown,Department of Water Resources,Voluntary,3,31,2004
Glenn_01.01.2003-06.21.2013.csv,Glenn,39.709,-122.0542,W001,2013-09-18 13:29:54,397090N1220542W001,21N02W02B002M,4/27/2004,00:00,,,24.800,0.000,24.800,163.010,162.560,138.210,24.350,UNK - Unknown,Unknown,Department of Water Resources,Voluntary,4,27,2004
Glenn_01.01.2003-06.21.2013.csv,Glenn,39.709,-122.0542,W001,2013-09-18 13:29:54,397090N1220542W001,21N02W02B002M,5/21/2004,00:00,,2 - Nearby pump operating,31.700,0.000,31.700,163.010,162.560,131.310,31.250,UNK - Unknown,Unknown,Department of Water Resources,Voluntary,5,21,2004
Glenn_01.01.2003-06.21.2013.csv,Glenn,39.709,-122.0542,W001,2013-09-18 13:29:54,397090N1220542W001,21N02W02B002M,6/22/2004,00:00,,,30.700,0.000,30.700,163.010,162.560,132.310,30.250,UNK - Unknown,Unknown,Department of Water Resources,Voluntary,6,22,2004
Glenn_01.01.2003-06.21.2013.csv,Glenn,39.709,-122.0542,W001,2013-09-18 13:29:54,397090N1220542W001,21N02W02B002M,7/28/2004,00:00,,2 - Nearby pump operating,34.500,0.000,34.500,163.010,162.560,128.510,34.050,UNK - Unknown,Unknown,Department of Water Resources,Voluntary,7,28,2004
Glenn_01.01.2003-06.21.2013.csv,Glenn,39.709,-122.0542,W001,2013-09-18 13:29:54,397090N1220542W001,21N02W02B002M,8/25/2004,00:00,,2 - Nearby pump operating,31.300,0.000,31.300,163.010,162.560,131.710,30.850,UNK - Unknown,Unknown,Department of Water Resources,Voluntary,8,25,2004
Glenn_01.01.2003-06.21.2013.csv,Glenn,39.709,-122.0542,W001,2013-09-18 13:29:54,397090N1220542W001,21N02W02B002M,9/22/2004,00:00,,,29.900,0.000,29.900,163.010,162.560,133.110,29.450,UNK - Unknown,Unknown,Department of Water Resources,Voluntary,9,22,2004
Glenn_01.01.2003-06.21.2013.csv,Glenn,39.709,-122.0542,W001,2013-09-18 13:29:54,397090N1220542W001,21N02W02B002M,10/20/2004,00:00,,,26.800,0.000,26.800,163.010,162.560,136.210,26.350,UNK - Unknown,Unknown,Department of Water Resources,Voluntary,10,20,2004
Glenn_01.01.2003-06.21.2013.csv,Glenn,39.709,-122.0542,W001,2013-09-18 13:29:54,397090N1220542W001,21N02W02B002M,11/16/2004,00:00,,,23.900,0.000,23.900,163.010,162.560,139.110,23.450,UNK - Unknown,Unknown,Department of Water Resources,Voluntary,11,16,2004
Glenn_01.01.2003-06.21.2013.csv,Glenn,39.709,-122.0542,W001,2013-09-18 13:29:54,397090N1220542W001,21N02W02B002M,3/29/2005,00:00,,,18.000,0.000,18.000,163.010,162.560,145.010,17.550,UNK - Unknown,Unknown,Department of Water Resources,Voluntary,3,29,2005
Glenn_01.01.2003-06.21.2013.csv,Glenn,39.709,-122.0542,W001,2013-09-18 13:29:54,397090N1220542W001,21N02W02B002M,4/29/2005,00:00,,,19.800,0.000,19.800,163.010,162.560,143.210,19.350,UNK - Unknown,Unknown,Department of Water Resources,Voluntary,4,29,2005
Glenn_01.01.2003-06.21.2013.csv,Glenn,39.709,-122.0542,W001,2013-09-18 13:29:54,397090N1220542W001,21N02W02B002M,5/26/2005,00:00,,,22.000,0.000,22.000,163.010,162.560,141.010,21.550,UNK - Unknown,Unknown,Department of Water Resources,Voluntary,5,26,2005
Glenn_01.01.2003-06.21.2013.csv,Glenn,39.709,-122.0542,W001,2013-09-18 13:29:54,397090N1220542W001,21N02W02B002M,6/23/2005,00:00,,,28.700,0.000,28.700,163.010,162.560,134.310,28.250,UNK - Unknown,Unknown,Department of Water Resources,Voluntary,6,23,2005
Glenn_01.01.2003-06.21.2013.csv,Glenn,39.709,-122.0542,W001,2013-09-18 13:29:54,397090N1220542W001,21N02W02B002M,7/29/2005,00:00,,,32.100,0.000,32.100,163.010,162.560,130.910,31.650,UNK - Unknown,Unknown,Department of Water Resources,Voluntary,7,29,2005
Glenn_01.01.2003-06.21.2013.csv,Glenn,39.709,-122.0542,W001,2013-09-18 13:29:54,397090N1220542W001,21N02W02B002M,8/25/2005,00:00,,,28.400,0.000,28.400,163.010,162.560,134.610,27.950,UNK - Unknown,Unknown,Department of Water Resources,Voluntary,8,25,2005
Glenn_01.01.2003-06.21.2013.csv,Glenn,39.709,-122.0542,W001,2013-09-18 13:29:54,397090N1220542W001,21N02W02B002M,9/29/2005,00:00,,,28.800,0.000,28.800,163.010,162.560,134.210,28.350,UNK - Unknown,Unknown,Department of Water Resources,Voluntary,9,29,2005
Glenn_01.01.2003-06.21.2013.csv,Glenn,39.709,-122.0542,W001,2013-09-18 13:29:54,397090N1220542W001,21N02W02B002M,10/20/2005,00:00,,,29.100,0.000,29.100,163.010,162.560,133.910,28.650,UNK - Unknown,Unknown,Department of Water Resources,Voluntary,10,20,2005
Glenn_01.01.2003-06.21.2013.csv,Glenn,39.709,-122.0542,W001,2013-09-18 13:29:54,397090N1220542W001,21N02W02B002M,3/29/2006,00:00,,,15.700,0.000,15.700,163.010,162.560,147.310,15.250,UNK - Unknown,Unknown,Department of Water Resources,Voluntary,3,29,2006
Glenn_01.01.2003-06.21.2013.csv,Glenn,39.709,-122.0542,W001,2013-09-18 13:29:54,397090N1220542W001,21N02W02B002M,5/18/2006,00:00,,,24.300,0.000,24.300,163.010,162.560,138.710,23.850,UNK - Unknown,Unknown,Department of Water Resources,Voluntary,5,18,2006
Glenn_01.01.2003-06.21.2013.csv,Glenn,39.709,-122.0542,W001,2013-09-18 13:29:54,397090N1220542W001,21N02W02B002M,8/3/2006,00:00,,,30.900,0.000,30.900,163.010,162.560,132.110,30.450,UNK - Unknown,Unknown,Department of Water Resources,Voluntary,8,3,2006
Glenn_01.01.2003-06.21.2013.csv,Glenn,39.709,-122.0542,W001,2013-09-18 13:29:54,397090N1220542W001,21N02W02B002M,10/11/2006,00:00,,,26.200,0.000,26.200,163.010,162.560,136.810,25.750,UNK - Unknown,Unknown,Department of Water Resources,Voluntary,10,11,2006
Glenn_01.01.2003-06.21.2013.csv,Glenn,39.709,-122.0542,W001,2013-09-18 13:29:54,397090N1220542W001,21N02W02B002M,3/20/2007,00:00,,,23.910,0.000,23.910,163.010,162.560,139.100,23.460,UNK - Unknown,Unknown,Department of Water Resources,Voluntary,3,20,2007
Glenn_01.01.2003-06.21.2013.csv,Glenn,39.709,-122.0542,W001,2013-09-18 13:29:54,397090N1220542W001,21N02W02B002M,8/8/2007,00:00,,,41.190,0.000,41.190,163.010,162.560,121.820,40.740,UNK - Unknown,Unknown,Department of Water Resources,Voluntary,8,8,2007
Glenn_01.01.2003-06.21.2013.csv,Glenn,39.709,-122.0542,W001,2013-09-18 13:29:54,397090N1220542W001,21N02W02B002M,10/17/2007,00:00,,,33.500,0.000,33.500,163.010,162.560,129.510,33.050,UNK - Unknown,Unknown,Department of Water Resources,Voluntary,10,17,2007
Glenn_01.01.2003-06.21.2013.csv,Glenn,39.709,-122.0542,W001,2013-09-18 13:29:54,397090N1220542W001,21N02W02B002M,3/11/2008,00:00,,,23.400,0.000,23.400,163.010,162.560,139.610,22.950,UNK - Unknown,Unknown,Department of Water Resources,Voluntary,3,11,2008
Glenn_01.01.2003-06.21.2013.csv,Glenn,39.709,-122.0542,W001,2013-09-18 13:29:54,397090N1220542W001,21N02W02B002M,8/4/2008,00:00,,,42.100,0.000,42.100,163.010,162.560,120.910,41.650,UNK - Unknown,Unknown,Department of Water Resources,Voluntary,8,4,2008
Glenn_01.01.2003-06.21.2013.csv,Glenn,39.709,-122.0542,W001,2013-09-18 13:29:54,397090N1220542W001,21N02W02B002M,10/20/2008,00:00,,,35.200,0.000,35.200,163.010,162.560,127.810,34.750,UNK - Unknown,Unknown,Department of Water Resources,Voluntary,10,20,2008
Glenn_01.01.2003-06.21.2013.csv,Glenn,39.709,-122.0542,W001,2013-09-18 13:29:54,397090N1220542W001,21N02W02B002M,1/13/2009,00:00,,,30.770,0.000,30.770,163.010,162.560,132.240,30.320,UNK - Unknown,Unknown,Department of Water Resources,Voluntary,1,13,2009
Glenn_01.01.2003-06.21.2013.csv,Glenn,39.709,-122.0542,W001,2013-09-18 13:29:54,397090N1220542W001,21N02W02B002M,3/24/2009,00:00,,,25.100,0.000,25.100,163.010,162.560,137.910,24.650,UNK - Unknown,Unknown,Department of Water Resources,Voluntary,3,24,2009
Glenn_01.01.2003-06.21.2013.csv,Glenn,39.709,-122.0542,W001,2013-09-18 13:29:54,397090N1220542W001,21N02W02B002M,5/15/2009,00:00,,,38.110,0.000,38.110,163.010,162.560,124.900,37.660,UNK - Unknown,Unknown,Department of Water Resources,Voluntary,5,15,2009
Glenn_01.01.2003-06.21.2013.csv,Glenn,39.709,-122.0542,W001,2013-09-18 13:29:54,397090N1220542W001,21N02W02B002M,6/24/2009,00:00,,,40.900,0.000,40.900,163.010,162.560,122.110,40.450,UNK - Unknown,Unknown,Department of Water Resources,Voluntary,6,24,2009
Glenn_01.01.2003-06.21.2013.csv,Glenn,39.709,-122.0542,W001,2013-09-18 13:29:54,397090N1220542W001,21N02W02B002M,8/6/2009,00:00,,,44.430,0.000,44.430,163.010,162.560,118.580,43.980,UNK - Unknown,Unknown,Department of Water Resources,Voluntary,8,6,2009
Glenn_01.01.2003-06.21.2013.csv,Glenn,39.709,-122.0542,W001,2013-09-18 13:29:54,397090N1220542W001,21N02W02B002M,9/16/2009,00:00,,,41.630,0.000,41.630,163.010,162.560,121.380,41.180,UNK - Unknown,Unknown,Department of Water Resources,Voluntary,9,16,2009
Glenn_01.01.2003-06.21.2013.csv,Glenn,39.709,-122.0542,W001,2013-09-18 13:29:54,397090N1220542W001,21N02W02B002M,10/23/2009,00:00,,,38.050,0.000,38.050,163.010,162.560,124.960,37.600,UNK - Unknown,Unknown,Department of Water Resources,Voluntary,10,23,2009
Glenn_01.01.2003-06.21.2013.csv,Glenn,39.709,-122.0542,W001,2013-09-18 13:29:54,397090N1220542W001,21N02W02B002M,3/26/2010,00:00,,,24.800,0.000,24.800,163.010,162.560,138.210,24.350,UNK - Unknown,Unknown,Department of Water Resources,Voluntary,3,26,2010
Glenn_01.01.2003-06.21.2013.csv,Glenn,39.709,-122.0542,W001,2013-09-18 13:29:54,397090N1220542W001,21N02W02B002M,8/2/2010,00:00,,,40.520,0.000,40.520,163.010,162.560,122.490,40.070,UNK - Unknown,Unknown,Department of Water Resources,Voluntary,8,2,2010
Glenn_01.01.2003-06.21.2013.csv,Glenn,39.709,-122.0542,W001,2013-09-18 13:29:54,397090N1220542W001,21N02W02B002M,10/20/2010,00:00,,,31.200,0.000,31.200,163.010,162.560,131.810,30.750,UNK - Unknown,Unknown,Department of Water Resources,Voluntary,10,20,2010
Glenn_01.01.2003-06.21.2013.csv,Glenn,39.709,-122.0542,W001,2013-09-18 13:29:54,397090N1220542W001,21N02W02B002M,4/5/2011,00:00,,,20.560,0.000,20.560,163.010,162.560,142.450,20.110,UNK - Unknown,Unknown,Department of Water Resources,Voluntary,4,5,2011
Glenn_01.01.2003-06.21.2013.csv,Glenn,39.709,-122.0542,W001,2013-09-18 13:29:54,397090N1220542W001,21N02W02B002M,8/3/2011,00:00,,,34.660,0.000,34.660,163.010,162.560,128.350,34.210,UNK - Unknown,Unknown,Department of Water Resources,Voluntary,8,3,2011
Glenn_01.01.2003-06.21.2013.csv,Glenn,39.71,-122.0081,W001,2013-09-18 13:29:54,397100N1220081W001,21N01W05D001M,10/11/2011,00:00,,1 - Pumping,214.400,0.000,214.400,146.382,145.382,-68.018,213.400,ES - Electric sounder measurement,0.01 Ft,Department of Water Resources,Voluntary,10,11,2011
Glenn_01.01.2003-06.21.2013.csv,Glenn,39.71,-122.0081,W001,2013-09-18 13:29:54,397100N1220081W001,21N01W05D001M,3/29/2012,00:00,,,33.210,0.000,33.210,146.382,145.382,113.172,32.210,ES - Electric sounder measurement,0.01 Ft,Department of Water Resources,Voluntary,3,29,2012
Glenn_01.01.2003-06.21.2013.csv,Glenn,39.71,-122.0081,W001,2013-09-18 13:29:54,397100N1220081W001,21N01W05D001M,8/2/2012,00:00,,,41.370,0.000,41.370,146.382,145.382,105.012,40.370,ES - Electric sounder measurement,0.01 Ft,Department of Water Resources,Voluntary,8,2,2012
Glenn_01.01.2003-06.21.2013.csv,Glenn,39.71,-122.0081,W001,2013-09-18 13:29:54,397100N1220081W001,21N01W05D001M,10/18/2012,00:00,,,41.670,0.000,41.670,146.382,145.382,104.712,40.670,ES - Electric sounder measurement,0.01 Ft,Department of Water Resources,Voluntary,10,18,2012
Glenn_01.01.2003-06.21.2013.csv,Glenn,39.71,-122.0081,W001,2013-09-18 13:29:54,397100N1220081W001,21N01W05D001M,8/3/2011,00:00,,1 - Pumping,207.480,0.000,207.480,146.380,145.380,-61.100,206.480,UNK - Unknown,Unknown,Department of Water Resources,Voluntary,8,3,2011
Glenn_01.01.2003-06.21.2013.csv,Glenn,39.71,-122.0081,W001,2013-09-18 13:29:54,397100N1220081W001,21N01W05D001M,10/11/2011,00:00,,1 - Pumping,214.400,0.000,214.400,146.380,145.380,-68.020,213.400,UNK - Unknown,Unknown,Department of Water Resources,Voluntary,10,11,2011
Glenn_01.01.2003-06.21.2013.csv,Glenn,39.71,-122.0081,W001,2013-09-18 13:29:54,397100N1220081W001,21N01W05D001M,4/5/2011,00:00,,1 - Pumping,182.780,0.000,182.780,146.380,145.380,-36.400,181.780,UNK - Unknown,Unknown,Department of Water Resources,Voluntary,4,5,2011
Glenn_01.01.2003-06.21.2013.csv,Glenn,39.71,-122.0081,W001,2013-09-18 13:29:54,397100N1220081W001,21N01W05D001M,6/24/2011,00:00,,1 - Pumping,186.920,0.000,186.920,146.380,145.380,-40.540,185.920,UNK - Unknown,Unknown,Department of Water Resources,Voluntary,6,24,2011
Glenn_01.01.2003-06.21.2013.csv,Glenn,39.71,-122.0081,W001,2013-09-18 13:29:54,397100N1220081W001,21N01W05D001M,11/28/2011,00:00,,,58.050,0.000,58.050,146.380,145.380,88.330,57.050,UNK - Unknown,Unknown,Department of Water Resources,Voluntary,11,28,2011
Glenn_01.01.2003-06.21.2013.csv,Glenn,39.71,-122.0081,W001,2013-09-18 13:29:54,397100N1220081W001,21N01W05D001M,3/18/2013,00:00,,,31.370,0.000,31.370,146.382,145.382,115.012,30.370,ES - Electric sounder measurement,0.01 Ft,Department of Water Resources,Voluntary,3,18,2013
Glenn_01.01.2003-06.21.2013.csv,Glenn,39.7232,-122.0441,W001,2013-09-18 13:29:54,397232N1220441W001,22N02W36D001M,10/12/2011,00:00,,,18.540,0.000,18.540,167.890,167.390,149.350,18.040,ES - Electric sounder measurement,0.01 Ft,Department of Water Resources,Voluntary,10,12,2011
Glenn_01.01.2003-06.21.2013.csv,Glenn,39.7232,-122.0441,W001,2013-09-18 13:29:54,397232N1220441W001,22N02W36D001M,3/29/2012,00:00,,,21.160,0.000,21.160,167.890,167.390,146.730,20.660,ES - Electric sounder measurement,0.01 Ft,Department of Water Resources,Voluntary,3,29,2012
Glenn_01.01.2003-06.21.2013.csv,Glenn,39.7232,-122.0441,W001,2013-09-18 13:29:54,397232N1220441W001,22N02W36D001M,8/2/2012,00:00,,,26.350,0.000,26.350,167.890,167.390,141.540,25.850,ES - Electric sounder measurement,0.01 Ft,Department of Water Resources,Voluntary,8,2,2012
Glenn_01.01.2003-06.21.2013.csv,Glenn,39.7232,-122.0441,W001,2013-09-18 13:29:54,397232N1220441W001,22N02W36D001M,10/18/2012,00:00,,,19.820,0.000,19.820,167.890,167.390,148.070,19.320,ES - Electric sounder measurement,0.01 Ft,Department of Water Resources,Voluntary,10,18,2012
Glenn_01.01.2003-06.21.2013.csv,Glenn,39.7232,-122.0441,W001,2013-09-18 13:29:54,397232N1220441W001,22N02W36D001M,3/21/2013,00:00,,,19.380,0.000,19.380,167.890,167.390,148.510,18.880,ES - Electric sounder measurement,0.01 Ft,Department of Water Resources,Voluntary,3,21,2013
Glenn_01.01.2003-06.21.2013.csv,Glenn,39.7236,-122.1336,W001,2013-09-18 13:29:54,397236N1221336W001,22N02W31C001M,10/12/2011,00:00,,,22.620,0.000,22.620,206.430,205.430,183.810,21.620,ES - Electric sounder measurement,0.01 Ft,Department of Water Resources,Voluntary,10,12,2011
Glenn_01.01.2003-06.21.2013.csv,Glenn,39.7236,-122.1336,W001,2013-09-18 13:29:54,397236N1221336W001,22N02W31C001M,3/29/2012,00:00,,,24.700,0.000,24.700,206.430,205.430,181.730,23.700,ES - Electric sounder measurement,0.01 Ft,Department of Water Resources,Voluntary,3,29,2012
Glenn_01.01.2003-06.21.2013.csv,Glenn,39.7236,-122.1336,W001,2013-09-18 13:29:54,397236N1221336W001,22N02W31C001M,8/2/2012,00:00,,,47.210,0.000,47.210,206.430,205.430,159.220,46.210,ES - Electric sounder measurement,0.01 Ft,Department of Water Resources,Voluntary,8,2,2012
Glenn_01.01.2003-06.21.2013.csv,Glenn,39.7236,-122.1336,W001,2013-09-18 13:29:54,397236N1221336W001,22N02W31C001M,10/17/2012,00:00,,,33.550,0.000,33.550,206.430,205.430,172.880,32.550,ES - Electric sounder measurement,0.01 Ft,Department of Water Resources,Voluntary,10,17,2012
Glenn_01.01.2003-06.21.2013.csv,Glenn,39.7236,-122.1336,W001,2013-09-18 13:29:54,397236N1221336W001,22N02W31C001M,3/10/2003,00:00,,,13.900,0.000,13.900,206.430,205.430,192.530,12.900,UNK - Unknown,Unknown,Department of Water Resources,Voluntary,3,10,2003
Glenn_01.01.2003-06.21.2013.csv,Glenn,39.7236,-122.1336,W001,2013-09-18 13:29:54,397236N1221336W001,22N02W31C001M,4/8/2003,00:00,,,15.100,0.000,15.100,206.430,205.430,191.330,14.100,UNK - Unknown,Unknown,Department of Water Resources,Voluntary,4,8,2003
Glenn_01.01.2003-06.21.2013.csv,Glenn,39.7236,-122.1336,W001,2013-09-18 13:29:54,397236N1221336W001,22N02W31C001M,5/21/2003,00:00,,2 - Nearby pump operating,20.500,0.000,20.500,206.430,205.430,185.930,19.500,UNK - Unknown,Unknown,Department of Water Resources,Voluntary,5,21,2003
Glenn_01.01.2003-06.21.2013.csv,Glenn,39.7236,-122.1336,W001,2013-09-18 13:29:54,397236N1221336W001,22N02W31C001M,6/25/2003,00:00,,4 - Pumped recently,37.200,0.000,37.200,206.430,205.430,169.230,36.200,UNK - Unknown,Unknown,Department of Water Resources,Voluntary,6,25,2003
Glenn_01.01.2003-06.21.2013.csv,Glenn,39.7236,-122.1336,W001,2013-09-18 13:29:54,397236N1221336W001,22N02W31C001M,7/11/2003,00:00,,,13.400,0.000,13.400,206.430,205.430,193.030,12.400,UNK - Unknown,Unknown,Department of Water Resources,Voluntary,7,11,2003
Glenn_01.01.2003-06.21.2013.csv,Glenn,39.7236,-122.1336,W001,2013-09-18 13:29:54,397236N1221336W001,22N02W31C001M,7/18/2003,00:00,,,37.700,0.000,37.700,206.430,205.430,168.730,36.700,UNK - Unknown,Unknown,Department of Water Resources,Voluntary,7,18,2003
Glenn_01.01.2003-06.21.2013.csv,Glenn,39.7236,-122.1336,W001,2013-09-18 13:29:54,397236N1221336W001,22N02W31C001M,7/24/2003,00:00,,,31.900,0.000,31.900,206.430,205.430,174.530,30.900,UNK - Unknown,Unknown,Department of Water Resources,Voluntary,7,24,2003
Glenn_01.01.2003-06.21.2013.csv,Glenn,39.7236,-122.1336,W001,2013-09-18 13:29:54,397236N1221336W001,22N02W31C001M,7/31/2003,00:00,,,25.600,0.000,25.600,206.430,205.430,180.830,24.600,UNK - Unknown,Unknown,Department of Water Resources,Voluntary,7,31,2003
Glenn_01.01.2003-06.21.2013.csv,Glenn,39.7236,-122.1336,W001,2013-09-18 13:29:54,397236N1221336W001,22N02W31C001M,8/27/2003,00:00,,,21.300,0.000,21.300,206.430,205.430,185.130,20.300,UNK - Unknown,Unknown,Department of Water Resources,Voluntary,8,27,2003
Glenn_01.01.2003-06.21.2013.csv,Glenn,39.7236,-122.1336,W001,2013-09-18 13:29:54,397236N1221336W001,22N02W31C001M,8/7/2003,00:00,,,23.900,0.000,23.900,206.430,205.430,182.530,22.900,UNK - Unknown,Unknown,Department of Water Resources,Voluntary,8,7,2003
Glenn_01.01.2003-06.21.2013.csv,Glenn,39.7236,-122.1336,W001,2013-09-18 13:29:54,397236N1221336W001,22N02W31C001M,8/14/2003,00:00,,,29.100,0.000,29.100,206.430,205.430,177.330,28.100,UNK - Unknown,Unknown,Department of Water Resources,Voluntary,8,14,2003
Glenn_01.01.2003-06.21.2013.csv,Glenn,39.7236,-122.1336,W001,2013-09-18 13:29:54,397236N1221336W001,22N02W31C001M,8/21/2003,00:00,,,22.700,0.000,22.700,206.430,205.430,183.730,21.700,UNK - Unknown,Unknown,Department of Water Resources,Voluntary,8,21,2003
Glenn_01.01.2003-06.21.2013.csv,Glenn,39.7236,-122.1336,W001,2013-09-18 13:29:54,397236N1221336W001,22N02W31C001M,9/4/2003,00:00,,,20.300,0.000,20.300,206.430,205.430,186.130,19.300,UNK - Unknown,Unknown,Department of Water Resources,Voluntary,9,4,2003
Glenn_01.01.2003-06.21.2013.csv,Glenn,39.7236,-122.1336,W001,2013-09-18 13:29:54,397236N1221336W001,22N02W31C001M,9/17/2003,00:00,,,22.100,0.000,22.100,206.430,205.430,184.330,21.100,UNK - Unknown,Unknown,Department of Water Resources,Voluntary,9,17,2003
Glenn_01.01.2003-06.21.2013.csv,Glenn,39.7236,-122.1336,W001,2013-09-18 13:29:54,397236N1221336W001,22N02W31C001M,9/25/2003,00:00,,,21.600,0.000,21.600,206.430,205.430,184.830,20.600,UNK - Unknown,Unknown,Department of Water Resources,Voluntary,9,25,2003
Glenn_01.01.2003-06.21.2013.csv,Glenn,39.7236,-122.1336,W001,2013-09-18 13:29:54,397236N1221336W001,22N02W31C001M,10/2/2003,00:00,,,19.700,0.000,19.700,206.430,205.430,186.730,18.700,UNK - Unknown,Unknown,Department of Water Resources,Voluntary,10,2,2003
Glenn_01.01.2003-06.21.2013.csv,Glenn,39.7236,-122.1336,W001,2013-09-18 13:29:54,397236N1221336W001,22N02W31C001M,10/16/2003,00:00,,,19.300,0.000,19.300,206.430,205.430,187.130,18.300,UNK - Unknown,Unknown,Department of Water Resources,Voluntary,10,16,2003
Glenn_01.01.2003-06.21.2013.csv,Glenn,39.7236,-122.1336,W001,2013-09-18 13:29:54,397236N1221336W001,22N02W31C001M,10/9/2003,00:00,,,23.100,0.000,23.100,206.430,205.430,183.330,22.100,UNK - Unknown,Unknown,Department of Water Resources,Voluntary,10,9,2003
Glenn_01.01.2003-06.21.2013.csv,Glenn,39.7236,-122.1336,W001,2013-09-18 13:29:54,397236N1221336W001,22N02W31C001M,10/23/2003,00:00,,1 - Pumping,12.200,0.000,12.200,206.430,205.430,194.230,11.200,UNK - Unknown,Unknown,Department of Water Resources,Voluntary,10,23,2003
Glenn_01.01.2003-06.21.2013.csv,Glenn,39.7236,-122.1336,W001,2013-09-18 13:29:54,397236N1221336W001,22N02W31C001M,10/30/2003,00:00,,,21.200,0.000,21.200,206.430,205.430,185.230,20.200,UNK - Unknown,Unknown,Department of Water Resources,Voluntary,10,30,2003
Glenn_01.01.2003-06.21.2013.csv,Glenn,39.7236,-122.1336,W001,2013-09-18 13:29:54,397236N1221336W001,22N02W31C001M,11/17/2003,00:00,,,18.600,0.000,18.600,206.430,205.430,187.830,17.600,UNK - Unknown,Unknown,Department of Water Resources,Voluntary,11,17,2003
Glenn_01.01.2003-06.21.2013.csv,Glenn,39.7236,-122.1336,W001,2013-09-18 13:29:54,397236N1221336W001,22N02W31C001M,11/6/2003,00:00,,,18.900,0.000,18.900,206.430,205.430,187.530,17.900,UNK - Unknown,Unknown,Department of Water Resources,Voluntary,11,6,2003
Glenn_01.01.2003-06.21.2013.csv,Glenn,39.7236,-122.1336,W001,2013-09-18 13:29:54,397236N1221336W001,22N02W31C001M,11/13/2003,00:00,,,18.700,0.000,18.700,206.430,205.430,187.730,17.700,UNK - Unknown,Unknown,Department of Water Resources,Voluntary,11,13,2003
Glenn_01.01.2003-06.21.2013.csv,Glenn,39.7236,-122.1336,W001,2013-09-18 13:29:54,397236N1221336W001,22N02W31C001M,3/31/2004,00:00,,,11.100,0.000,11.100,206.430,205.430,195.330,10.100,UNK - Unknown,Unknown,Department of Water Resources,Voluntary,3,31,2004
Glenn_01.01.2003-06.21.2013.csv,Glenn,39.7236,-122.1336,W001,2013-09-18 13:29:54,397236N1221336W001,22N02W31C001M,4/26/2004,00:00,,,22.800,0.000,22.800,206.430,205.430,183.630,21.800,UNK - Unknown,Unknown,Department of Water Resources,Voluntary,4,26,2004
Glenn_01.01.2003-06.21.2013.csv,Glenn,39.7236,-122.1336,W001,2013-09-18 13:29:54,397236N1221336W001,22N02W31C001M,5/24/2004,00:00,,,16.200,0.000,16.200,206.430,205.430,190.230,15.200,UNK - Unknown,Unknown,Department of Water Resources,Voluntary,5,24,2004
Glenn_01.01.2003-06.21.2013.csv,Glenn,39.7236,-122.1336,W001,2013-09-18 13:29:54,397236N1221336W001,22N02W31C001M,6/21/2004,00:00,,,19.800,0.000,19.800,206.430,205.430,186.630,18.800,UNK - Unknown,Unknown,Department of Water Resources,Voluntary,6,21,2004
Glenn_01.01.2003-06.21.2013.csv,Glenn,39.7236,-122.1336,W001,2013-09-18 13:29:54,397236N1221336W001,22N02W31C001M,7/26/2004,00:00,,,20.600,0.000,20.600,206.430,205.430,185.830,19.600,UNK - Unknown,Unknown,Department of Water Resources,Voluntary,7,26,2004
Glenn_01.01.2003-06.21.2013.csv,Glenn,39.7236,-122.1336,W001,2013-09-18 13:29:54,397236N1221336W001,22N02W31C001M,8/25/2004,00:00,,,19.500,0.000,19.500,206.430,205.430,186.930,18.500,UNK - Unknown,Unknown,Department of Water Resources,Voluntary,8,25,2004
Glenn_01.01.2003-06.21.2013.csv,Glenn,39.7236,-122.1336,W001,2013-09-18 13:29:54,397236N1221336W001,22N02W31C001M,9/22/2004,00:00,,4 - Pumped recently,21.200,0.000,21.200,206.430,205.430,185.230,20.200,UNK - Unknown,Unknown,Department of Water Resources,Voluntary,9,22,2004
Glenn_01.01.2003-06.21.2013.csv,Glenn,39.7236,-122.1336,W001,2013-09-18 13:29:54,397236N1221336W001,22N02W31C001M,10/18/2004,00:00,,,19.300,0.000,19.300,206.430,205.430,187.130,18.300,UNK - Unknown,Unknown,Department of Water Resources,Voluntary,10,18,2004
Glenn_01.01.2003-06.21.2013.csv,Glenn,39.7236,-122.1336,W001,2013-09-18 13:29:54,397236N1221336W001,22N02W31C001M,11/16/2004,00:00,,,18.700,0.000,18.700,206.430,205.430,187.730,17.700,UNK - Unknown,Unknown,Department of Water Resources,Voluntary,11,16,2004
Glenn_01.01.2003-06.21.2013.csv,Glenn,39.7236,-122.1336,W001,2013-09-18 13:29:54,397236N1221336W001,22N02W31C001M,3/29/2005,00:00,,,12.500,0.000,12.500,206.430,205.430,193.930,11.500,UNK - Unknown,Unknown,Department of Water Resources,Voluntary,3,29,2005
Glenn_01.01.2003-06.21.2013.csv,Glenn,39.7236,-122.1336,W001,2013-09-18 13:29:54,397236N1221336W001,22N02W31C001M,4/28/2005,00:00,,,14.680,0.000,14.680,206.430,205.430,191.750,13.680,UNK - Unknown,Unknown,Department of Water Resources,Voluntary,4,28,2005
Glenn_01.01.2003-06.21.2013.csv,Glenn,39.7236,-122.1336,W001,2013-09-18 13:29:54,397236N1221336W001,22N02W31C001M,5/27/2005,00:00,,,15.200,0.000,15.200,206.430,205.430,191.230,14.200,UNK - Unknown,Unknown,Department of Water Resources,Voluntary,5,27,2005
Glenn_01.01.2003-06.21.2013.csv,Glenn,39.7236,-122.1336,W001,2013-09-18 13:29:54,397236N1221336W001,22N02W31C001M,6/23/2005,00:00,,,18.100,0.000,18.100,206.430,205.430,188.330,17.100,UNK - Unknown,Unknown,Department of Water Resources,Voluntary,6,23,2005
Glenn_01.01.2003-06.21.2013.csv,Glenn,39.7236,-122.1336,W001,2013-09-18 13:29:54,397236N1221336W001,22N02W31C001M,7/29/2005,00:00,,,32.000,0.000,32.000,206.430,205.430,174.430,31.000,UNK - Unknown,Unknown,Department of Water Resources,Voluntary,7,29,2005
Glenn_01.01.2003-06.21.2013.csv,Glenn,39.7236,-122.1336,W001,2013-09-18 13:29:54,397236N1221336W001,22N02W31C001M,8/26/2005,00:00,,,20.700,0.000,20.700,206.430,205.430,185.730,19.700,UNK - Unknown,Unknown,Department of Water Resources,Voluntary,8,26,2005
Glenn_01.01.2003-06.21.2013.csv,Glenn,39.7236,-122.1336,W001,2013-09-18 13:29:54,397236N1221336W001,22N02W31C001M,9/29/2005,00:00,,,21.500,0.000,21.500,206.430,205.430,184.930,20.500,UNK - Unknown,Unknown,Department of Water Resources,Voluntary,9,29,2005
Glenn_01.01.2003-06.21.2013.csv,Glenn,39.7236,-122.1336,W001,2013-09-18 13:29:54,397236N1221336W001,22N02W31C001M,10/20/2005,00:00,,,20.300,0.000,20.300,206.430,205.430,186.130,19.300,UNK - Unknown,Unknown,Department of Water Resources,Voluntary,10,20,2005
Glenn_01.01.2003-06.21.2013.csv,Glenn,39.7236,-122.1336,W001,2013-09-18 13:29:54,397236N1221336W001,22N02W31C001M,3/29/2006,00:00,,,11.700,0.000,11.700,206.430,205.430,194.730,10.700,UNK - Unknown,Unknown,Department of Water Resources,Voluntary,3,29,2006
Glenn_01.01.2003-06.21.2013.csv,Glenn,39.7236,-122.1336,W001,2013-09-18 13:29:54,397236N1221336W001,22N02W31C001M,5/19/2006,00:00,,,13.200,0.000,13.200,206.430,205.430,193.230,12.200,UNK - Unknown,Unknown,Department of Water Resources,Voluntary,5,19,2006
Glenn_01.01.2003-06.21.2013.csv,Glenn,39.7236,-122.1336,W001,2013-09-18 13:29:54,397236N1221336W001,22N02W31C001M,8/3/2006,00:00,,,20.700,0.000,20.700,206.430,205.430,185.730,19.700,UNK - Unknown,Unknown,Department of Water Resources,Voluntary,8,3,2006
Glenn_01.01.2003-06.21.2013.csv,Glenn,39.7236,-122.1336,W001,2013-09-18 13:29:54,397236N1221336W001,22N02W31C001M,10/12/2006,00:00,,,19.000,0.000,19.000,206.430,205.430,187.430,18.000,UNK - Unknown,Unknown,Department of Water Resources,Voluntary,10,12,2006
Glenn_01.01.2003-06.21.2013.csv,Glenn,39.7236,-122.1336,W001,2013-09-18 13:29:54,397236N1221336W001,22N02W31C001M,3/20/2007,00:00,,,27.350,0.000,27.350,206.430,205.430,179.080,26.350,UNK - Unknown,Unknown,Department of Water Resources,Voluntary,3,20,2007
Glenn_01.01.2003-06.21.2013.csv,Glenn,39.7236,-122.1336,W001,2013-09-18 13:29:54,397236N1221336W001,22N02W31C001M,8/9/2007,00:00,,,35.200,0.000,35.200,206.430,205.430,171.230,34.200,UNK - Unknown,Unknown,Department of Water Resources,Voluntary,8,9,2007
Glenn_01.01.2003-06.21.2013.csv,Glenn,39.7236,-122.1336,W001,2013-09-18 13:29:54,397236N1221336W001,22N02W31C001M,10/15/2007,00:00,,,26.110,0.000,26.110,206.430,205.430,180.320,25.110,UNK - Unknown,Unknown,Department of Water Resources,Voluntary,10,15,2007
Glenn_01.01.2003-06.21.2013.csv,Glenn,39.7236,-122.1336,W001,2013-09-18 13:29:54,397236N1221336W001,22N02W31C001M,3/13/2008,00:00,,,18.450,0.000,18.450,206.430,205.430,187.980,17.450,UNK - Unknown,Unknown,Department of Water Resources,Voluntary,3,13,2008
Glenn_01.01.2003-06.21.2013.csv,Glenn,39.7236,-122.1336,W001,2013-09-18 13:29:54,397236N1221336W001,22N02W31C001M,8/5/2008,00:00,,,34.810,0.000,34.810,206.430,205.430,171.620,33.810,UNK - Unknown,Unknown,Department of Water Resources,Voluntary,8,5,2008
Glenn_01.01.2003-06.21.2013.csv,Glenn,39.7236,-122.1336,W001,2013-09-18 13:29:54,397236N1221336W001,22N02W31C001M,10/22/2008,00:00,,,28.600,0.000,28.600,206.430,205.430,177.830,27.600,UNK - Unknown,Unknown,Department of Water Resources,Voluntary,10,22,2008
Glenn_01.01.2003-06.21.2013.csv,Glenn,39.7236,-122.1336,W001,2013-09-18 13:29:54,397236N1221336W001,22N02W31C001M,1/12/2009,00:00,,,26.960,0.000,26.960,206.430,205.430,179.470,25.960,UNK - Unknown,Unknown,Department of Water Resources,Voluntary,1,12,2009
Glenn_01.01.2003-06.21.2013.csv,Glenn,39.7236,-122.1336,W001,2013-09-18 13:29:54,397236N1221336W001,22N02W31C001M,3/23/2009,00:00,,,19.370,0.000,19.370,206.430,205.430,187.060,18.370,UNK - Unknown,Unknown,Department of Water Resources,Voluntary,3,23,2009
Glenn_01.01.2003-06.21.2013.csv,Glenn,39.7236,-122.1336,W001,2013-09-18 13:29:54,397236N1221336W001,22N02W31C001M,5/14/2009,00:00,,,31.490,0.000,31.490,206.430,205.430,174.940,30.490,UNK - Unknown,Unknown,Department of Water Resources,Voluntary,5,14,2009
Glenn_01.01.2003-06.21.2013.csv,Glenn,39.7236,-122.1336,W001,2013-09-18 13:29:54,397236N1221336W001,22N02W31C001M,6/24/2009,00:00,,,35.900,0.000,35.900,206.430,205.430,170.530,34.900,UNK - Unknown,Unknown,Department of Water Resources,Voluntary,6,24,2009
Glenn_01.01.2003-06.21.2013.csv,Glenn,39.7236,-122.1336,W001,2013-09-18 13:29:54,397236N1221336W001,22N02W31C001M,8/6/2009,00:00,,,37.900,0.000,37.900,206.430,205.430,168.530,36.900,UNK - Unknown,Unknown,Department of Water Resources,Voluntary,8,6,2009
Glenn_01.01.2003-06.21.2013.csv,Glenn,39.7236,-122.1336,W001,2013-09-18 13:29:54,397236N1221336W001,22N02W31C001M,9/16/2009,00:00,,,36.490,0.000,36.490,206.430,205.430,169.940,35.490,UNK - Unknown,Unknown,Department of Water Resources,Voluntary,9,16,2009
Glenn_01.01.2003-06.21.2013.csv,Glenn,39.7236,-122.1336,W001,2013-09-18 13:29:54,397236N1221336W001,22N02W31C001M,10/22/2009,00:00,,,29.950,0.000,29.950,206.430,205.430,176.480,28.950,UNK - Unknown,Unknown,Department of Water Resources,Voluntary,10,22,2009
Glenn_01.01.2003-06.21.2013.csv,Glenn,39.7236,-122.1336,W001,2013-09-18 13:29:54,397236N1221336W001,22N02W31C001M,3/24/2010,00:00,,,17.040,0.000,17.040,206.430,205.430,189.390,16.040,UNK - Unknown,Unknown,Department of Water Resources,Voluntary,3,24,2010
Glenn_01.01.2003-06.21.2013.csv,Glenn,39.7236,-122.1336,W001,2013-09-18 13:29:54,397236N1221336W001,22N02W31C001M,8/2/2010,00:00,,,34.920,0.000,34.920,206.430,205.430,171.510,33.920,UNK - Unknown,Unknown,Department of Water Resources,Voluntary,8,2,2010
Glenn_01.01.2003-06.21.2013.csv,Glenn,39.7236,-122.1336,W001,2013-09-18 13:29:54,397236N1221336W001,22N02W31C001M,10/18/2010,00:00,,,27.600,0.000,27.600,206.430,205.430,178.830,26.600,UNK - Unknown,Unknown,Department of Water Resources,Voluntary,10,18,2010
Glenn_01.01.2003-06.21.2013.csv,Glenn,39.7236,-122.1336,W001,2013-09-18 13:29:54,397236N1221336W001,22N02W31C001M,2/11/2011,00:00,,,21.450,0.000,21.450,206.430,205.430,184.980,20.450,UNK - Unknown,Unknown,Department of Water Resources,Voluntary,2,11,2011
Glenn_01.01.2003-06.21.2013.csv,Glenn,39.7236,-122.1336,W001,2013-09-18 13:29:54,397236N1221336W001,22N02W31C001M,4/5/2011,00:00,,,17.030,0.000,17.030,206.430,205.430,189.400,16.030,UNK - Unknown,Unknown,Department of Water Resources,Voluntary,4,5,2011
Glenn_01.01.2003-06.21.2013.csv,Glenn,39.7236,-122.1336,W001,2013-09-18 13:29:54,397236N1221336W001,22N02W31C001M,8/3/2011,00:00,,,28.900,0.000,28.900,206.430,205.430,177.530,27.900,UNK - Unknown,Unknown,Department of Water Resources,Voluntary,8,3,2011
Glenn_01.01.2003-06.21.2013.csv,Glenn,39.7236,-122.1336,W001,2013-09-18 13:29:54,397236N1221336W001,22N02W31C001M,10/12/2011,00:00,,,22.620,0.000,22.620,206.430,205.430,183.810,21.620,UNK - Unknown,Unknown,Department of Water Resources,Voluntary,10,12,2011
Glenn_01.01.2003-06.21.2013.csv,Glenn,39.7236,-122.1336,W001,2013-09-18 13:29:54,397236N1221336W001,22N02W31C001M,3/21/2013,00:00,,,23.010,0.000,23.010,206.430,205.430,183.420,22.010,ES - Electric sounder measurement,0.01 Ft,Department of Water Resources,Voluntary,3,21,2013
Glenn_01.01.2003-06.21.2013.csv,Glenn,39.7253,-122.1281,W001,2013-09-18 13:29:54,397253N1221281W001,OAWD Prod Well #2,10/12/2011,00:00,,,114.380,0.000,114.380,210.080,207.430,95.700,111.730,ES - Electric sounder measurement,0.01 Ft,Department of Water Resources,Voluntary,10,12,2011
Glenn_01.01.2003-06.21.2013.csv,Glenn,39.7253,-122.1281,W001,2013-09-18 13:29:54,397253N1221281W001,OAWD Prod Well #2,3/29/2012,00:00,,,96.700,0.000,96.700,210.080,207.430,113.380,94.050,ES - Electric sounder measurement,0.01 Ft,Department of Water Resources,Voluntary,3,29,2012
Glenn_01.01.2003-06.21.2013.csv,Glenn,39.7253,-122.1281,W001,2013-09-18 13:29:54,397253N1221281W001,OAWD Prod Well #2,8/2/2012,00:00,,,97.160,0.000,97.160,210.080,207.430,112.920,94.510,ES - Electric sounder measurement,0.01 Ft,Department of Water Resources,Voluntary,8,2,2012
Glenn_01.01.2003-06.21.2013.csv,Glenn,39.7253,-122.1281,W001,2013-09-18 13:29:54,397253N1221281W001,OAWD Prod Well #2,10/17/2012,00:00,,,100.840,0.000,100.840,210.080,207.430,109.240,98.190,ES - Electric sounder measurement,0.01 Ft,Department of Water Resources,Voluntary,10,17,2012
Glenn_01.01.2003-06.21.2013.csv,Glenn,39.7253,-122.1281,W001,2013-09-18 13:29:54,397253N1221281W001,OAWD Prod Well #2,8/2/2010,00:00,,,92.610,0.000,92.610,210.080,207.430,117.470,89.960,UNK - Unknown,Unknown,Department of Water Resources,Voluntary,8,2,2010
Glenn_01.01.2003-06.21.2013.csv,Glenn,39.7253,-122.1281,W001,2013-09-18 13:29:54,397253N1221281W001,OAWD Prod Well #2,2/9/2011,00:00,,,93.400,0.000,93.400,210.080,207.430,116.680,90.750,UNK - Unknown,Unknown,Department of Water Resources,Voluntary,2,9,2011
Glenn_01.01.2003-06.21.2013.csv,Glenn,39.7253,-122.1281,W001,2013-09-18 13:29:54,397253N1221281W001,OAWD Prod Well #2,2/11/2011,00:00,,,216.400,0.000,216.400,210.080,207.430,-6.320,213.750,UNK - Unknown,Unknown,Department of Water Resources,Voluntary,PUMPING TEST BEGAN 02/09/112,11,2011
Glenn_01.01.2003-06.21.2013.csv,Glenn,39.7253,-122.1281,W001,2013-09-18 13:29:54,397253N1221281W001,OAWD Prod Well #2,2/14/2011,00:00,,,227.680,0.000,227.680,210.080,207.430,-17.600,225.030,UNK - Unknown,Unknown,Department of Water Resources,Voluntary,PUMPING TEST - ON GOING2,14,2011
Glenn_01.01.2003-06.21.2013.csv,Glenn,39.7253,-122.1281,W001,2013-09-18 13:29:54,397253N1221281W001,OAWD Prod Well #2,8/3/2011,00:00,,,94.150,0.000,94.150,210.080,207.430,115.930,91.500,UNK - Unknown,Unknown,Department of Water Resources,Voluntary,8,3,2011
Glenn_01.01.2003-06.21.2013.csv,Glenn,39.7253,-122.1281,W001,2013-09-18 13:29:54,397253N1221281W001,OAWD Prod Well #2,10/12/2011,00:00,,,114.380,0.000,114.380,210.080,207.430,95.700,111.730,UNK - Unknown,Unknown,Department of Water Resources,Voluntary,10,12,2011
Glenn_01.01.2003-06.21.2013.csv,Glenn,39.7253,-122.1281,W001,2013-09-18 13:29:54,397253N1221281W001,OAWD Prod Well #2,4/5/2011,00:00,,,99.990,0.000,99.990,210.080,207.430,110.090,97.340,UNK - Unknown,Unknown,Department of Water Resources,Voluntary,4,5,2011
Glenn_01.01.2003-06.21.2013.csv,Glenn,39.7253,-122.1281,W001,2013-09-18 13:29:54,397253N1221281W001,OAWD Prod Well #2,11/28/2011,00:00,,,121.260,0.000,121.260,210.080,207.430,88.820,118.610,UNK - Unknown,Unknown,Department of Water Resources,Voluntary,11,28,2011
Glenn_01.01.2003-06.21.2013.csv,Glenn,39.7253,-122.1281,W001,2013-09-18 13:29:54,397253N1221281W001,OAWD Prod Well #2,3/21/2013,00:00,,,95.650,0.000,95.650,210.080,207.430,114.430,93.000,ES - Electric sounder measurement,0.01 Ft,Department of Water Resources,Voluntary,3,21,2013
Glenn_01.01.2003-06.21.2013.csv,Glenn,39.7253,-122.1812,W001,2013-09-18 13:29:54,397253N1221812W001,22N03W34A001M,10/12/2011,00:00,,,14.510,0.000,14.510,235.950,235.450,221.440,14.010,ES - Electric sounder measurement,0.01 Ft,Department of Water Resources,Voluntary,10,12,2011
Glenn_01.01.2003-06.21.2013.csv,Glenn,39.7253,-122.1812,W001,2013-09-18 13:29:54,397253N1221812W001,22N03W34A001M,3/29/2012,00:00,,,18.210,0.000,18.210,235.950,235.450,217.740,17.710,ES - Electric sounder measurement,0.01 Ft,Department of Water Resources,Voluntary,3,29,2012
Glenn_01.01.2003-06.21.2013.csv,Glenn,39.7253,-122.1812,W001,2013-09-18 13:29:54,397253N1221812W001,22N03W34A001M,8/2/2012,00:00,,,23.680,0.000,23.680,235.950,235.450,212.270,23.180,ES - Electric sounder measurement,0.01 Ft,Department of Water Resources,Voluntary,8,2,2012
Glenn_01.01.2003-06.21.2013.csv,Glenn,39.7253,-122.1812,W001,2013-09-18 13:29:54,397253N1221812W001,22N03W34A001M,10/17/2012,00:00,,,18.620,0.000,18.620,235.950,235.450,217.330,18.120,ES - Electric sounder measurement,0.01 Ft,Department of Water Resources,Voluntary,10,17,2012
Glenn_01.01.2003-06.21.2013.csv,Glenn,39.7253,-122.1812,W001,2013-09-18 13:29:54,397253N1221812W001,22N03W34A001M,3/10/2003,00:00,9 - Temporarily inaccessible,,NULL,NULL,NULL,235.950,235.450,NULL,NULL,,,Department of Water Resources,Voluntary,3,10,2003
Glenn_01.01.2003-06.21.2013.csv,Glenn,39.7253,-122.1812,W001,2013-09-18 13:29:54,397253N1221812W001,22N03W34A001M,4/8/2003,00:00,9 - Temporarily inaccessible,,NULL,NULL,NULL,235.950,235.450,NULL,NULL,,,Department of Water Resources,Voluntary,4,8,2003
Glenn_01.01.2003-06.21.2013.csv,Glenn,39.7253,-122.1812,W001,2013-09-18 13:29:54,397253N1221812W001,22N03W34A001M,5/21/2003,00:00,9 - Temporarily inaccessible,,NULL,NULL,NULL,235.950,235.450,NULL,NULL,,,Department of Water Resources,Voluntary,5,21,2003
Glenn_01.01.2003-06.21.2013.csv,Glenn,39.7253,-122.1812,W001,2013-09-18 13:29:54,397253N1221812W001,22N03W34A001M,6/25/2003,00:00,,,14.100,0.000,14.100,235.950,235.450,221.850,13.600,UNK - Unknown,Unknown,Department of Water Resources,Voluntary,6,25,2003
Glenn_01.01.2003-06.21.2013.csv,Glenn,39.7253,-122.1812,W001,2013-09-18 13:29:54,397253N1221812W001,22N03W34A001M,7/30/2003,00:00,,,13.900,0.000,13.900,235.950,235.450,222.050,13.400,UNK - Unknown,Unknown,Department of Water Resources,Voluntary,7,30,2003
Glenn_01.01.2003-06.21.2013.csv,Glenn,39.7253,-122.1812,W001,2013-09-18 13:29:54,397253N1221812W001,22N03W34A001M,8/27/2003,00:00,,,12.400,0.000,12.400,235.950,235.450,223.550,11.900,UNK - Unknown,Unknown,Department of Water Resources,Voluntary,8,27,2003
Glenn_01.01.2003-06.21.2013.csv,Glenn,39.7253,-122.1812,W001,2013-09-18 13:29:54,397253N1221812W001,22N03W34A001M,9/17/2003,00:00,,,12.500,0.000,12.500,235.950,235.450,223.450,12.000,UNK - Unknown,Unknown,Department of Water Resources,Voluntary,9,17,2003
Glenn_01.01.2003-06.21.2013.csv,Glenn,39.7253,-122.1812,W001,2013-09-18 13:29:54,397253N1221812W001,22N03W34A001M,10/16/2003,00:00,,,13.200,0.000,13.200,235.950,235.450,222.750,12.700,UNK - Unknown,Unknown,Department of Water Resources,Voluntary,10,16,2003
Glenn_01.01.2003-06.21.2013.csv,Glenn,39.7253,-122.1812,W001,2013-09-18 13:29:54,397253N1221812W001,22N03W34A001M,11/17/2003,00:00,,,12.800,0.000,12.800,235.950,235.450,223.150,12.300,UNK - Unknown,Unknown,Department of Water Resources,Voluntary,11,17,2003
Glenn_01.01.2003-06.21.2013.csv,Glenn,39.7253,-122.1812,W001,2013-09-18 13:29:54,397253N1221812W001,22N03W34A001M,3/31/2004,00:00,,,9.100,0.000,9.100,235.950,235.450,226.850,8.600,UNK - Unknown,Unknown,Department of Water Resources,Voluntary,3,31,2004
Glenn_01.01.2003-06.21.2013.csv,Glenn,39.7253,-122.1812,W001,2013-09-18 13:29:54,397253N1221812W001,22N03W34A001M,4/26/2004,00:00,,,10.100,0.000,10.100,235.950,235.450,225.850,9.600,UNK - Unknown,Unknown,Department of Water Resources,Voluntary,4,26,2004
Glenn_01.01.2003-06.21.2013.csv,Glenn,39.7253,-122.1812,W001,2013-09-18 13:29:54,397253N1221812W001,22N03W34A001M,5/24/2004,00:00,,1 - Pumping,11.100,0.000,11.100,235.950,235.450,224.850,10.600,UNK - Unknown,Unknown,Department of Water Resources,Voluntary,5,24,2004
Glenn_01.01.2003-06.21.2013.csv,Glenn,39.7253,-122.1812,W001,2013-09-18 13:29:54,397253N1221812W001,22N03W34A001M,6/21/2004,00:00,,,11.700,0.000,11.700,235.950,235.450,224.250,11.200,UNK - Unknown,Unknown,Department of Water Resources,Voluntary,6,21,2004
Glenn_01.01.2003-06.21.2013.csv,Glenn,39.7253,-122.1812,W001,2013-09-18 13:29:54,397253N1221812W001,22N03W34A001M,7/26/2004,00:00,,,12.800,0.000,12.800,235.950,235.450,223.150,12.300,UNK - Unknown,Unknown,Department of Water Resources,Voluntary,7,26,2004
Glenn_01.01.2003-06.21.2013.csv,Glenn,39.7253,-122.1812,W001,2013-09-18 13:29:54,397253N1221812W001,22N03W34A001M,8/25/2004,00:00,,1 - Pumping,13.500,0.000,13.500,235.950,235.450,222.450,13.000,UNK - Unknown,Unknown,Department of Water Resources,Voluntary,8,25,2004
Glenn_01.01.2003-06.21.2013.csv,Glenn,39.7253,-122.1812,W001,2013-09-18 13:29:54,397253N1221812W001,22N03W34A001M,9/22/2004,00:00,,,13.700,0.000,13.700,235.950,235.450,222.250,13.200,UNK - Unknown,Unknown,Department of Water Resources,Voluntary,9,22,2004
Glenn_01.01.2003-06.21.2013.csv,Glenn,39.7253,-122.1812,W001,2013-09-18 13:29:54,397253N1221812W001,22N03W34A001M,10/18/2004,00:00,,,13.300,0.000,13.300,235.950,235.450,222.650,12.800,UNK - Unknown,Unknown,Department of Water Resources,Voluntary,10,18,2004
Glenn_01.01.2003-06.21.2013.csv,Glenn,39.7253,-122.1812,W001,2013-09-18 13:29:54,397253N1221812W001,22N03W34A001M,11/16/2004,00:00,,,13.500,0.000,13.500,235.950,235.450,222.450,13.000,UNK - Unknown,Unknown,Department of Water Resources,Voluntary,11,16,2004
Glenn_01.01.2003-06.21.2013.csv,Glenn,39.7253,-122.1812,W001,2013-09-18 13:29:54,397253N1221812W001,22N03W34A001M,3/29/2005,00:00,,,10.300,0.000,10.300,235.950,235.450,225.650,9.800,UNK - Unknown,Unknown,Department of Water Resources,Voluntary,3,29,2005
Glenn_01.01.2003-06.21.2013.csv,Glenn,39.7253,-122.1812,W001,2013-09-18 13:29:54,397253N1221812W001,22N03W34A001M,5/26/2005,00:00,,,12.800,0.000,12.800,235.950,235.450,223.150,12.300,UNK - Unknown,Unknown,Department of Water Resources,Voluntary,5,26,2005
Glenn_01.01.2003-06.21.2013.csv,Glenn,39.7253,-122.1812,W001,2013-09-18 13:29:54,397253N1221812W001,22N03W34A001M,6/23/2005,00:00,,,16.000,0.000,16.000,235.950,235.450,219.950,15.500,UNK - Unknown,Unknown,Department of Water Resources,Voluntary,6,23,2005
Glenn_01.01.2003-06.21.2013.csv,Glenn,39.7253,-122.1812,W001,2013-09-18 13:29:54,397253N1221812W001,22N03W34A001M,7/28/2005,00:00,,,16.400,0.000,16.400,235.950,235.450,219.550,15.900,UNK - Unknown,Unknown,Department of Water Resources,Voluntary,7,28,2005
Glenn_01.01.2003-06.21.2013.csv,Glenn,39.7253,-122.1812,W001,2013-09-18 13:29:54,397253N1221812W001,22N03W34A001M,8/26/2005,00:00,,,15.800,0.000,15.800,235.950,235.450,220.150,15.300,UNK - Unknown,Unknown,Department of Water Resources,Voluntary,8,26,2005
Glenn_01.01.2003-06.21.2013.csv,Glenn,39.7253,-122.1812,W001,2013-09-18 13:29:54,397253N1221812W001,22N03W34A001M,9/29/2005,00:00,,1 - Pumping,16.000,0.000,16.000,235.950,235.450,219.950,15.500,UNK - Unknown,Unknown,Department of Water Resources,Voluntary,9,29,2005
Glenn_01.01.2003-06.21.2013.csv,Glenn,39.7253,-122.1812,W001,2013-09-18 13:29:54,397253N1221812W001,22N03W34A001M,10/20/2005,00:00,,1 - Pumping,14.100,0.000,14.100,235.950,235.450,221.850,13.600,UNK - Unknown,Unknown,Department of Water Resources,Voluntary,10,20,2005
Glenn_01.01.2003-06.21.2013.csv,Glenn,39.7253,-122.1812,W001,2013-09-18 13:29:54,397253N1221812W001,22N03W34A001M,3/29/2006,00:00,,,9.800,0.000,9.800,235.950,235.450,226.150,9.300,UNK - Unknown,Unknown,Department of Water Resources,Voluntary,3,29,2006
Glenn_01.01.2003-06.21.2013.csv,Glenn,39.7253,-122.1812,W001,2013-09-18 13:29:54,397253N1221812W001,22N03W34A001M,5/19/2006,00:00,,,10.100,0.000,10.100,235.950,235.450,225.850,9.600,UNK - Unknown,Unknown,Department of Water Resources,Voluntary,5,19,2006
Glenn_01.01.2003-06.21.2013.csv,Glenn,39.7253,-122.1812,W001,2013-09-18 13:29:54,397253N1221812W001,22N03W34A001M,8/3/2006,00:00,,,13.200,0.000,13.200,235.950,235.450,222.750,12.700,UNK - Unknown,Unknown,Department of Water Resources,Voluntary,8,3,2006
Glenn_01.01.2003-06.21.2013.csv,Glenn,39.7253,-122.1812,W001,2013-09-18 13:29:54,397253N1221812W001,22N03W34A001M,10/12/2006,00:00,,,15.000,0.000,15.000,235.950,235.450,220.950,14.500,UNK - Unknown,Unknown,Department of Water Resources,Voluntary,10,12,2006
Glenn_01.01.2003-06.21.2013.csv,Glenn,39.7253,-122.1812,W001,2013-09-18 13:29:54,397253N1221812W001,22N03W34A001M,3/20/2007,00:00,,,18.070,0.000,18.070,235.950,235.450,217.880,17.570,UNK - Unknown,Unknown,Department of Water Resources,Voluntary,3,20,2007
Glenn_01.01.2003-06.21.2013.csv,Glenn,39.7253,-122.1812,W001,2013-09-18 13:29:54,397253N1221812W001,22N03W34A001M,4/9/2007,00:00,,,12.900,0.000,12.900,235.950,235.450,223.050,12.400,UNK - Unknown,Unknown,County of Glenn,Voluntary,MEASURED BY L.MESSINA GLENN COUNTY4,9,2007
Glenn_01.01.2003-06.21.2013.csv,Glenn,39.7253,-122.1812,W001,2013-09-18 13:29:54,397253N1221812W001,22N03W34A001M,8/9/2007,00:00,,,22.600,0.000,22.600,235.950,235.450,213.350,22.100,UNK - Unknown,Unknown,County of Glenn,Voluntary,8,9,2007
Glenn_01.01.2003-06.21.2013.csv,Glenn,39.7253,-122.1812,W001,2013-09-18 13:29:54,397253N1221812W001,22N03W34A001M,10/15/2007,00:00,,,16.300,0.000,16.300,235.950,235.450,219.650,15.800,UNK - Unknown,Unknown,County of Glenn,Voluntary,10,15,2007
Glenn_01.01.2003-06.21.2013.csv,Glenn,39.7253,-122.1812,W001,2013-09-18 13:29:54,397253N1221812W001,22N03W34A001M,3/13/2008,00:00,,,13.500,0.000,13.500,235.950,235.450,222.450,13.000,UNK - Unknown,Unknown,County of Glenn,Voluntary,3,13,2008
Glenn_01.01.2003-06.21.2013.csv,Glenn,39.7253,-122.1812,W001,2013-09-18 13:29:54,397253N1221812W001,22N03W34A001M,8/5/2008,00:00,,,22.100,0.000,22.100,235.950,235.450,213.850,21.600,UNK - Unknown,Unknown,Department of Water Resources,Voluntary,8,5,2008
Glenn_01.01.2003-06.21.2013.csv,Glenn,39.7253,-122.1812,W001,2013-09-18 13:29:54,397253N1221812W001,22N03W34A001M,10/23/2008,00:00,,,18.600,0.000,18.600,235.950,235.450,217.350,18.100,UNK - Unknown,Unknown,Department of Water Resources,Voluntary,10,23,2008
Glenn_01.01.2003-06.21.2013.csv,Glenn,39.7253,-122.1812,W001,2013-09-18 13:29:54,397253N1221812W001,22N03W34A001M,1/13/2009,00:00,,,20.400,0.000,20.400,235.950,235.450,215.550,19.900,UNK - Unknown,Unknown,Department of Water Resources,Voluntary,1,13,2009
Glenn_01.01.2003-06.21.2013.csv,Glenn,39.7253,-122.1812,W001,2013-09-18 13:29:54,397253N1221812W001,22N03W34A001M,3/23/2009,00:00,,,14.690,0.000,14.690,235.950,235.450,221.260,14.190,UNK - Unknown,Unknown,Department of Water Resources,Voluntary,3,23,2009
Glenn_01.01.2003-06.21.2013.csv,Glenn,39.7253,-122.1812,W001,2013-09-18 13:29:54,397253N1221812W001,22N03W34A001M,5/14/2009,00:00,,,19.800,0.000,19.800,235.950,235.450,216.150,19.300,UNK - Unknown,Unknown,Department of Water Resources,Voluntary,5,14,2009
Glenn_01.01.2003-06.21.2013.csv,Glenn,39.7253,-122.1812,W001,2013-09-18 13:29:54,397253N1221812W001,22N03W34A001M,6/24/2009,00:00,,,24.000,0.000,24.000,235.950,235.450,211.950,23.500,UNK - Unknown,Unknown,Department of Water Resources,Voluntary,6,24,2009
Glenn_01.01.2003-06.21.2013.csv,Glenn,39.7253,-122.1812,W001,2013-09-18 13:29:54,397253N1221812W001,22N03W34A001M,8/5/2009,00:00,,,27.600,0.000,27.600,235.950,235.450,208.350,27.100,UNK - Unknown,Unknown,Department of Water Resources,Voluntary,8,5,2009
Glenn_01.01.2003-06.21.2013.csv,Glenn,39.7253,-122.1812,W001,2013-09-18 13:29:54,397253N1221812W001,22N03W34A001M,9/16/2009,00:00,,,26.100,0.000,26.100,235.950,235.450,209.850,25.600,UNK - Unknown,Unknown,Department of Water Resources,Voluntary,9,16,2009
Glenn_01.01.2003-06.21.2013.csv,Glenn,39.7253,-122.1812,W001,2013-09-18 13:29:54,397253N1221812W001,22N03W34A001M,10/23/2009,00:00,,,21.760,0.000,21.760,235.950,235.450,214.190,21.260,UNK - Unknown,Unknown,Department of Water Resources,Voluntary,10,23,2009
Glenn_01.01.2003-06.21.2013.csv,Glenn,39.7253,-122.1812,W001,2013-09-18 13:29:54,397253N1221812W001,22N03W34A001M,3/24/2010,00:00,,,11.500,0.000,11.500,235.950,235.450,224.450,11.000,UNK - Unknown,Unknown,Department of Water Resources,Voluntary,3,24,2010
Glenn_01.01.2003-06.21.2013.csv,Glenn,39.7253,-122.1812,W001,2013-09-18 13:29:54,397253N1221812W001,22N03W34A001M,8/2/2010,00:00,,,19.180,0.000,19.180,235.950,235.450,216.770,18.680,UNK - Unknown,Unknown,Department of Water Resources,Voluntary,8,2,2010
Glenn_01.01.2003-06.21.2013.csv,Glenn,39.7253,-122.1812,W001,2013-09-18 13:29:54,397253N1221812W001,22N03W34A001M,10/18/2010,00:00,,,15.860,0.000,15.860,235.950,235.450,220.090,15.360,UNK - Unknown,Unknown,Department of Water Resources,Voluntary,10,18,2010
Glenn_01.01.2003-06.21.2013.csv,Glenn,39.7253,-122.1812,W001,2013-09-18 13:29:54,397253N1221812W001,22N03W34A001M,4/5/2011,00:00,,,12.970,0.000,12.970,235.950,235.450,222.980,12.470,UNK - Unknown,Unknown,Department of Water Resources,Voluntary,4,5,2011
Glenn_01.01.2003-06.21.2013.csv,Glenn,39.7253,-122.1812,W001,2013-09-18 13:29:54,397253N1221812W001,22N03W34A001M,8/3/2011,00:00,,,16.150,0.000,16.150,235.950,235.450,219.800,15.650,UNK - Unknown,Unknown,Department of Water Resources,Voluntary,8,3,2011
Glenn_01.01.2003-06.21.2013.csv,Glenn,39.7253,-122.1812,W001,2013-09-18 13:29:54,397253N1221812W001,22N03W34A001M,10/12/2011,00:00,,,14.510,0.000,14.510,235.950,235.450,221.440,14.010,UNK - Unknown,Unknown,Department of Water Resources,Voluntary,10,12,2011
Glenn_01.01.2003-06.21.2013.csv,Glenn,39.7253,-122.1812,W001,2013-09-18 13:29:54,397253N1221812W001,22N03W34A001M,3/21/2013,00:00,,,15.110,0.000,15.110,235.950,235.450,220.840,14.610,ES - Electric sounder measurement,0.01 Ft,Department of Water Resources,Voluntary,3,21,2013
Glenn_01.01.2003-06.21.2013.csv,Glenn,39.7263,-122.0105,W001,2013-09-18 13:29:54,397263N1220105W001,22N01W29N001M,10/11/2011,00:00,,,74.930,0.000,74.930,150.950,146.250,76.020,70.230,ES - Electric sounder measurement,0.01 Ft,Department of Water Resources,CASGEM,10,11,2011
Glenn_01.01.2003-06.21.2013.csv,Glenn,39.7263,-122.0105,W001,2013-09-18 13:29:54,397263N1220105W001,22N01W29N001M,3/29/2012,00:00,,,27.720,0.000,27.720,150.950,146.250,123.230,23.020,ES - Electric sounder measurement,0.01 Ft,Department of Water Resources,CASGEM,3,29,2012
Glenn_01.01.2003-06.21.2013.csv,Glenn,39.7263,-122.0105,W001,2013-09-18 13:29:54,397263N1220105W001,22N01W29N001M,8/1/2012,00:00,,,36.670,0.000,36.670,150.950,146.250,114.280,31.970,ES - Electric sounder measurement,0.01 Ft,Department of Water Resources,CASGEM,8,1,2012
Glenn_01.01.2003-06.21.2013.csv,Glenn,39.7263,-122.0105,W001,2013-09-18 13:29:54,397263N1220105W001,22N01W29N001M,10/17/2012,00:00,,,36.800,0.000,36.800,150.950,146.250,114.150,32.100,ES - Electric sounder measurement,0.01 Ft,Department of Water Resources,CASGEM,10,17,2012
Glenn_01.01.2003-06.21.2013.csv,Glenn,39.7263,-122.0105,W001,2013-09-18 13:29:54,397263N1220105W001,22N01W29N001M,3/18/2013,00:00,,,25.930,0.000,25.930,150.950,146.250,125.020,21.230,ES - Electric sounder measurement,0.01 Ft,Department of Water Resources,CASGEM,3,18,2013
Glenn_01.01.2003-06.21.2013.csv,Glenn,39.7263,-122.0105,W001,2013-09-18 13:29:54,397263N1220105W001,22N01W29N001M,1/5/2010,00:00,,,32.150,0.000,32.150,150.950,146.250,118.800,27.450,UNK - Unknown,Unknown,Department of Water Resources,Voluntary,1,5,2010
Glenn_01.01.2003-06.21.2013.csv,Glenn,39.7263,-122.0105,W001,2013-09-18 13:29:54,397263N1220105W001,22N01W29N001M,3/24/2010,00:00,,,25.960,0.000,25.960,150.950,146.250,124.990,21.260,UNK - Unknown,Unknown,Department of Water Resources,Voluntary,3,24,2010
Glenn_01.01.2003-06.21.2013.csv,Glenn,39.7263,-122.0105,W001,2013-09-18 13:29:54,397263N1220105W001,22N01W29N001M,8/2/2010,00:00,,,32.380,0.000,32.380,150.950,146.250,118.570,27.680,UNK - Unknown,Unknown,Department of Water Resources,Voluntary,8,2,2010
Glenn_01.01.2003-06.21.2013.csv,Glenn,39.7263,-122.0105,W001,2013-09-18 13:29:54,397263N1220105W001,22N01W29N001M,10/18/2010,00:00,,,33.350,0.000,33.350,150.950,146.250,117.600,28.650,UNK - Unknown,Unknown,Department of Water Resources,Voluntary,10,18,2010
Glenn_01.01.2003-06.21.2013.csv,Glenn,39.7263,-122.0105,W001,2013-09-18 13:29:54,397263N1220105W001,22N01W29N001M,3/14/2011,00:00,,,24.710,0.000,24.710,150.950,146.250,126.240,20.010,UNK - Unknown,Unknown,Department of Water Resources,Voluntary,3,14,2011
Glenn_01.01.2003-06.21.2013.csv,Glenn,39.7263,-122.0105,W001,2013-09-18 13:29:54,397263N1220105W001,22N01W29N001M,3/1/2011,00:00,,,24.790,0.000,24.790,150.950,146.250,126.160,20.090,UNK - Unknown,Unknown,Department of Water Resources,Voluntary,3,1,2011
Glenn_01.01.2003-06.21.2013.csv,Glenn,39.7263,-122.0105,W001,2013-09-18 13:29:54,397263N1220105W001,22N01W29N001M,4/5/2011,00:00,,,36.570,0.000,36.570,150.950,146.250,114.380,31.870,UNK - Unknown,Unknown,Department of Water Resources,Voluntary,STONY CREEK FAN PUMP TEST IN PROGRESS.4,5,2011
Glenn_01.01.2003-06.21.2013.csv,Glenn,39.7263,-122.0105,W001,2013-09-18 13:29:54,397263N1220105W001,22N01W29N001M,8/1/2011,00:00,,,67.000,0.000,67.000,150.950,146.250,83.950,62.300,UNK - Unknown,Unknown,Department of Water Resources,Voluntary,8,1,2011
Glenn_01.01.2003-06.21.2013.csv,Glenn,39.7263,-122.0105,W001,2013-09-18 13:29:54,397263N1220105W001,22N01W29N001M,11/28/2011,00:00,,,54.920,0.000,54.920,150.950,146.250,96.030,50.220,UNK - Unknown,Unknown,Department of Water Resources,Voluntary,11,28,2011
Glenn_01.01.2003-06.21.2013.csv,Glenn,39.7263,-122.0105,W001,2013-09-18 13:29:54,397263N1220105W001,22N01W29N001M,5/23/2013,00:00,,,29.400,0.000,29.400,150.950,146.250,121.550,24.700,ES - Electric sounder measurement,0.1 Ft,Department of Water Resources,Voluntary,5,23,2013
Glenn_01.01.2003-06.21.2013.csv,Glenn,39.7263,-122.0105,W002,2013-09-18 13:29:54,397263N1220105W002,22N01W29N002M,10/11/2011,00:00,,,45.300,0.000,45.300,150.680,146.250,105.380,40.870,ES - Electric sounder measurement,0.01 Ft,Department of Water Resources,CASGEM,10,11,2011
Glenn_01.01.2003-06.21.2013.csv,Glenn,39.7263,-122.0105,W002,2013-09-18 13:29:54,397263N1220105W002,22N01W29N002M,3/29/2012,00:00,,,23.900,0.000,23.900,150.680,146.250,126.780,19.470,ES - Electric sounder measurement,0.01 Ft,Department of Water Resources,CASGEM,3,29,2012
Glenn_01.01.2003-06.21.2013.csv,Glenn,39.7263,-122.0105,W002,2013-09-18 13:29:54,397263N1220105W002,22N01W29N002M,8/1/2012,00:00,,,41.820,0.000,41.820,150.680,146.250,108.860,37.390,ES - Electric sounder measurement,0.01 Ft,Department of Water Resources,CASGEM,8,1,2012
Glenn_01.01.2003-06.21.2013.csv,Glenn,39.7263,-122.0105,W002,2013-09-18 13:29:54,397263N1220105W002,22N01W29N002M,10/17/2012,00:00,,,35.090,0.000,35.090,150.680,146.250,115.590,30.660,ES - Electric sounder measurement,0.01 Ft,Department of Water Resources,CASGEM,10,17,2012
Glenn_01.01.2003-06.21.2013.csv,Glenn,39.7263,-122.0105,W002,2013-09-18 13:29:54,397263N1220105W002,22N01W29N002M,3/18/2013,00:00,,,22.660,0.000,22.660,150.680,146.250,128.020,18.230,ES - Electric sounder measurement,0.01 Ft,Department of Water Resources,CASGEM,3,18,2013
Glenn_01.01.2003-06.21.2013.csv,Glenn,39.7263,-122.0105,W002,2013-09-18 13:29:54,397263N1220105W002,22N01W29N002M,1/5/2010,00:00,,,28.550,0.000,28.550,150.680,146.250,122.130,24.120,UNK - Unknown,Unknown,Department of Water Resources,Voluntary,1,5,2010
Glenn_01.01.2003-06.21.2013.csv,Glenn,39.7263,-122.0105,W002,2013-09-18 13:29:54,397263N1220105W002,22N01W29N002M,3/24/2010,00:00,,,22.140,0.000,22.140,150.680,146.250,128.540,17.710,UNK - Unknown,Unknown,Department of Water Resources,Voluntary,3,24,2010
Glenn_01.01.2003-06.21.2013.csv,Glenn,39.7263,-122.0105,W002,2013-09-18 13:29:54,397263N1220105W002,22N01W29N002M,8/2/2010,00:00,,,38.210,0.000,38.210,150.680,146.250,112.470,33.780,UNK - Unknown,Unknown,Department of Water Resources,Voluntary,8,2,2010
Glenn_01.01.2003-06.21.2013.csv,Glenn,39.7263,-122.0105,W002,2013-09-18 13:29:54,397263N1220105W002,22N01W29N002M,10/18/2010,00:00,,,31.950,0.000,31.950,150.680,146.250,118.730,27.520,UNK - Unknown,Unknown,Department of Water Resources,Voluntary,10,18,2010
Glenn_01.01.2003-06.21.2013.csv,Glenn,39.7263,-122.0105,W002,2013-09-18 13:29:54,397263N1220105W002,22N01W29N002M,3/1/2011,00:00,,,21.780,0.000,21.780,150.680,146.250,128.900,17.350,UNK - Unknown,Unknown,Department of Water Resources,Voluntary,3,1,2011
Glenn_01.01.2003-06.21.2013.csv,Glenn,39.7263,-122.0105,W002,2013-09-18 13:29:54,397263N1220105W002,22N01W29N002M,3/14/2011,00:00,,,21.420,0.000,21.420,150.680,146.250,129.260,16.990,UNK - Unknown,Unknown,Department of Water Resources,Voluntary,3,14,2011
Glenn_01.01.2003-06.21.2013.csv,Glenn,39.7263,-122.0105,W002,2013-09-18 13:29:54,397263N1220105W002,22N01W29N002M,4/5/2011,00:00,,,21.300,0.000,21.300,150.680,146.250,129.380,16.870,UNK - Unknown,Unknown,Department of Water Resources,Voluntary,4,5,2011
Glenn_01.01.2003-06.21.2013.csv,Glenn,39.7263,-122.0105,W002,2013-09-18 13:29:54,397263N1220105W002,22N01W29N002M,8/1/2011,00:00,,,45.120,0.000,45.120,150.680,146.250,105.560,40.690,UNK - Unknown,Unknown,Department of Water Resources,Voluntary,8,1,2011
Glenn_01.01.2003-06.21.2013.csv,Glenn,39.7263,-122.0105,W002,2013-09-18 13:29:54,397263N1220105W002,22N01W29N002M,11/28/2011,00:00,,,38.610,0.000,38.610,150.680,146.250,112.070,34.180,UNK - Unknown,Unknown,Department of Water Resources,Voluntary,11,28,2011
Glenn_01.01.2003-06.21.2013.csv,Glenn,39.7263,-122.0105,W002,2013-09-18 13:29:54,397263N1220105W002,22N01W29N002M,5/23/2013,00:00,,,32.800,0.000,32.800,150.680,146.250,117.880,28.370,ES - Electric sounder measurement,0.1 Ft,Department of Water Resources,Voluntary,5,23,2013
Glenn_01.01.2003-06.21.2013.csv,Glenn,39.7263,-122.0105,W003,2013-09-18 13:29:54,397263N1220105W003,22N01W29N003M,10/11/2011,00:00,,,22.030,0.000,22.030,149.990,146.250,127.960,18.290,ES - Electric sounder measurement,0.01 Ft,Department of Water Resources,CASGEM,10,11,2011
Glenn_01.01.2003-06.21.2013.csv,Glenn,39.7263,-122.0105,W003,2013-09-18 13:29:54,397263N1220105W003,22N01W29N003M,3/29/2012,00:00,,,20.840,0.000,20.840,149.990,146.250,129.150,17.100,ES - Electric sounder measurement,0.01 Ft,Department of Water Resources,CASGEM,3,29,2012
Glenn_01.01.2003-06.21.2013.csv,Glenn,39.7263,-122.0105,W003,2013-09-18 13:29:54,397263N1220105W003,22N01W29N003M,8/1/2012,00:00,,,37.950,0.000,37.950,149.990,146.250,112.040,34.210,ES - Electric sounder measurement,0.01 Ft,Department of Water Resources,CASGEM,8,1,2012
Glenn_01.01.2003-06.21.2013.csv,Glenn,39.7263,-122.0105,W003,2013-09-18 13:29:54,397263N1220105W003,22N01W29N003M,10/17/2012,00:00,,,26.600,0.000,26.600,149.990,146.250,123.390,22.860,ES - Electric sounder measurement,0.01 Ft,Department of Water Resources,CASGEM,10,17,2012
Glenn_01.01.2003-06.21.2013.csv,Glenn,39.7263,-122.0105,W003,2013-09-18 13:29:54,397263N1220105W003,22N01W29N003M,3/18/2013,00:00,,,23.760,0.000,23.760,149.990,146.250,126.230,20.020,ES - Electric sounder measurement,0.01 Ft,Department of Water Resources,CASGEM,3,18,2013
Glenn_01.01.2003-06.21.2013.csv,Glenn,39.7263,-122.0105,W003,2013-09-18 13:29:54,397263N1220105W003,22N01W29N003M,1/5/2010,00:00,,,24.900,0.000,24.900,149.990,146.250,125.090,21.160,UNK - Unknown,Unknown,Department of Water Resources,Voluntary,1,5,2010
Glenn_01.01.2003-06.21.2013.csv,Glenn,39.7263,-122.0105,W003,2013-09-18 13:29:54,397263N1220105W003,22N01W29N003M,3/24/2010,00:00,,,20.180,0.000,20.180,149.990,146.250,129.810,16.440,UNK - Unknown,Unknown,Department of Water Resources,Voluntary,3,24,2010
Glenn_01.01.2003-06.21.2013.csv,Glenn,39.7263,-122.0105,W003,2013-09-18 13:29:54,397263N1220105W003,22N01W29N003M,8/2/2010,00:00,,,35.280,0.000,35.280,149.990,146.250,114.710,31.540,UNK - Unknown,Unknown,Department of Water Resources,Voluntary,8,2,2010
Glenn_01.01.2003-06.21.2013.csv,Glenn,39.7263,-122.0105,W003,2013-09-18 13:29:54,397263N1220105W003,22N01W29N003M,10/18/2010,00:00,,,25.750,0.000,25.750,149.990,146.250,124.240,22.010,UNK - Unknown,Unknown,Department of Water Resources,Voluntary,10,18,2010
Glenn_01.01.2003-06.21.2013.csv,Glenn,39.7263,-122.0105,W003,2013-09-18 13:29:54,397263N1220105W003,22N01W29N003M,3/1/2011,00:00,,,20.530,0.000,20.530,149.990,146.250,129.460,16.790,UNK - Unknown,Unknown,Department of Water Resources,Voluntary,3,1,2011
Glenn_01.01.2003-06.21.2013.csv,Glenn,39.7263,-122.0105,W003,2013-09-18 13:29:54,397263N1220105W003,22N01W29N003M,3/14/2011,00:00,,,19.400,0.000,19.400,149.990,146.250,130.590,15.660,UNK - Unknown,Unknown,Department of Water Resources,Voluntary,3,14,2011
Glenn_01.01.2003-06.21.2013.csv,Glenn,39.7263,-122.0105,W003,2013-09-18 13:29:54,397263N1220105W003,22N01W29N003M,4/5/2011,00:00,,,13.670,0.000,13.670,149.990,146.250,136.320,9.930,UNK - Unknown,Unknown,Department of Water Resources,Voluntary,4,5,2011
Glenn_01.01.2003-06.21.2013.csv,Glenn,39.7263,-122.0105,W003,2013-09-18 13:29:54,397263N1220105W003,22N01W29N003M,8/1/2011,00:00,,,36.350,0.000,36.350,149.990,146.250,113.640,32.610,UNK - Unknown,Unknown,Department of Water Resources,Voluntary,8,1,2011
Glenn_01.01.2003-06.21.2013.csv,Glenn,39.7263,-122.0105,W003,2013-09-18 13:29:54,397263N1220105W003,22N01W29N003M,11/28/2011,00:00,,,21.410,0.000,21.410,149.990,146.250,128.580,17.670,UNK - Unknown,Unknown,Department of Water Resources,Voluntary,11,28,2011
Glenn_01.01.2003-06.21.2013.csv,Glenn,39.7263,-122.0105,W003,2013-09-18 13:29:54,397263N1220105W003,22N01W29N003M,5/23/2013,00:00,,,35.500,0.000,35.500,149.990,146.250,114.490,31.760,ES - Electric sounder measurement,0.1 Ft,Department of Water Resources,Voluntary,5,23,2013
Glenn_01.01.2003-06.21.2013.csv,Glenn,39.7263,-122.0105,W004,2013-09-18 13:29:54,397263N1220105W004,22N01W29N004M,10/11/2011,00:00,,,18.030,0.000,18.030,149.060,146.250,131.030,15.220,ES - Electric sounder measurement,0.01 Ft,Department of Water Resources,CASGEM,10,11,2011
Glenn_01.01.2003-06.21.2013.csv,Glenn,39.7263,-122.0105,W004,2013-09-18 13:29:54,397263N1220105W004,22N01W29N004M,3/29/2012,00:00,,,17.700,0.000,17.700,149.060,146.250,131.360,14.890,ES - Electric sounder measurement,0.01 Ft,Department of Water Resources,CASGEM,3,29,2012
Glenn_01.01.2003-06.21.2013.csv,Glenn,39.7263,-122.0105,W004,2013-09-18 13:29:54,397263N1220105W004,22N01W29N004M,8/1/2012,00:00,,,23.860,0.000,23.860,149.060,146.250,125.200,21.050,ES - Electric sounder measurement,0.01 Ft,Department of Water Resources,CASGEM,8,1,2012
Glenn_01.01.2003-06.21.2013.csv,Glenn,39.7263,-122.0105,W004,2013-09-18 13:29:54,397263N1220105W004,22N01W29N004M,10/17/2012,00:00,,,20.760,0.000,20.760,149.060,146.250,128.300,17.950,ES - Electric sounder measurement,0.01 Ft,Department of Water Resources,CASGEM,10,17,2012
Glenn_01.01.2003-06.21.2013.csv,Glenn,39.7263,-122.0105,W004,2013-09-18 13:29:54,397263N1220105W004,22N01W29N004M,3/19/2013,00:00,,,17.650,0.000,17.650,149.060,146.250,131.410,14.840,ES - Electric sounder measurement,0.01 Ft,Department of Water Resources,CASGEM,3,19,2013
Glenn_01.01.2003-06.21.2013.csv,Glenn,39.7263,-122.0105,W004,2013-09-18 13:29:54,397263N1220105W004,22N01W29N004M,1/5/2010,00:00,,,22.680,0.000,22.680,149.060,146.250,126.380,19.870,UNK - Unknown,Unknown,Department of Water Resources,Voluntary,1,5,2010
Glenn_01.01.2003-06.21.2013.csv,Glenn,39.7263,-122.0105,W004,2013-09-18 13:29:54,397263N1220105W004,22N01W29N004M,3/24/2010,00:00,,,16.330,0.000,16.330,149.060,146.250,132.730,13.520,UNK - Unknown,Unknown,Department of Water Resources,Voluntary,3,24,2010
Glenn_01.01.2003-06.21.2013.csv,Glenn,39.7263,-122.0105,W004,2013-09-18 13:29:54,397263N1220105W004,22N01W29N004M,8/2/2010,00:00,,,22.120,0.000,22.120,149.060,146.250,126.940,19.310,UNK - Unknown,Unknown,Department of Water Resources,Voluntary,8,2,2010
Glenn_01.01.2003-06.21.2013.csv,Glenn,39.7263,-122.0105,W004,2013-09-18 13:29:54,397263N1220105W004,22N01W29N004M,10/18/2010,00:00,,,19.520,0.000,19.520,149.060,146.250,129.540,16.710,UNK - Unknown,Unknown,Department of Water Resources,Voluntary,10,18,2010
Glenn_01.01.2003-06.21.2013.csv,Glenn,39.7263,-122.0105,W004,2013-09-18 13:29:54,397263N1220105W004,22N01W29N004M,3/1/2011,00:00,,,15.620,0.000,15.620,149.060,146.250,133.440,12.810,UNK - Unknown,Unknown,Department of Water Resources,Voluntary,3,1,2011
Glenn_01.01.2003-06.21.2013.csv,Glenn,39.7263,-122.0105,W004,2013-09-18 13:29:54,397263N1220105W004,22N01W29N004M,3/14/2011,00:00,,,15.620,0.000,15.620,149.060,146.250,133.440,12.810,UNK - Unknown,Unknown,Department of Water Resources,Voluntary,3,14,2011
Glenn_01.01.2003-06.21.2013.csv,Glenn,39.7263,-122.0105,W004,2013-09-18 13:29:54,397263N1220105W004,22N01W29N004M,4/5/2011,00:00,,,11.190,0.000,11.190,149.060,146.250,137.870,8.380,UNK - Unknown,Unknown,Department of Water Resources,Voluntary,4,5,2011
Glenn_01.01.2003-06.21.2013.csv,Glenn,39.7263,-122.0105,W004,2013-09-18 13:29:54,397263N1220105W004,22N01W29N004M,8/1/2011,00:00,,,19.100,0.000,19.100,149.060,146.250,129.960,16.290,UNK - Unknown,Unknown,Department of Water Resources,Voluntary,8,1,2011
Glenn_01.01.2003-06.21.2013.csv,Glenn,39.7263,-122.0105,W004,2013-09-18 13:29:54,397263N1220105W004,22N01W29N004M,11/28/2011,00:00,,,17.280,0.000,17.280,149.060,146.250,131.780,14.470,UNK - Unknown,Unknown,Department of Water Resources,Voluntary,11,28,2011
Glenn_01.01.2003-06.21.2013.csv,Glenn,39.7263,-122.0105,W004,2013-09-18 13:29:54,397263N1220105W004,22N01W29N004M,5/23/2013,00:00,,,22.100,0.000,22.100,149.060,146.250,126.960,19.290,ES - Electric sounder measurement,0.1 Ft,Department of Water Resources,Voluntary,5,23,2013
Glenn_01.01.2003-06.21.2013.csv,Glenn,39.7268,-122.2962,W001,2013-09-18 13:29:54,397268N1222962W001,LL Gas Well,10/12/2011,00:00,,,219.640,0.000,219.640,326.870,327.530,107.230,220.300,ES - Electric sounder measurement,0.01 Ft,Department of Water Resources,Voluntary,10,12,2011
Glenn_01.01.2003-06.21.2013.csv,Glenn,39.7268,-122.2962,W001,2013-09-18 13:29:54,397268N1222962W001,LL Gas Well,3/26/2012,00:00,9 - Temporarily inaccessible,,NULL,NULL,NULL,326.870,327.530,NULL,NULL,,,Department of Water Resources,Voluntary,3,26,2012
Glenn_01.01.2003-06.21.2013.csv,Glenn,39.7268,-122.2962,W001,2013-09-18 13:29:54,397268N1222962W001,LL Gas Well,8/1/2012,00:00,,,222.840,0.000,222.840,326.870,327.530,104.030,223.500,ES - Electric sounder measurement,0.01 Ft,Department of Water Resources,Voluntary,8,1,2012
Glenn_01.01.2003-06.21.2013.csv,Glenn,39.7268,-122.2962,W001,2013-09-18 13:29:54,397268N1222962W001,LL Gas Well,10/17/2012,00:00,,,222.440,0.000,222.440,326.870,327.530,104.430,223.100,ES - Electric sounder measurement,0.01 Ft,Department of Water Resources,Voluntary,10,17,2012
Glenn_01.01.2003-06.21.2013.csv,Glenn,39.7268,-122.2962,W001,2013-09-18 13:29:54,397268N1222962W001,LL Gas Well,3/19/2013,00:00,,,219.360,0.000,219.360,326.870,327.530,107.510,220.020,ES - Electric sounder measurement,0.01 Ft,Department of Water Resources,Voluntary,3,19,2013
Glenn_01.01.2003-06.21.2013.csv,Glenn,39.7275,-122.2072,W001,2013-09-18 13:29:54,397275N1222072W001,Olivarez Well B,1/23/2003,00:00,,,20.200,0.000,20.200,259.610,257.310,239.410,17.900,UNK - Unknown,Unknown,ORLAND - ARTOIS WATER DISTRICT,Voluntary,1,23,2003
Glenn_01.01.2003-06.21.2013.csv,Glenn,39.7275,-122.2072,W001,2013-09-18 13:29:54,397275N1222072W001,Olivarez Well B,2/27/2003,00:00,,,20.840,0.000,20.840,259.610,257.310,238.770,18.540,UNK - Unknown,Unknown,ORLAND - ARTOIS WATER DISTRICT,Voluntary,2,27,2003
Glenn_01.01.2003-06.21.2013.csv,Glenn,39.7275,-122.2072,W001,2013-09-18 13:29:54,397275N1222072W001,Olivarez Well B,3/24/2003,00:00,,,21.900,0.000,21.900,259.610,257.310,237.710,19.600,UNK - Unknown,Unknown,ORLAND - ARTOIS WATER DISTRICT,Voluntary,3,24,2003
Glenn_01.01.2003-06.21.2013.csv,Glenn,39.7275,-122.2072,W001,2013-09-18 13:29:54,397275N1222072W001,Olivarez Well B,4/28/2003,00:00,,,24.010,0.000,24.010,259.610,257.310,235.600,21.710,UNK - Unknown,Unknown,ORLAND - ARTOIS WATER DISTRICT,Voluntary,4,28,2003
Glenn_01.01.2003-06.21.2013.csv,Glenn,39.7275,-122.2072,W001,2013-09-18 13:29:54,397275N1222072W001,Olivarez Well B,5/12/2003,00:00,7 - Special/Other,,NULL,NULL,NULL,259.610,257.310,NULL,NULL,,,ORLAND - ARTOIS WATER DISTRICT,Voluntary,5,12,2003
Glenn_01.01.2003-06.21.2013.csv,Glenn,39.7275,-122.2072,W001,2013-09-18 13:29:54,397275N1222072W001,Olivarez Well B,7/1/2003,00:00,,,20.710,0.000,20.710,259.610,257.310,238.900,18.410,UNK - Unknown,Unknown,ORLAND - ARTOIS WATER DISTRICT,Voluntary,7,1,2003
Glenn_01.01.2003-06.21.2013.csv,Glenn,39.7275,-122.2072,W001,2013-09-18 13:29:54,397275N1222072W001,Olivarez Well B,7/24/2003,00:00,,,19.520,0.000,19.520,259.610,257.310,240.090,17.220,UNK - Unknown,Unknown,ORLAND - ARTOIS WATER DISTRICT,Voluntary,7,24,2003
Glenn_01.01.2003-06.21.2013.csv,Glenn,39.7275,-122.2072,W001,2013-09-18 13:29:54,397275N1222072W001,Olivarez Well B,8/26/2003,00:00,,,16.770,0.000,16.770,259.610,257.310,242.840,14.470,UNK - Unknown,Unknown,ORLAND - ARTOIS WATER DISTRICT,Voluntary,8,26,2003
Glenn_01.01.2003-06.21.2013.csv,Glenn,39.7275,-122.2072,W001,2013-09-18 13:29:54,397275N1222072W001,Olivarez Well B,10/30/2003,00:00,,,19.200,0.000,19.200,259.610,257.310,240.410,16.900,UNK - Unknown,Unknown,ORLAND - ARTOIS WATER DISTRICT,Voluntary,10,30,2003
Glenn_01.01.2003-06.21.2013.csv,Glenn,39.7275,-122.2072,W001,2013-09-18 13:29:54,397275N1222072W001,Olivarez Well B,9/25/2003,00:00,,,16.900,0.000,16.900,259.610,257.310,242.710,14.600,UNK - Unknown,Unknown,ORLAND - ARTOIS WATER DISTRICT,Voluntary,9,25,2003
Glenn_01.01.2003-06.21.2013.csv,Glenn,39.7275,-122.2072,W001,2013-09-18 13:29:54,397275N1222072W001,Olivarez Well B,11/30/2003,00:00,,,22.300,0.000,22.300,259.610,257.310,237.310,20.000,UNK - Unknown,Unknown,ORLAND - ARTOIS WATER DISTRICT,Voluntary,11,30,2003
Glenn_01.01.2003-06.21.2013.csv,Glenn,39.7275,-122.2072,W001,2013-09-18 13:29:54,397275N1222072W001,Olivarez Well B,2/24/2004,00:00,,,20.900,0.000,20.900,259.610,257.310,238.710,18.600,UNK - Unknown,Unknown,ORLAND - ARTOIS WATER DISTRICT,Voluntary,2,24,2004
Glenn_01.01.2003-06.21.2013.csv,Glenn,39.7275,-122.2072,W001,2013-09-18 13:29:54,397275N1222072W001,Olivarez Well B,3/31/2004,00:00,,,20.000,0.000,20.000,259.610,257.310,239.610,17.700,UNK - Unknown,Unknown,ORLAND - ARTOIS WATER DISTRICT,Voluntary,3,31,2004
Glenn_01.01.2003-06.21.2013.csv,Glenn,39.7275,-122.2072,W001,2013-09-18 13:29:54,397275N1222072W001,Olivarez Well B,4/29/2004,00:00,,,17.400,0.000,17.400,259.610,257.310,242.210,15.100,UNK - Unknown,Unknown,ORLAND - ARTOIS WATER DISTRICT,Voluntary,4,29,2004
Glenn_01.01.2003-06.21.2013.csv,Glenn,39.7275,-122.2072,W001,2013-09-18 13:29:54,397275N1222072W001,Olivarez Well B,5/26/2004,00:00,,,19.000,0.000,19.000,259.610,257.310,240.610,16.700,UNK - Unknown,Unknown,ORLAND - ARTOIS WATER DISTRICT,Voluntary,5,26,2004
Glenn_01.01.2003-06.21.2013.csv,Glenn,39.7275,-122.2072,W001,2013-09-18 13:29:54,397275N1222072W001,Olivarez Well B,12/30/2003,00:00,,,22.200,0.000,22.200,259.610,257.310,237.410,19.900,UNK - Unknown,Unknown,ORLAND - ARTOIS WATER DISTRICT,Voluntary,12,30,2003
Glenn_01.01.2003-06.21.2013.csv,Glenn,39.7275,-122.2072,W001,2013-09-18 13:29:54,397275N1222072W001,Olivarez Well B,6/30/2004,00:00,,,20.200,0.000,20.200,259.610,257.310,239.410,17.900,UNK - Unknown,Unknown,ORLAND - ARTOIS WATER DISTRICT,Voluntary,6,30,2004
Glenn_01.01.2003-06.21.2013.csv,Glenn,39.7275,-122.2072,W001,2013-09-18 13:29:54,397275N1222072W001,Olivarez Well B,7/29/2004,00:00,,,19.400,0.000,19.400,259.610,257.310,240.210,17.100,UNK - Unknown,Unknown,ORLAND - ARTOIS WATER DISTRICT,Voluntary,7,29,2004
Glenn_01.01.2003-06.21.2013.csv,Glenn,39.7275,-122.2072,W001,2013-09-18 13:29:54,397275N1222072W001,Olivarez Well B,8/26/2004,00:00,,,20.900,0.000,20.900,259.610,257.310,238.710,18.600,UNK - Unknown,Unknown,ORLAND - ARTOIS WATER DISTRICT,Voluntary,8,26,2004
Glenn_01.01.2003-06.21.2013.csv,Glenn,39.7275,-122.2072,W001,2013-09-18 13:29:54,397275N1222072W001,Olivarez Well B,9/22/2004,00:00,,,21.200,0.000,21.200,259.610,257.310,238.410,18.900,UNK - Unknown,Unknown,ORLAND - ARTOIS WATER DISTRICT,Voluntary,9,22,2004
Glenn_01.01.2003-06.21.2013.csv,Glenn,39.7275,-122.2072,W001,2013-09-18 13:29:54,397275N1222072W001,Olivarez Well B,10/28/2004,00:00,,,21.800,0.000,21.800,259.610,257.310,237.810,19.500,UNK - Unknown,Unknown,ORLAND - ARTOIS WATER DISTRICT,Voluntary,10,28,2004
Glenn_01.01.2003-06.21.2013.csv,Glenn,39.7275,-122.2072,W001,2013-09-18 13:29:54,397275N1222072W001,Olivarez Well B,12/1/2004,00:00,,,24.500,0.000,24.500,259.610,257.310,235.110,22.200,UNK - Unknown,Unknown,ORLAND - ARTOIS WATER DISTRICT,Voluntary,12,1,2004
Glenn_01.01.2003-06.21.2013.csv,Glenn,39.7275,-122.2072,W001,2013-09-18 13:29:54,397275N1222072W001,Olivarez Well B,12/29/2004,00:00,,,24.200,0.000,24.200,259.610,257.310,235.410,21.900,UNK - Unknown,Unknown,ORLAND - ARTOIS WATER DISTRICT,Voluntary,12,29,2004
Glenn_01.01.2003-06.21.2013.csv,Glenn,39.7275,-122.2072,W001,2013-09-18 13:29:54,397275N1222072W001,Olivarez Well B,1/31/2005,00:00,,,21.600,0.000,21.600,259.610,257.310,238.010,19.300,UNK - Unknown,Unknown,ORLAND - ARTOIS WATER DISTRICT,Voluntary,1,31,2005
Glenn_01.01.2003-06.21.2013.csv,Glenn,39.7275,-122.2072,W001,2013-09-18 13:29:54,397275N1222072W001,Olivarez Well B,2/25/2005,00:00,,,21.900,0.000,21.900,259.610,257.310,237.710,19.600,UNK - Unknown,Unknown,ORLAND - ARTOIS WATER DISTRICT,Voluntary,2,25,2005
Glenn_01.01.2003-06.21.2013.csv,Glenn,39.7275,-122.2072,W001,2013-09-18 13:29:54,397275N1222072W001,Olivarez Well B,4/26/2004,00:00,,,21.600,0.000,21.600,259.610,257.310,238.010,19.300,UNK - Unknown,Unknown,ORLAND - ARTOIS WATER DISTRICT,Voluntary,4,26,2004
Glenn_01.01.2003-06.21.2013.csv,Glenn,39.7275,-122.2072,W001,2013-09-18 13:29:54,397275N1222072W001,Olivarez Well B,5/27/2005,00:00,9 - Temporarily inaccessible,,NULL,NULL,NULL,259.610,257.310,NULL,NULL,,,ORLAND - ARTOIS WATER DISTRICT,Voluntary,BEE BOXES SURROUNDING WELLS5,27,2005
Glenn_01.01.2003-06.21.2013.csv,Glenn,39.7275,-122.2072,W001,2013-09-18 13:29:54,397275N1222072W001,Olivarez Well B,7/1/2005,00:00,9 - Temporarily inaccessible,,NULL,NULL,NULL,259.610,257.310,NULL,NULL,,,ORLAND - ARTOIS WATER DISTRICT,Voluntary,BEE BOXES SURROUNDING WELLS7,1,2005
Glenn_01.01.2003-06.21.2013.csv,Glenn,39.7275,-122.2072,W001,2013-09-18 13:29:54,397275N1222072W001,Olivarez Well B,10/28/2005,00:00,,,20.000,0.000,20.000,259.610,257.310,239.610,17.700,UNK - Unknown,Unknown,ORLAND - ARTOIS WATER DISTRICT,Voluntary,10,28,2005
Glenn_01.01.2003-06.21.2013.csv,Glenn,39.7275,-122.2072,W001,2013-09-18 13:29:54,397275N1222072W001,Olivarez Well B,1/5/2006,00:00,7 - Special/Other,,NULL,NULL,NULL,259.610,257.310,NULL,NULL,,,ORLAND - ARTOIS WATER DISTRICT,Voluntary,1,5,2006
Glenn_01.01.2003-06.21.2013.csv,Glenn,39.7275,-122.2072,W001,2013-09-18 13:29:54,397275N1222072W001,Olivarez Well B,4/26/2005,00:00,,,21.600,0.000,21.600,259.610,257.310,238.010,19.300,UNK - Unknown,Unknown,ORLAND - ARTOIS WATER DISTRICT,Voluntary,4,26,2005
Glenn_01.01.2003-06.21.2013.csv,Glenn,39.7275,-122.2072,W001,2013-09-18 13:29:54,397275N1222072W001,Olivarez Well B,6/29/2006,00:00,7 - Special/Other,,NULL,NULL,NULL,259.610,257.310,NULL,NULL,,,County of Glenn,Voluntary,BEES6,29,2006
Glenn_01.01.2003-06.21.2013.csv,Glenn,39.7279,-122.2071,W001,2013-09-18 13:29:54,397279N1222071W001,22N03W28P001M,10/12/2011,00:00,,,94.920,0.000,94.920,259.490,258.220,164.570,93.650,ES - Electric sounder measurement,0.01 Ft,Department of Water Resources,CASGEM,10,12,2011
Glenn_01.01.2003-06.21.2013.csv,Glenn,39.7279,-122.2071,W001,2013-09-18 13:29:54,397279N1222071W001,22N03W28P001M,3/26/2012,00:00,,,89.000,0.000,89.000,259.490,258.220,170.490,87.730,ES - Electric sounder measurement,0.01 Ft,Department of Water Resources,CASGEM,3,26,2012
Glenn_01.01.2003-06.21.2013.csv,Glenn,39.7279,-122.2071,W001,2013-09-18 13:29:54,397279N1222071W001,22N03W28P001M,8/1/2012,00:00,,,103.120,0.000,103.120,259.490,258.220,156.370,101.850,ES - Electric sounder measurement,0.01 Ft,Department of Water Resources,CASGEM,8,1,2012
Glenn_01.01.2003-06.21.2013.csv,Glenn,39.7279,-122.2071,W001,2013-09-18 13:29:54,397279N1222071W001,22N03W28P001M,10/17/2012,00:00,,,100.070,0.000,100.070,259.490,258.220,159.420,98.800,ES - Electric sounder measurement,0.01 Ft,Department of Water Resources,CASGEM,10,17,2012
Glenn_01.01.2003-06.21.2013.csv,Glenn,39.7279,-122.2071,W001,2013-09-18 13:29:54,397279N1222071W001,22N03W28P001M,1/23/2003,00:00,,,75.700,0.000,75.700,259.490,258.220,183.790,74.430,UNK - Unknown,Unknown,ORLAND - ARTOIS WATER DISTRICT,Voluntary,1,23,2003
Glenn_01.01.2003-06.21.2013.csv,Glenn,39.7279,-122.2071,W001,2013-09-18 13:29:54,397279N1222071W001,22N03W28P001M,2/27/2003,00:00,,,73.900,0.000,73.900,259.490,258.220,185.590,72.630,UNK - Unknown,Unknown,ORLAND - ARTOIS WATER DISTRICT,Voluntary,2,27,2003
Glenn_01.01.2003-06.21.2013.csv,Glenn,39.7279,-122.2071,W001,2013-09-18 13:29:54,397279N1222071W001,22N03W28P001M,3/24/2003,00:00,,,73.740,0.000,73.740,259.490,258.220,185.750,72.470,UNK - Unknown,Unknown,ORLAND - ARTOIS WATER DISTRICT,Voluntary,3,24,2003
Glenn_01.01.2003-06.21.2013.csv,Glenn,39.7279,-122.2071,W001,2013-09-18 13:29:54,397279N1222071W001,22N03W28P001M,4/28/2003,00:00,,,72.810,0.000,72.810,259.490,258.220,186.680,71.540,UNK - Unknown,Unknown,ORLAND - ARTOIS WATER DISTRICT,Voluntary,4,28,2003
Glenn_01.01.2003-06.21.2013.csv,Glenn,39.7279,-122.2071,W001,2013-09-18 13:29:54,397279N1222071W001,22N03W28P001M,5/29/2003,00:00,,,74.960,0.000,74.960,259.490,258.220,184.530,73.690,UNK - Unknown,Unknown,ORLAND - ARTOIS WATER DISTRICT,Voluntary,5,29,2003
Glenn_01.01.2003-06.21.2013.csv,Glenn,39.7279,-122.2071,W001,2013-09-18 13:29:54,397279N1222071W001,22N03W28P001M,7/11/2003,00:00,,,80.400,0.000,80.400,259.490,258.220,179.090,79.130,UNK - Unknown,Unknown,ORLAND - ARTOIS WATER DISTRICT,Voluntary,7,11,2003
Glenn_01.01.2003-06.21.2013.csv,Glenn,39.7279,-122.2071,W001,2013-09-18 13:29:54,397279N1222071W001,22N03W28P001M,7/18/2003,00:00,,,81.300,0.000,81.300,259.490,258.220,178.190,80.030,UNK - Unknown,Unknown,ORLAND - ARTOIS WATER DISTRICT,Voluntary,7,18,2003
Glenn_01.01.2003-06.21.2013.csv,Glenn,39.7279,-122.2071,W001,2013-09-18 13:29:54,397279N1222071W001,22N03W28P001M,7/24/2003,00:00,,,81.800,0.000,81.800,259.490,258.220,177.690,80.530,UNK - Unknown,Unknown,ORLAND - ARTOIS WATER DISTRICT,Voluntary,7,24,2003
Glenn_01.01.2003-06.21.2013.csv,Glenn,39.7279,-122.2071,W001,2013-09-18 13:29:54,397279N1222071W001,22N03W28P001M,7/31/2003,00:00,,,82.200,0.000,82.200,259.490,258.220,177.290,80.930,UNK - Unknown,Unknown,ORLAND - ARTOIS WATER DISTRICT,Voluntary,7,31,2003
Glenn_01.01.2003-06.21.2013.csv,Glenn,39.7279,-122.2071,W001,2013-09-18 13:29:54,397279N1222071W001,22N03W28P001M,8/7/2003,00:00,,,82.000,0.000,82.000,259.490,258.220,177.490,80.730,UNK - Unknown,Unknown,ORLAND - ARTOIS WATER DISTRICT,Voluntary,8,7,2003
Glenn_01.01.2003-06.21.2013.csv,Glenn,39.7279,-122.2071,W001,2013-09-18 13:29:54,397279N1222071W001,22N03W28P001M,8/14/2003,00:00,,,82.400,0.000,82.400,259.490,258.220,177.090,81.130,UNK - Unknown,Unknown,ORLAND - ARTOIS WATER DISTRICT,Voluntary,8,14,2003
Glenn_01.01.2003-06.21.2013.csv,Glenn,39.7279,-122.2071,W001,2013-09-18 13:29:54,397279N1222071W001,22N03W28P001M,8/21/2003,00:00,,,82.300,0.000,82.300,259.490,258.220,177.190,81.030,UNK - Unknown,Unknown,ORLAND - ARTOIS WATER DISTRICT,Voluntary,8,21,2003
Glenn_01.01.2003-06.21.2013.csv,Glenn,39.7279,-122.2071,W001,2013-09-18 13:29:54,397279N1222071W001,22N03W28P001M,8/28/2003,00:00,,,82.280,0.000,82.280,259.490,258.220,177.210,81.010,UNK - Unknown,Unknown,ORLAND - ARTOIS WATER DISTRICT,Voluntary,8,28,2003
Glenn_01.01.2003-06.21.2013.csv,Glenn,39.7279,-122.2071,W001,2013-09-18 13:29:54,397279N1222071W001,22N03W28P001M,7/1/2003,00:00,,,79.560,0.000,79.560,259.490,258.220,179.930,78.290,UNK - Unknown,Unknown,ORLAND - ARTOIS WATER DISTRICT,Voluntary,7,1,2003
Glenn_01.01.2003-06.21.2013.csv,Glenn,39.7279,-122.2071,W001,2013-09-18 13:29:54,397279N1222071W001,22N03W28P001M,9/4/2003,00:00,,,82.200,0.000,82.200,259.490,258.220,177.290,80.930,UNK - Unknown,Unknown,ORLAND - ARTOIS WATER DISTRICT,Voluntary,9,4,2003
Glenn_01.01.2003-06.21.2013.csv,Glenn,39.7279,-122.2071,W001,2013-09-18 13:29:54,397279N1222071W001,22N03W28P001M,9/25/2003,00:00,,,82.800,0.000,82.800,259.490,258.220,176.690,81.530,UNK - Unknown,Unknown,ORLAND - ARTOIS WATER DISTRICT,Voluntary,9,25,2003
Glenn_01.01.2003-06.21.2013.csv,Glenn,39.7279,-122.2071,W001,2013-09-18 13:29:54,397279N1222071W001,22N03W28P001M,10/2/2003,00:00,,,82.700,0.000,82.700,259.490,258.220,176.790,81.430,UNK - Unknown,Unknown,ORLAND - ARTOIS WATER DISTRICT,Voluntary,10,2,2003
Glenn_01.01.2003-06.21.2013.csv,Glenn,39.7279,-122.2071,W001,2013-09-18 13:29:54,397279N1222071W001,22N03W28P001M,10/9/2003,00:00,,,82.600,0.000,82.600,259.490,258.220,176.890,81.330,UNK - Unknown,Unknown,ORLAND - ARTOIS WATER DISTRICT,Voluntary,10,9,2003
Glenn_01.01.2003-06.21.2013.csv,Glenn,39.7279,-122.2071,W001,2013-09-18 13:29:54,397279N1222071W001,22N03W28P001M,10/23/2003,00:00,,,81.700,0.000,81.700,259.490,258.220,177.790,80.430,UNK - Unknown,Unknown,ORLAND - ARTOIS WATER DISTRICT,Voluntary,10,23,2003
Glenn_01.01.2003-06.21.2013.csv,Glenn,39.7279,-122.2071,W001,2013-09-18 13:29:54,397279N1222071W001,22N03W28P001M,10/30/2003,00:00,,,81.800,0.000,81.800,259.490,258.220,177.690,80.530,UNK - Unknown,Unknown,ORLAND - ARTOIS WATER DISTRICT,Voluntary,10,30,2003
Glenn_01.01.2003-06.21.2013.csv,Glenn,39.7279,-122.2071,W001,2013-09-18 13:29:54,397279N1222071W001,22N03W28P001M,11/30/2003,00:00,,,79.200,0.000,79.200,259.490,258.220,180.290,77.930,UNK - Unknown,Unknown,ORLAND - ARTOIS WATER DISTRICT,Voluntary,11,30,2003
Glenn_01.01.2003-06.21.2013.csv,Glenn,39.7279,-122.2071,W001,2013-09-18 13:29:54,397279N1222071W001,22N03W28P001M,11/6/2003,00:00,,,81.300,0.000,81.300,259.490,258.220,178.190,80.030,UNK - Unknown,Unknown,ORLAND - ARTOIS WATER DISTRICT,Voluntary,11,6,2003
Glenn_01.01.2003-06.21.2013.csv,Glenn,39.7279,-122.2071,W001,2013-09-18 13:29:54,397279N1222071W001,22N03W28P001M,11/13/2003,00:00,,,80.600,0.000,80.600,259.490,258.220,178.890,79.330,UNK - Unknown,Unknown,ORLAND - ARTOIS WATER DISTRICT,Voluntary,11,13,2003
Glenn_01.01.2003-06.21.2013.csv,Glenn,39.7279,-122.2071,W001,2013-09-18 13:29:54,397279N1222071W001,22N03W28P001M,2/24/2004,00:00,,,73.900,0.000,73.900,259.490,258.220,185.590,72.630,UNK - Unknown,Unknown,ORLAND - ARTOIS WATER DISTRICT,Voluntary,2,24,2004
Glenn_01.01.2003-06.21.2013.csv,Glenn,39.7279,-122.2071,W001,2013-09-18 13:29:54,397279N1222071W001,22N03W28P001M,3/31/2004,00:00,,,73.000,0.000,73.000,259.490,258.220,186.490,71.730,UNK - Unknown,Unknown,ORLAND - ARTOIS WATER DISTRICT,Voluntary,3,31,2004
Glenn_01.01.2003-06.21.2013.csv,Glenn,39.7279,-122.2071,W001,2013-09-18 13:29:54,397279N1222071W001,22N03W28P001M,4/29/2004,00:00,,,74.100,0.000,74.100,259.490,258.220,185.390,72.830,UNK - Unknown,Unknown,ORLAND - ARTOIS WATER DISTRICT,Voluntary,4,29,2004
Glenn_01.01.2003-06.21.2013.csv,Glenn,39.7279,-122.2071,W001,2013-09-18 13:29:54,397279N1222071W001,22N03W28P001M,5/26/2004,00:00,,,77.100,0.000,77.100,259.490,258.220,182.390,75.830,UNK - Unknown,Unknown,ORLAND - ARTOIS WATER DISTRICT,Voluntary,5,26,2004
Glenn_01.01.2003-06.21.2013.csv,Glenn,39.7279,-122.2071,W001,2013-09-18 13:29:54,397279N1222071W001,22N03W28P001M,12/30/2003,00:00,,,77.100,0.000,77.100,259.490,258.220,182.390,75.830,UNK - Unknown,Unknown,ORLAND - ARTOIS WATER DISTRICT,Voluntary,12,30,2003
Glenn_01.01.2003-06.21.2013.csv,Glenn,39.7279,-122.2071,W001,2013-09-18 13:29:54,397279N1222071W001,22N03W28P001M,6/30/2004,00:00,,,79.900,0.000,79.900,259.490,258.220,179.590,78.630,UNK - Unknown,Unknown,ORLAND - ARTOIS WATER DISTRICT,Voluntary,6,30,2004
Glenn_01.01.2003-06.21.2013.csv,Glenn,39.7279,-122.2071,W001,2013-09-18 13:29:54,397279N1222071W001,22N03W28P001M,7/29/2004,00:00,,,82.800,0.000,82.800,259.490,258.220,176.690,81.530,UNK - Unknown,Unknown,ORLAND - ARTOIS WATER DISTRICT,Voluntary,7,29,2004
Glenn_01.01.2003-06.21.2013.csv,Glenn,39.7279,-122.2071,W001,2013-09-18 13:29:54,397279N1222071W001,22N03W28P001M,8/26/2004,00:00,,,83.500,0.000,83.500,259.490,258.220,175.990,82.230,UNK - Unknown,Unknown,ORLAND - ARTOIS WATER DISTRICT,Voluntary,8,26,2004
Glenn_01.01.2003-06.21.2013.csv,Glenn,39.7279,-122.2071,W001,2013-09-18 13:29:54,397279N1222071W001,22N03W28P001M,9/22/2004,00:00,,,82.700,0.000,82.700,259.490,258.220,176.790,81.430,UNK - Unknown,Unknown,ORLAND - ARTOIS WATER DISTRICT,Voluntary,9,22,2004
Glenn_01.01.2003-06.21.2013.csv,Glenn,39.7279,-122.2071,W001,2013-09-18 13:29:54,397279N1222071W001,22N03W28P001M,10/28/2004,00:00,,,81.100,0.000,81.100,259.490,258.220,178.390,79.830,UNK - Unknown,Unknown,ORLAND - ARTOIS WATER DISTRICT,Voluntary,10,28,2004
Glenn_01.01.2003-06.21.2013.csv,Glenn,39.7279,-122.2071,W001,2013-09-18 13:29:54,397279N1222071W001,22N03W28P001M,12/1/2004,00:00,,,78.600,0.000,78.600,259.490,258.220,180.890,77.330,UNK - Unknown,Unknown,ORLAND - ARTOIS WATER DISTRICT,Voluntary,12,1,2004
Glenn_01.01.2003-06.21.2013.csv,Glenn,39.7279,-122.2071,W001,2013-09-18 13:29:54,397279N1222071W001,22N03W28P001M,12/29/2004,00:00,,,77.000,0.000,77.000,259.490,258.220,182.490,75.730,UNK - Unknown,Unknown,ORLAND - ARTOIS WATER DISTRICT,Voluntary,12,29,2004
Glenn_01.01.2003-06.21.2013.csv,Glenn,39.7279,-122.2071,W001,2013-09-18 13:29:54,397279N1222071W001,22N03W28P001M,1/31/2005,00:00,,,75.600,0.000,75.600,259.490,258.220,183.890,74.330,UNK - Unknown,Unknown,ORLAND - ARTOIS WATER DISTRICT,Voluntary,1,31,2005
Glenn_01.01.2003-06.21.2013.csv,Glenn,39.7279,-122.2071,W001,2013-09-18 13:29:54,397279N1222071W001,22N03W28P001M,2/25/2005,00:00,,,74.600,0.000,74.600,259.490,258.220,184.890,73.330,UNK - Unknown,Unknown,ORLAND - ARTOIS WATER DISTRICT,Voluntary,2,25,2005
Glenn_01.01.2003-06.21.2013.csv,Glenn,39.7279,-122.2071,W001,2013-09-18 13:29:54,397279N1222071W001,22N03W28P001M,4/26/2004,00:00,,,73.500,0.000,73.500,259.490,258.220,185.990,72.230,UNK - Unknown,Unknown,ORLAND - ARTOIS WATER DISTRICT,Voluntary,4,26,2004
Glenn_01.01.2003-06.21.2013.csv,Glenn,39.7279,-122.2071,W001,2013-09-18 13:29:54,397279N1222071W001,22N03W28P001M,5/27/2005,00:00,9 - Temporarily inaccessible,,NULL,NULL,NULL,259.490,258.220,NULL,NULL,,,ORLAND - ARTOIS WATER DISTRICT,Voluntary,BEE BOXES SURROUNDING WELLS5,27,2005
Glenn_01.01.2003-06.21.2013.csv,Glenn,39.7279,-122.2071,W001,2013-09-18 13:29:54,397279N1222071W001,22N03W28P001M,7/1/2005,00:00,9 - Temporarily inaccessible,,NULL,NULL,NULL,259.490,258.220,NULL,NULL,,,ORLAND - ARTOIS WATER DISTRICT,Voluntary,BEE BOXES SURROUNDING WELLS7,1,2005
Glenn_01.01.2003-06.21.2013.csv,Glenn,39.7279,-122.2071,W001,2013-09-18 13:29:54,397279N1222071W001,22N03W28P001M,10/28/2005,00:00,,6 - Other,64.700,0.000,64.700,259.490,258.220,194.790,63.430,UNK - Unknown,Unknown,ORLAND - ARTOIS WATER DISTRICT,Voluntary,EDITED TO A QM10,28,2005
Glenn_01.01.2003-06.21.2013.csv,Glenn,39.7279,-122.2071,W001,2013-09-18 13:29:54,397279N1222071W001,22N03W28P001M,1/5/2006,00:00,7 - Special/Other,,NULL,NULL,NULL,259.490,258.220,NULL,NULL,,,ORLAND - ARTOIS WATER DISTRICT,Voluntary,1,5,2006
Glenn_01.01.2003-06.21.2013.csv,Glenn,39.7279,-122.2071,W001,2013-09-18 13:29:54,397279N1222071W001,22N03W28P001M,4/26/2005,00:00,,,73.500,0.000,73.500,259.490,258.220,185.990,72.230,UNK - Unknown,Unknown,ORLAND - ARTOIS WATER DISTRICT,Voluntary,4,26,2005
Glenn_01.01.2003-06.21.2013.csv,Glenn,39.7279,-122.2071,W001,2013-09-18 13:29:54,397279N1222071W001,22N03W28P001M,6/29/2006,00:00,7 - Special/Other,,NULL,NULL,NULL,259.490,258.220,NULL,NULL,,,County of Glenn,Voluntary,BEES6,29,2006
Glenn_01.01.2003-06.21.2013.csv,Glenn,39.7279,-122.2071,W001,2013-09-18 13:29:54,397279N1222071W001,22N03W28P001M,8/15/2006,00:00,,6 - Other,67.300,0.000,67.300,259.490,258.220,192.190,66.030,UNK - Unknown,Unknown,County of Glenn,Voluntary,EDITED TO A QM8,15,2006
Glenn_01.01.2003-06.21.2013.csv,Glenn,39.7279,-122.2071,W001,2013-09-18 13:29:54,397279N1222071W001,22N03W28P001M,10/12/2006,00:00,7 - Special/Other,,NULL,NULL,NULL,259.490,258.220,NULL,NULL,,,County of Glenn,Voluntary,10,12,2006
Glenn_01.01.2003-06.21.2013.csv,Glenn,39.7279,-122.2071,W001,2013-09-18 13:29:54,397279N1222071W001,22N03W28P001M,8/9/2007,00:00,,,87.350,0.000,87.350,259.490,258.220,172.140,86.080,UNK - Unknown,Unknown,County of Glenn,Voluntary,8,9,2007
Glenn_01.01.2003-06.21.2013.csv,Glenn,39.7279,-122.2071,W001,2013-09-18 13:29:54,397279N1222071W001,22N03W28P001M,10/15/2007,00:00,,,97.000,0.000,97.000,259.490,258.220,162.490,95.730,UNK - Unknown,Unknown,County of Glenn,Voluntary,10,15,2007
Glenn_01.01.2003-06.21.2013.csv,Glenn,39.7279,-122.2071,W001,2013-09-18 13:29:54,397279N1222071W001,22N03W28P001M,1/15/2008,00:00,,,80.160,0.000,80.160,259.490,258.220,179.330,78.890,UNK - Unknown,Unknown,County of Glenn,Voluntary,1,15,2008
Glenn_01.01.2003-06.21.2013.csv,Glenn,39.7279,-122.2071,W001,2013-09-18 13:29:54,397279N1222071W001,22N03W28P001M,3/13/2008,00:00,,,78.020,0.000,78.020,259.490,258.220,181.470,76.750,UNK - Unknown,Unknown,County of Glenn,Voluntary,3,13,2008
Glenn_01.01.2003-06.21.2013.csv,Glenn,39.7279,-122.2071,W001,2013-09-18 13:29:54,397279N1222071W001,22N03W28P001M,7/25/2008,00:00,,,90.730,0.000,90.730,259.490,258.220,168.760,89.460,UNK - Unknown,Unknown,County of Glenn,Voluntary,7,25,2008
Glenn_01.01.2003-06.21.2013.csv,Glenn,39.7279,-122.2071,W001,2013-09-18 13:29:54,397279N1222071W001,22N03W28P001M,8/5/2008,00:00,,,91.070,0.000,91.070,259.490,258.220,168.420,89.800,UNK - Unknown,Unknown,Department of Water Resources,Voluntary,8,5,2008
Glenn_01.01.2003-06.21.2013.csv,Glenn,39.7279,-122.2071,W001,2013-09-18 13:29:54,397279N1222071W001,22N03W28P001M,8/26/2008,00:00,,,93.070,0.000,93.070,259.490,258.220,166.420,91.800,UNK - Unknown,Unknown,Department of Water Resources,Voluntary,8,26,2008
Glenn_01.01.2003-06.21.2013.csv,Glenn,39.7279,-122.2071,W001,2013-09-18 13:29:54,397279N1222071W001,22N03W28P001M,10/23/2008,00:00,,,90.110,0.000,90.110,259.490,258.220,169.380,88.840,UNK - Unknown,Unknown,Department of Water Resources,Voluntary,10,23,2008
Glenn_01.01.2003-06.21.2013.csv,Glenn,39.7279,-122.2071,W001,2013-09-18 13:29:54,397279N1222071W001,22N03W28P001M,1/13/2009,00:00,,,84.500,0.000,84.500,259.490,258.220,174.990,83.230,UNK - Unknown,Unknown,Department of Water Resources,Voluntary,1,13,2009
Glenn_01.01.2003-06.21.2013.csv,Glenn,39.7279,-122.2071,W001,2013-09-18 13:29:54,397279N1222071W001,22N03W28P001M,3/23/2009,00:00,,,82.510,0.000,82.510,259.490,258.220,176.980,81.240,UNK - Unknown,Unknown,Department of Water Resources,Voluntary,3,23,2009
Glenn_01.01.2003-06.21.2013.csv,Glenn,39.7279,-122.2071,W001,2013-09-18 13:29:54,397279N1222071W001,22N03W28P001M,5/13/2009,00:00,,,88.120,0.000,88.120,259.490,258.220,171.370,86.850,UNK - Unknown,Unknown,Department of Water Resources,Voluntary,5,13,2009
Glenn_01.01.2003-06.21.2013.csv,Glenn,39.7279,-122.2071,W001,2013-09-18 13:29:54,397279N1222071W001,22N03W28P001M,6/24/2009,00:00,,,94.300,0.000,94.300,259.490,258.220,165.190,93.030,UNK - Unknown,Unknown,Department of Water Resources,Voluntary,6,24,2009
Glenn_01.01.2003-06.21.2013.csv,Glenn,39.7279,-122.2071,W001,2013-09-18 13:29:54,397279N1222071W001,22N03W28P001M,8/5/2009,00:00,,,100.320,0.000,100.320,259.490,258.220,159.170,99.050,UNK - Unknown,Unknown,Department of Water Resources,Voluntary,8,5,2009
Glenn_01.01.2003-06.21.2013.csv,Glenn,39.7279,-122.2071,W001,2013-09-18 13:29:54,397279N1222071W001,22N03W28P001M,9/15/2009,00:00,,,97.920,0.000,97.920,259.490,258.220,161.570,96.650,UNK - Unknown,Unknown,Department of Water Resources,Voluntary,9,15,2009
Glenn_01.01.2003-06.21.2013.csv,Glenn,39.7279,-122.2071,W001,2013-09-18 13:29:54,397279N1222071W001,22N03W28P001M,10/23/2009,00:00,,,94.780,0.000,94.780,259.490,258.220,164.710,93.510,UNK - Unknown,Unknown,Department of Water Resources,Voluntary,10,23,2009
Glenn_01.01.2003-06.21.2013.csv,Glenn,39.7279,-122.2071,W001,2013-09-18 13:29:54,397279N1222071W001,22N03W28P001M,3/24/2010,00:00,,,85.760,0.000,85.760,259.490,258.220,173.730,84.490,UNK - Unknown,Unknown,Department of Water Resources,Voluntary,3,24,2010
Glenn_01.01.2003-06.21.2013.csv,Glenn,39.7279,-122.2071,W001,2013-09-18 13:29:54,397279N1222071W001,22N03W28P001M,8/2/2010,00:00,,,97.180,0.000,97.180,259.490,258.220,162.310,95.910,UNK - Unknown,Unknown,Department of Water Resources,Voluntary,8,2,2010
Glenn_01.01.2003-06.21.2013.csv,Glenn,39.7279,-122.2071,W001,2013-09-18 13:29:54,397279N1222071W001,22N03W28P001M,10/18/2010,00:00,,,94.760,0.000,94.760,259.490,258.220,164.730,93.490,UNK - Unknown,Unknown,Department of Water Resources,Voluntary,10,18,2010
Glenn_01.01.2003-06.21.2013.csv,Glenn,39.7279,-122.2071,W001,2013-09-18 13:29:54,397279N1222071W001,22N03W28P001M,1/18/2011,00:00,,,87.540,0.000,87.540,259.490,258.220,171.950,86.270,UNK - Unknown,Unknown,Department of Water Resources,Voluntary,1,18,2011
Glenn_01.01.2003-06.21.2013.csv,Glenn,39.7279,-122.2071,W001,2013-09-18 13:29:54,397279N1222071W001,22N03W28P001M,2/14/2011,00:00,,,87.480,0.000,87.480,259.490,258.220,172.010,86.210,UNK - Unknown,Unknown,Department of Water Resources,Voluntary,2,14,2011
Glenn_01.01.2003-06.21.2013.csv,Glenn,39.7279,-122.2071,W001,2013-09-18 13:29:54,397279N1222071W001,22N03W28P001M,4/5/2011,00:00,,,86.320,0.000,86.320,259.490,258.220,173.170,85.050,UNK - Unknown,Unknown,Department of Water Resources,Voluntary,4,5,2011
Glenn_01.01.2003-06.21.2013.csv,Glenn,39.7279,-122.2071,W001,2013-09-18 13:29:54,397279N1222071W001,22N03W28P001M,8/3/2011,00:00,,,95.920,0.000,95.920,259.490,258.220,163.570,94.650,UNK - Unknown,Unknown,Department of Water Resources,Voluntary,8,3,2011
Glenn_01.01.2003-06.21.2013.csv,Glenn,39.7279,-122.2071,W001,2013-09-18 13:29:54,397279N1222071W001,22N03W28P001M,10/12/2011,00:00,,,94.920,0.000,94.920,259.490,258.220,164.570,93.650,UNK - Unknown,Unknown,Department of Water Resources,Voluntary,10,12,2011
Glenn_01.01.2003-06.21.2013.csv,Glenn,39.7279,-122.2071,W001,2013-09-18 13:29:54,397279N1222071W001,22N03W28P001M,11/29/2011,00:00,,,90.680,0.000,90.680,259.490,258.220,168.810,89.410,UNK - Unknown,Unknown,Department of Water Resources,Voluntary,11,29,2011
Glenn_01.01.2003-06.21.2013.csv,Glenn,39.7279,-122.2071,W001,2013-09-18 13:29:54,397279N1222071W001,22N03W28P001M,3/19/2013,00:00,,,91.490,0.000,91.490,259.490,258.220,168.000,90.220,ES - Electric sounder measurement,0.01 Ft,Department of Water Resources,CASGEM,3,19,2013
Glenn_01.01.2003-06.21.2013.csv,Glenn,39.7279,-122.2071,W002,2013-09-18 13:29:54,397279N1222071W002,22N03W28P002M,10/12/2011,00:00,,,74.270,0.000,74.270,259.970,258.220,185.700,72.520,ES - Electric sounder measurement,0.01 Ft,Department of Water Resources,Voluntary,10,12,2011
Glenn_01.01.2003-06.21.2013.csv,Glenn,39.7279,-122.2071,W002,2013-09-18 13:29:54,397279N1222071W002,22N03W28P002M,3/26/2012,00:00,,,71.450,0.000,71.450,259.970,258.220,188.520,69.700,ES - Electric sounder measurement,0.01 Ft,Department of Water Resources,Voluntary,3,26,2012
Glenn_01.01.2003-06.21.2013.csv,Glenn,39.7279,-122.2071,W002,2013-09-18 13:29:54,397279N1222071W002,22N03W28P002M,8/1/2012,00:00,,,82.510,0.000,82.510,259.970,258.220,177.460,80.760,ES - Electric sounder measurement,0.01 Ft,Department of Water Resources,Voluntary,8,1,2012
Glenn_01.01.2003-06.21.2013.csv,Glenn,39.7279,-122.2071,W002,2013-09-18 13:29:54,397279N1222071W002,22N03W28P002M,10/17/2012,00:00,,3 - Casing leaking or wet,79.500,0.000,79.500,259.970,258.220,180.470,77.750,ES - Electric sounder measurement,0.01 Ft,Department of Water Resources,Voluntary,10,17,2012
Glenn_01.01.2003-06.21.2013.csv,Glenn,39.7279,-122.2071,W002,2013-09-18 13:29:54,397279N1222071W002,22N03W28P002M,1/23/2003,00:00,,,61.800,0.000,61.800,259.970,258.220,198.170,60.050,UNK - Unknown,Unknown,ORLAND - ARTOIS WATER DISTRICT,Voluntary,1,23,2003
Glenn_01.01.2003-06.21.2013.csv,Glenn,39.7279,-122.2071,W002,2013-09-18 13:29:54,397279N1222071W002,22N03W28P002M,2/27/2003,00:00,,,60.270,0.000,60.270,259.970,258.220,199.700,58.520,UNK - Unknown,Unknown,ORLAND - ARTOIS WATER DISTRICT,Voluntary,2,27,2003
Glenn_01.01.2003-06.21.2013.csv,Glenn,39.7279,-122.2071,W002,2013-09-18 13:29:54,397279N1222071W002,22N03W28P002M,3/24/2003,00:00,,,60.370,0.000,60.370,259.970,258.220,199.600,58.620,UNK - Unknown,Unknown,ORLAND - ARTOIS WATER DISTRICT,Voluntary,3,24,2003
Glenn_01.01.2003-06.21.2013.csv,Glenn,39.7279,-122.2071,W002,2013-09-18 13:29:54,397279N1222071W002,22N03W28P002M,4/28/2003,00:00,,,59.620,0.000,59.620,259.970,258.220,200.350,57.870,UNK - Unknown,Unknown,ORLAND - ARTOIS WATER DISTRICT,Voluntary,4,28,2003
Glenn_01.01.2003-06.21.2013.csv,Glenn,39.7279,-122.2071,W002,2013-09-18 13:29:54,397279N1222071W002,22N03W28P002M,6/3/2003,00:00,,,62.490,0.000,62.490,259.970,258.220,197.480,60.740,UNK - Unknown,Unknown,ORLAND - ARTOIS WATER DISTRICT,Voluntary,6,3,2003
Glenn_01.01.2003-06.21.2013.csv,Glenn,39.7279,-122.2071,W002,2013-09-18 13:29:54,397279N1222071W002,22N03W28P002M,7/11/2003,00:00,,,66.000,0.000,66.000,259.970,258.220,193.970,64.250,UNK - Unknown,Unknown,ORLAND - ARTOIS WATER DISTRICT,Voluntary,7,11,2003
Glenn_01.01.2003-06.21.2013.csv,Glenn,39.7279,-122.2071,W002,2013-09-18 13:29:54,397279N1222071W002,22N03W28P002M,7/18/2003,00:00,,,67.290,0.000,67.290,259.970,258.220,192.680,65.540,UNK - Unknown,Unknown,ORLAND - ARTOIS WATER DISTRICT,Voluntary,7,18,2003
Glenn_01.01.2003-06.21.2013.csv,Glenn,39.7279,-122.2071,W002,2013-09-18 13:29:54,397279N1222071W002,22N03W28P002M,7/24/2003,00:00,,,69.570,0.000,69.570,259.970,258.220,190.400,67.820,UNK - Unknown,Unknown,ORLAND - ARTOIS WATER DISTRICT,Voluntary,7,24,2003
Glenn_01.01.2003-06.21.2013.csv,Glenn,39.7279,-122.2071,W002,2013-09-18 13:29:54,397279N1222071W002,22N03W28P002M,7/31/2003,00:00,,,67.830,0.000,67.830,259.970,258.220,192.140,66.080,UNK - Unknown,Unknown,ORLAND - ARTOIS WATER DISTRICT,Voluntary,7,31,2003
Glenn_01.01.2003-06.21.2013.csv,Glenn,39.7279,-122.2071,W002,2013-09-18 13:29:54,397279N1222071W002,22N03W28P002M,8/7/2003,00:00,,,67.100,0.000,67.100,259.970,258.220,192.870,65.350,UNK - Unknown,Unknown,ORLAND - ARTOIS WATER DISTRICT,Voluntary,8,7,2003
Glenn_01.01.2003-06.21.2013.csv,Glenn,39.7279,-122.2071,W002,2013-09-18 13:29:54,397279N1222071W002,22N03W28P002M,8/14/2003,00:00,,,68.900,0.000,68.900,259.970,258.220,191.070,67.150,UNK - Unknown,Unknown,ORLAND - ARTOIS WATER DISTRICT,Voluntary,8,14,2003
Glenn_01.01.2003-06.21.2013.csv,Glenn,39.7279,-122.2071,W002,2013-09-18 13:29:54,397279N1222071W002,22N03W28P002M,8/21/2003,00:00,,,67.900,0.000,67.900,259.970,258.220,192.070,66.150,UNK - Unknown,Unknown,ORLAND - ARTOIS WATER DISTRICT,Voluntary,8,21,2003
Glenn_01.01.2003-06.21.2013.csv,Glenn,39.7279,-122.2071,W002,2013-09-18 13:29:54,397279N1222071W002,22N03W28P002M,8/28/2003,00:00,,,67.200,0.000,67.200,259.970,258.220,192.770,65.450,UNK - Unknown,Unknown,ORLAND - ARTOIS WATER DISTRICT,Voluntary,8,28,2003
Glenn_01.01.2003-06.21.2013.csv,Glenn,39.7279,-122.2071,W002,2013-09-18 13:29:54,397279N1222071W002,22N03W28P002M,7/1/2003,00:00,,,65.540,0.000,65.540,259.970,258.220,194.430,63.790,UNK - Unknown,Unknown,ORLAND - ARTOIS WATER DISTRICT,Voluntary,7,1,2003
Glenn_01.01.2003-06.21.2013.csv,Glenn,39.7279,-122.2071,W002,2013-09-18 13:29:54,397279N1222071W002,22N03W28P002M,9/4/2003,00:00,,,67.300,0.000,67.300,259.970,258.220,192.670,65.550,UNK - Unknown,Unknown,ORLAND - ARTOIS WATER DISTRICT,Voluntary,9,4,2003
Glenn_01.01.2003-06.21.2013.csv,Glenn,39.7279,-122.2071,W002,2013-09-18 13:29:54,397279N1222071W002,22N03W28P002M,9/25/2003,00:00,,,69.000,0.000,69.000,259.970,258.220,190.970,67.250,UNK - Unknown,Unknown,ORLAND - ARTOIS WATER DISTRICT,Voluntary,9,25,2003
Glenn_01.01.2003-06.21.2013.csv,Glenn,39.7279,-122.2071,W002,2013-09-18 13:29:54,397279N1222071W002,22N03W28P002M,10/2/2003,00:00,,,67.900,0.000,67.900,259.970,258.220,192.070,66.150,UNK - Unknown,Unknown,ORLAND - ARTOIS WATER DISTRICT,Voluntary,10,2,2003
Glenn_01.01.2003-06.21.2013.csv,Glenn,39.7279,-122.2071,W002,2013-09-18 13:29:54,397279N1222071W002,22N03W28P002M,10/9/2003,00:00,,,68.000,0.000,68.000,259.970,258.220,191.970,66.250,UNK - Unknown,Unknown,ORLAND - ARTOIS WATER DISTRICT,Voluntary,10,9,2003
Glenn_01.01.2003-06.21.2013.csv,Glenn,39.7279,-122.2071,W002,2013-09-18 13:29:54,397279N1222071W002,22N03W28P002M,10/23/2003,00:00,,,66.500,0.000,66.500,259.970,258.220,193.470,64.750,UNK - Unknown,Unknown,ORLAND - ARTOIS WATER DISTRICT,Voluntary,10,23,2003
Glenn_01.01.2003-06.21.2013.csv,Glenn,39.7279,-122.2071,W002,2013-09-18 13:29:54,397279N1222071W002,22N03W28P002M,10/30/2003,00:00,,,66.000,0.000,66.000,259.970,258.220,193.970,64.250,UNK - Unknown,Unknown,ORLAND - ARTOIS WATER DISTRICT,Voluntary,10,30,2003
Glenn_01.01.2003-06.21.2013.csv,Glenn,39.7279,-122.2071,W002,2013-09-18 13:29:54,397279N1222071W002,22N03W28P002M,11/30/2003,00:00,,,64.200,0.000,64.200,259.970,258.220,195.770,62.450,UNK - Unknown,Unknown,ORLAND - ARTOIS WATER DISTRICT,Voluntary,11,30,2003
Glenn_01.01.2003-06.21.2013.csv,Glenn,39.7279,-122.2071,W002,2013-09-18 13:29:54,397279N1222071W002,22N03W28P002M,11/6/2003,00:00,,,65.600,0.000,65.600,259.970,258.220,194.370,63.850,UNK - Unknown,Unknown,ORLAND - ARTOIS WATER DISTRICT,Voluntary,11,6,2003
Glenn_01.01.2003-06.21.2013.csv,Glenn,39.7279,-122.2071,W002,2013-09-18 13:29:54,397279N1222071W002,22N03W28P002M,11/13/2003,00:00,,,65.300,0.000,65.300,259.970,258.220,194.670,63.550,UNK - Unknown,Unknown,ORLAND - ARTOIS WATER DISTRICT,Voluntary,11,13,2003
Glenn_01.01.2003-06.21.2013.csv,Glenn,39.7279,-122.2071,W002,2013-09-18 13:29:54,397279N1222071W002,22N03W28P002M,2/24/2004,00:00,,,59.500,0.000,59.500,259.970,258.220,200.470,57.750,UNK - Unknown,Unknown,ORLAND - ARTOIS WATER DISTRICT,Voluntary,2,24,2004
Glenn_01.01.2003-06.21.2013.csv,Glenn,39.7279,-122.2071,W002,2013-09-18 13:29:54,397279N1222071W002,22N03W28P002M,3/31/2004,00:00,,,59.000,0.000,59.000,259.970,258.220,200.970,57.250,UNK - Unknown,Unknown,ORLAND - ARTOIS WATER DISTRICT,Voluntary,3,31,2004
Glenn_01.01.2003-06.21.2013.csv,Glenn,39.7279,-122.2071,W002,2013-09-18 13:29:54,397279N1222071W002,22N03W28P002M,4/29/2004,00:00,,,61.200,0.000,61.200,259.970,258.220,198.770,59.450,UNK - Unknown,Unknown,ORLAND - ARTOIS WATER DISTRICT,Voluntary,4,29,2004
Glenn_01.01.2003-06.21.2013.csv,Glenn,39.7279,-122.2071,W002,2013-09-18 13:29:54,397279N1222071W002,22N03W28P002M,5/26/2004,00:00,,,63.000,0.000,63.000,259.970,258.220,196.970,61.250,UNK - Unknown,Unknown,ORLAND - ARTOIS WATER DISTRICT,Voluntary,5,26,2004
Glenn_01.01.2003-06.21.2013.csv,Glenn,39.7279,-122.2071,W002,2013-09-18 13:29:54,397279N1222071W002,22N03W28P002M,12/30/2003,00:00,,,62.500,0.000,62.500,259.970,258.220,197.470,60.750,UNK - Unknown,Unknown,ORLAND - ARTOIS WATER DISTRICT,Voluntary,12,30,2003
Glenn_01.01.2003-06.21.2013.csv,Glenn,39.7279,-122.2071,W002,2013-09-18 13:29:54,397279N1222071W002,22N03W28P002M,6/30/2004,00:00,,,65.000,0.000,65.000,259.970,258.220,194.970,63.250,UNK - Unknown,Unknown,ORLAND - ARTOIS WATER DISTRICT,Voluntary,6,30,2004
Glenn_01.01.2003-06.21.2013.csv,Glenn,39.7279,-122.2071,W002,2013-09-18 13:29:54,397279N1222071W002,22N03W28P002M,7/29/2004,00:00,,,69.400,0.000,69.400,259.970,258.220,190.570,67.650,UNK - Unknown,Unknown,ORLAND - ARTOIS WATER DISTRICT,Voluntary,7,29,2004
Glenn_01.01.2003-06.21.2013.csv,Glenn,39.7279,-122.2071,W002,2013-09-18 13:29:54,397279N1222071W002,22N03W28P002M,8/26/2004,00:00,,,67.300,0.000,67.300,259.970,258.220,192.670,65.550,UNK - Unknown,Unknown,ORLAND - ARTOIS WATER DISTRICT,Voluntary,8,26,2004
Glenn_01.01.2003-06.21.2013.csv,Glenn,39.7279,-122.2071,W002,2013-09-18 13:29:54,397279N1222071W002,22N03W28P002M,9/22/2004,00:00,,,68.900,0.000,68.900,259.970,258.220,191.070,67.150,UNK - Unknown,Unknown,ORLAND - ARTOIS WATER DISTRICT,Voluntary,9,22,2004
Glenn_01.01.2003-06.21.2013.csv,Glenn,39.7279,-122.2071,W002,2013-09-18 13:29:54,397279N1222071W002,22N03W28P002M,10/28/2004,00:00,,,64.800,0.000,64.800,259.970,258.220,195.170,63.050,UNK - Unknown,Unknown,ORLAND - ARTOIS WATER DISTRICT,Voluntary,10,28,2004
Glenn_01.01.2003-06.21.2013.csv,Glenn,39.7279,-122.2071,W002,2013-09-18 13:29:54,397279N1222071W002,22N03W28P002M,12/1/2004,00:00,,,63.200,0.000,63.200,259.970,258.220,196.770,61.450,UNK - Unknown,Unknown,ORLAND - ARTOIS WATER DISTRICT,Voluntary,12,1,2004
Glenn_01.01.2003-06.21.2013.csv,Glenn,39.7279,-122.2071,W002,2013-09-18 13:29:54,397279N1222071W002,22N03W28P002M,12/29/2004,00:00,,,62.200,0.000,62.200,259.970,258.220,197.770,60.450,UNK - Unknown,Unknown,ORLAND - ARTOIS WATER DISTRICT,Voluntary,12,29,2004
Glenn_01.01.2003-06.21.2013.csv,Glenn,39.7279,-122.2071,W002,2013-09-18 13:29:54,397279N1222071W002,22N03W28P002M,1/31/2005,00:00,,,60.300,0.000,60.300,259.970,258.220,199.670,58.550,UNK - Unknown,Unknown,ORLAND - ARTOIS WATER DISTRICT,Voluntary,1,31,2005
Glenn_01.01.2003-06.21.2013.csv,Glenn,39.7279,-122.2071,W002,2013-09-18 13:29:54,397279N1222071W002,22N03W28P002M,2/25/2005,00:00,,,60.000,0.000,60.000,259.970,258.220,199.970,58.250,UNK - Unknown,Unknown,ORLAND - ARTOIS WATER DISTRICT,Voluntary,2,25,2005
Glenn_01.01.2003-06.21.2013.csv,Glenn,39.7279,-122.2071,W002,2013-09-18 13:29:54,397279N1222071W002,22N03W28P002M,4/26/2004,00:00,,,59.200,0.000,59.200,259.970,258.220,200.770,57.450,UNK - Unknown,Unknown,ORLAND - ARTOIS WATER DISTRICT,Voluntary,4,26,2004
Glenn_01.01.2003-06.21.2013.csv,Glenn,39.7279,-122.2071,W002,2013-09-18 13:29:54,397279N1222071W002,22N03W28P002M,5/27/2005,00:00,9 - Temporarily inaccessible,,NULL,NULL,NULL,259.970,258.220,NULL,NULL,,,ORLAND - ARTOIS WATER DISTRICT,Voluntary,BEE BOXES SURROUNDING WELLS5,27,2005
Glenn_01.01.2003-06.21.2013.csv,Glenn,39.7279,-122.2071,W002,2013-09-18 13:29:54,397279N1222071W002,22N03W28P002M,7/1/2005,00:00,9 - Temporarily inaccessible,,NULL,NULL,NULL,259.970,258.220,NULL,NULL,,,ORLAND - ARTOIS WATER DISTRICT,Voluntary,BEE BOXES SURROUNDING WELLS7,1,2005
Glenn_01.01.2003-06.21.2013.csv,Glenn,39.7279,-122.2071,W002,2013-09-18 13:29:54,397279N1222071W002,22N03W28P002M,10/28/2005,00:00,,,64.700,0.000,64.700,259.970,258.220,195.270,62.950,UNK - Unknown,Unknown,ORLAND - ARTOIS WATER DISTRICT,Voluntary,10,28,2005
Glenn_01.01.2003-06.21.2013.csv,Glenn,39.7279,-122.2071,W002,2013-09-18 13:29:54,397279N1222071W002,22N03W28P002M,1/5/2006,00:00,7 - Special/Other,,NULL,NULL,NULL,259.970,258.220,NULL,NULL,,,ORLAND - ARTOIS WATER DISTRICT,Voluntary,1,5,2006
Glenn_01.01.2003-06.21.2013.csv,Glenn,39.7279,-122.2071,W002,2013-09-18 13:29:54,397279N1222071W002,22N03W28P002M,4/26/2005,00:00,,,59.200,0.000,59.200,259.970,258.220,200.770,57.450,UNK - Unknown,Unknown,ORLAND - ARTOIS WATER DISTRICT,Voluntary,4,26,2005
Glenn_01.01.2003-06.21.2013.csv,Glenn,39.7279,-122.2071,W002,2013-09-18 13:29:54,397279N1222071W002,22N03W28P002M,6/29/2006,00:00,7 - Special/Other,,NULL,NULL,NULL,259.970,258.220,NULL,NULL,,,County of Glenn,Voluntary,BEES6,29,2006
Glenn_01.01.2003-06.21.2013.csv,Glenn,39.7279,-122.2071,W002,2013-09-18 13:29:54,397279N1222071W002,22N03W28P002M,8/15/2006,00:00,,,64.550,0.000,64.550,259.970,258.220,195.420,62.800,UNK - Unknown,Unknown,County of Glenn,Voluntary,8,15,2006
Glenn_01.01.2003-06.21.2013.csv,Glenn,39.7279,-122.2071,W002,2013-09-18 13:29:54,397279N1222071W002,22N03W28P002M,10/12/2006,00:00,7 - Special/Other,,NULL,NULL,NULL,259.970,258.220,NULL,NULL,,,County of Glenn,Voluntary,10,12,2006
Glenn_01.01.2003-06.21.2013.csv,Glenn,39.7279,-122.2071,W002,2013-09-18 13:29:54,397279N1222071W002,22N03W28P002M,8/9/2007,00:00,,,72.960,0.000,72.960,259.970,258.220,187.010,71.210,UNK - Unknown,Unknown,County of Glenn,Voluntary,8,9,2007
Glenn_01.01.2003-06.21.2013.csv,Glenn,39.7279,-122.2071,W002,2013-09-18 13:29:54,397279N1222071W002,22N03W28P002M,10/15/2007,00:00,,,67.680,0.000,67.680,259.970,258.220,192.290,65.930,UNK - Unknown,Unknown,County of Glenn,Voluntary,10,15,2007
Glenn_01.01.2003-06.21.2013.csv,Glenn,39.7279,-122.2071,W002,2013-09-18 13:29:54,397279N1222071W002,22N03W28P002M,1/15/2008,00:00,,,64.760,0.000,64.760,259.970,258.220,195.210,63.010,UNK - Unknown,Unknown,County of Glenn,Voluntary,1,15,2008
Glenn_01.01.2003-06.21.2013.csv,Glenn,39.7279,-122.2071,W002,2013-09-18 13:29:54,397279N1222071W002,22N03W28P002M,3/13/2008,00:00,,,62.860,0.000,62.860,259.970,258.220,197.110,61.110,UNK - Unknown,Unknown,County of Glenn,Voluntary,3,13,2008
Glenn_01.01.2003-06.21.2013.csv,Glenn,39.7279,-122.2071,W002,2013-09-18 13:29:54,397279N1222071W002,22N03W28P002M,7/25/2008,00:00,,,72.810,0.000,72.810,259.970,258.220,187.160,71.060,UNK - Unknown,Unknown,County of Glenn,Voluntary,7,25,2008
Glenn_01.01.2003-06.21.2013.csv,Glenn,39.7279,-122.2071,W002,2013-09-18 13:29:54,397279N1222071W002,22N03W28P002M,8/5/2008,00:00,,,73.770,0.000,73.770,259.970,258.220,186.200,72.020,UNK - Unknown,Unknown,Department of Water Resources,Voluntary,8,5,2008
Glenn_01.01.2003-06.21.2013.csv,Glenn,39.7279,-122.2071,W002,2013-09-18 13:29:54,397279N1222071W002,22N03W28P002M,8/26/2008,00:00,,,74.740,0.000,74.740,259.970,258.220,185.230,72.990,UNK - Unknown,Unknown,Department of Water Resources,Voluntary,8,26,2008
Glenn_01.01.2003-06.21.2013.csv,Glenn,39.7279,-122.2071,W002,2013-09-18 13:29:54,397279N1222071W002,22N03W28P002M,10/23/2008,00:00,,,71.810,0.000,71.810,259.970,258.220,188.160,70.060,UNK - Unknown,Unknown,Department of Water Resources,Voluntary,10,23,2008
Glenn_01.01.2003-06.21.2013.csv,Glenn,39.7279,-122.2071,W002,2013-09-18 13:29:54,397279N1222071W002,22N03W28P002M,1/13/2009,00:00,,,68.180,0.000,68.180,259.970,258.220,191.790,66.430,UNK - Unknown,Unknown,Department of Water Resources,Voluntary,1,13,2009
Glenn_01.01.2003-06.21.2013.csv,Glenn,39.7279,-122.2071,W002,2013-09-18 13:29:54,397279N1222071W002,22N03W28P002M,3/23/2009,00:00,,,67.540,0.000,67.540,259.970,258.220,192.430,65.790,UNK - Unknown,Unknown,Department of Water Resources,Voluntary,3,23,2009
Glenn_01.01.2003-06.21.2013.csv,Glenn,39.7279,-122.2071,W002,2013-09-18 13:29:54,397279N1222071W002,22N03W28P002M,5/13/2009,00:00,,,70.480,0.000,70.480,259.970,258.220,189.490,68.730,UNK - Unknown,Unknown,Department of Water Resources,Voluntary,5,13,2009
Glenn_01.01.2003-06.21.2013.csv,Glenn,39.7279,-122.2071,W002,2013-09-18 13:29:54,397279N1222071W002,22N03W28P002M,6/24/2009,00:00,,,75.900,0.000,75.900,259.970,258.220,184.070,74.150,UNK - Unknown,Unknown,Department of Water Resources,Voluntary,6,24,2009
Glenn_01.01.2003-06.21.2013.csv,Glenn,39.7279,-122.2071,W002,2013-09-18 13:29:54,397279N1222071W002,22N03W28P002M,8/5/2009,00:00,,,80.300,0.000,80.300,259.970,258.220,179.670,78.550,UNK - Unknown,Unknown,Department of Water Resources,Voluntary,8,5,2009
Glenn_01.01.2003-06.21.2013.csv,Glenn,39.7279,-122.2071,W002,2013-09-18 13:29:54,397279N1222071W002,22N03W28P002M,9/15/2009,00:00,,,78.900,0.000,78.900,259.970,258.220,181.070,77.150,UNK - Unknown,Unknown,Department of Water Resources,Voluntary,9,15,2009
Glenn_01.01.2003-06.21.2013.csv,Glenn,39.7279,-122.2071,W002,2013-09-18 13:29:54,397279N1222071W002,22N03W28P002M,10/23/2009,00:00,,,75.360,0.000,75.360,259.970,258.220,184.610,73.610,UNK - Unknown,Unknown,Department of Water Resources,Voluntary,10,23,2009
Glenn_01.01.2003-06.21.2013.csv,Glenn,39.7279,-122.2071,W002,2013-09-18 13:29:54,397279N1222071W002,22N03W28P002M,3/24/2010,00:00,,6 - Other,34.890,0.000,34.890,259.970,258.220,225.080,33.140,UNK - Unknown,Unknown,Department of Water Resources,Voluntary,WEIRD SOUND; CASCADING?3,24,2010
Glenn_01.01.2003-06.21.2013.csv,Glenn,39.7279,-122.2071,W002,2013-09-18 13:29:54,397279N1222071W002,22N03W28P002M,8/2/2010,00:00,,6 - Other,77.000,0.000,77.000,259.970,258.220,182.970,75.250,UNK - Unknown,Unknown,Department of Water Resources,Voluntary,CASCADING H2O.8,2,2010
Glenn_01.01.2003-06.21.2013.csv,Glenn,39.7279,-122.2071,W002,2013-09-18 13:29:54,397279N1222071W002,22N03W28P002M,10/18/2010,00:00,,3 - Casing leaking or wet,75.010,0.000,75.010,259.970,258.220,184.960,73.260,UNK - Unknown,Unknown,Department of Water Resources,Voluntary,LEAKY CASING10,18,2010
Glenn_01.01.2003-06.21.2013.csv,Glenn,39.7279,-122.2071,W002,2013-09-18 13:29:54,397279N1222071W002,22N03W28P002M,1/18/2011,00:00,,6 - Other,31.730,0.000,31.730,259.970,258.220,228.240,29.980,UNK - Unknown,Unknown,Department of Water Resources,Voluntary,CASCADING WATER.1,18,2011
Glenn_01.01.2003-06.21.2013.csv,Glenn,39.7279,-122.2071,W002,2013-09-18 13:29:54,397279N1222071W002,22N03W28P002M,2/14/2011,00:00,,3 - Casing leaking or wet,32.080,0.000,32.080,259.970,258.220,227.890,30.330,UNK - Unknown,Unknown,Department of Water Resources,Voluntary,TROLL READING2,14,2011
Glenn_01.01.2003-06.21.2013.csv,Glenn,39.7279,-122.2071,W002,2013-09-18 13:29:54,397279N1222071W002,22N03W28P002M,4/5/2011,00:00,,6 - Other,31.830,0.000,31.830,259.970,258.220,228.140,30.080,UNK - Unknown,Unknown,Department of Water Resources,Voluntary,CASCADING WATER.4,5,2011
Glenn_01.01.2003-06.21.2013.csv,Glenn,39.7279,-122.2071,W002,2013-09-18 13:29:54,397279N1222071W002,22N03W28P002M,8/3/2011,00:00,,,75.800,0.000,75.800,259.970,258.220,184.170,74.050,UNK - Unknown,Unknown,Department of Water Resources,Voluntary,8,3,2011
Glenn_01.01.2003-06.21.2013.csv,Glenn,39.7279,-122.2071,W002,2013-09-18 13:29:54,397279N1222071W002,22N03W28P002M,10/12/2011,00:00,,,74.270,0.000,74.270,259.970,258.220,185.700,72.520,UNK - Unknown,Unknown,Department of Water Resources,Voluntary,10,12,2011
Glenn_01.01.2003-06.21.2013.csv,Glenn,39.7279,-122.2071,W002,2013-09-18 13:29:54,397279N1222071W002,22N03W28P002M,11/29/2011,00:00,,,71.300,0.000,71.300,259.970,258.220,188.670,69.550,UNK - Unknown,Unknown,Department of Water Resources,Voluntary,11,29,2011
Glenn_01.01.2003-06.21.2013.csv,Glenn,39.7279,-122.2071,W002,2013-09-18 13:29:54,397279N1222071W002,22N03W28P002M,3/19/2013,00:00,,,71.130,0.000,71.130,259.970,258.220,188.840,69.380,ES - Electric sounder measurement,0.01 Ft,Department of Water Resources,Voluntary,3,19,2013
Glenn_01.01.2003-06.21.2013.csv,Glenn,39.7279,-122.2071,W003,2013-09-18 13:29:54,397279N1222071W003,22N03W28P003M,10/12/2011,00:00,,,21.020,0.000,21.020,260.520,258.220,239.500,18.720,ES - Electric sounder measurement,0.01 Ft,Department of Water Resources,CASGEM,10,12,2011
Glenn_01.01.2003-06.21.2013.csv,Glenn,39.7279,-122.2071,W003,2013-09-18 13:29:54,397279N1222071W003,22N03W28P003M,3/26/2012,00:00,,,32.110,0.000,32.110,260.520,258.220,228.410,29.810,ES - Electric sounder measurement,0.01 Ft,Department of Water Resources,CASGEM,3,26,2012
Glenn_01.01.2003-06.21.2013.csv,Glenn,39.7279,-122.2071,W003,2013-09-18 13:29:54,397279N1222071W003,22N03W28P003M,8/1/2012,00:00,,,24.280,0.000,24.280,260.520,258.220,236.240,21.980,ES - Electric sounder measurement,0.01 Ft,Department of Water Resources,CASGEM,8,1,2012
Glenn_01.01.2003-06.21.2013.csv,Glenn,39.7279,-122.2071,W003,2013-09-18 13:29:54,397279N1222071W003,22N03W28P003M,10/17/2012,00:00,,,18.290,0.000,18.290,260.520,258.220,242.230,15.990,ES - Electric sounder measurement,0.01 Ft,Department of Water Resources,CASGEM,10,17,2012
Glenn_01.01.2003-06.21.2013.csv,Glenn,39.7279,-122.2071,W003,2013-09-18 13:29:54,397279N1222071W003,22N03W28P003M,1/23/2003,00:00,,,20.500,0.000,20.500,260.520,258.220,240.020,18.200,UNK - Unknown,Unknown,ORLAND - ARTOIS WATER DISTRICT,Voluntary,1,23,2003
Glenn_01.01.2003-06.21.2013.csv,Glenn,39.7279,-122.2071,W003,2013-09-18 13:29:54,397279N1222071W003,22N03W28P003M,2/20/2003,00:00,,,21.250,0.000,21.250,260.520,258.220,239.270,18.950,UNK - Unknown,Unknown,ORLAND - ARTOIS WATER DISTRICT,Voluntary,2,20,2003
Glenn_01.01.2003-06.21.2013.csv,Glenn,39.7279,-122.2071,W003,2013-09-18 13:29:54,397279N1222071W003,22N03W28P003M,3/24/2003,00:00,,,22.270,0.000,22.270,260.520,258.220,238.250,19.970,UNK - Unknown,Unknown,ORLAND - ARTOIS WATER DISTRICT,Voluntary,3,24,2003
Glenn_01.01.2003-06.21.2013.csv,Glenn,39.7279,-122.2071,W003,2013-09-18 13:29:54,397279N1222071W003,22N03W28P003M,4/28/2003,00:00,,,24.380,0.000,24.380,260.520,258.220,236.140,22.080,UNK - Unknown,Unknown,ORLAND - ARTOIS WATER DISTRICT,Voluntary,4,28,2003
Glenn_01.01.2003-06.21.2013.csv,Glenn,39.7279,-122.2071,W003,2013-09-18 13:29:54,397279N1222071W003,22N03W28P003M,6/3/2003,00:00,,,20.290,0.000,20.290,260.520,258.220,240.230,17.990,UNK - Unknown,Unknown,ORLAND - ARTOIS WATER DISTRICT,Voluntary,6,3,2003
Glenn_01.01.2003-06.21.2013.csv,Glenn,39.7279,-122.2071,W003,2013-09-18 13:29:54,397279N1222071W003,22N03W28P003M,7/11/2003,00:00,,,20.000,0.000,20.000,260.520,258.220,240.520,17.700,UNK - Unknown,Unknown,ORLAND - ARTOIS WATER DISTRICT,Voluntary,7,11,2003
Glenn_01.01.2003-06.21.2013.csv,Glenn,39.7279,-122.2071,W003,2013-09-18 13:29:54,397279N1222071W003,22N03W28P003M,7/18/2003,00:00,,,18.600,0.000,18.600,260.520,258.220,241.920,16.300,UNK - Unknown,Unknown,ORLAND - ARTOIS WATER DISTRICT,Voluntary,7,18,2003
Glenn_01.01.2003-06.21.2013.csv,Glenn,39.7279,-122.2071,W003,2013-09-18 13:29:54,397279N1222071W003,22N03W28P003M,7/24/2003,00:00,,,19.640,0.000,19.640,260.520,258.220,240.880,17.340,UNK - Unknown,Unknown,ORLAND - ARTOIS WATER DISTRICT,Voluntary,7,24,2003
Glenn_01.01.2003-06.21.2013.csv,Glenn,39.7279,-122.2071,W003,2013-09-18 13:29:54,397279N1222071W003,22N03W28P003M,7/31/2003,00:00,,,18.110,0.000,18.110,260.520,258.220,242.410,15.810,UNK - Unknown,Unknown,ORLAND - ARTOIS WATER DISTRICT,Voluntary,7,31,2003
Glenn_01.01.2003-06.21.2013.csv,Glenn,39.7279,-122.2071,W003,2013-09-18 13:29:54,397279N1222071W003,22N03W28P003M,8/7/2003,00:00,,,18.200,0.000,18.200,260.520,258.220,242.320,15.900,UNK - Unknown,Unknown,ORLAND - ARTOIS WATER DISTRICT,Voluntary,8,7,2003
Glenn_01.01.2003-06.21.2013.csv,Glenn,39.7279,-122.2071,W003,2013-09-18 13:29:54,397279N1222071W003,22N03W28P003M,8/14/2003,00:00,,,16.400,0.000,16.400,260.520,258.220,244.120,14.100,UNK - Unknown,Unknown,ORLAND - ARTOIS WATER DISTRICT,Voluntary,8,14,2003
Glenn_01.01.2003-06.21.2013.csv,Glenn,39.7279,-122.2071,W003,2013-09-18 13:29:54,397279N1222071W003,22N03W28P003M,8/21/2003,00:00,,,17.300,0.000,17.300,260.520,258.220,243.220,15.000,UNK - Unknown,Unknown,ORLAND - ARTOIS WATER DISTRICT,Voluntary,8,21,2003
Glenn_01.01.2003-06.21.2013.csv,Glenn,39.7279,-122.2071,W003,2013-09-18 13:29:54,397279N1222071W003,22N03W28P003M,8/28/2003,00:00,,,16.410,0.000,16.410,260.520,258.220,244.110,14.110,UNK - Unknown,Unknown,ORLAND - ARTOIS WATER DISTRICT,Voluntary,8,28,2003
Glenn_01.01.2003-06.21.2013.csv,Glenn,39.7279,-122.2071,W003,2013-09-18 13:29:54,397279N1222071W003,22N03W28P003M,7/1/2003,00:00,,,20.650,0.000,20.650,260.520,258.220,239.870,18.350,UNK - Unknown,Unknown,ORLAND - ARTOIS WATER DISTRICT,Voluntary,7,1,2003
Glenn_01.01.2003-06.21.2013.csv,Glenn,39.7279,-122.2071,W003,2013-09-18 13:29:54,397279N1222071W003,22N03W28P003M,9/4/2003,00:00,,,15.600,0.000,15.600,260.520,258.220,244.920,13.300,UNK - Unknown,Unknown,ORLAND - ARTOIS WATER DISTRICT,Voluntary,9,4,2003
Glenn_01.01.2003-06.21.2013.csv,Glenn,39.7279,-122.2071,W003,2013-09-18 13:29:54,397279N1222071W003,22N03W28P003M,9/25/2003,00:00,,,16.800,0.000,16.800,260.520,258.220,243.720,14.500,UNK - Unknown,Unknown,ORLAND - ARTOIS WATER DISTRICT,Voluntary,9,25,2003
Glenn_01.01.2003-06.21.2013.csv,Glenn,39.7279,-122.2071,W003,2013-09-18 13:29:54,397279N1222071W003,22N03W28P003M,10/2/2003,00:00,,,18.000,0.000,18.000,260.520,258.220,242.520,15.700,UNK - Unknown,Unknown,ORLAND - ARTOIS WATER DISTRICT,Voluntary,10,2,2003
Glenn_01.01.2003-06.21.2013.csv,Glenn,39.7279,-122.2071,W003,2013-09-18 13:29:54,397279N1222071W003,22N03W28P003M,10/9/2003,00:00,,,18.300,0.000,18.300,260.520,258.220,242.220,16.000,UNK - Unknown,Unknown,ORLAND - ARTOIS WATER DISTRICT,Voluntary,10,9,2003
Glenn_01.01.2003-06.21.2013.csv,Glenn,39.7279,-122.2071,W003,2013-09-18 13:29:54,397279N1222071W003,22N03W28P003M,10/23/2003,00:00,,,18.700,0.000,18.700,260.520,258.220,241.820,16.400,UNK - Unknown,Unknown,ORLAND - ARTOIS WATER DISTRICT,Voluntary,10,23,2003
Glenn_01.01.2003-06.21.2013.csv,Glenn,39.7279,-122.2071,W003,2013-09-18 13:29:54,397279N1222071W003,22N03W28P003M,10/30/2003,00:00,,,19.100,0.000,19.100,260.520,258.220,241.420,16.800,UNK - Unknown,Unknown,ORLAND - ARTOIS WATER DISTRICT,Voluntary,10,30,2003
Glenn_01.01.2003-06.21.2013.csv,Glenn,39.7279,-122.2071,W003,2013-09-18 13:29:54,397279N1222071W003,22N03W28P003M,11/30/2003,00:00,,,22.600,0.000,22.600,260.520,258.220,237.920,20.300,UNK - Unknown,Unknown,ORLAND - ARTOIS WATER DISTRICT,Voluntary,11,30,2003
Glenn_01.01.2003-06.21.2013.csv,Glenn,39.7279,-122.2071,W003,2013-09-18 13:29:54,397279N1222071W003,22N03W28P003M,11/6/2003,00:00,,,20.000,0.000,20.000,260.520,258.220,240.520,17.700,UNK - Unknown,Unknown,ORLAND - ARTOIS WATER DISTRICT,Voluntary,11,6,2003
Glenn_01.01.2003-06.21.2013.csv,Glenn,39.7279,-122.2071,W003,2013-09-18 13:29:54,397279N1222071W003,22N03W28P003M,11/13/2003,00:00,,,20.900,0.000,20.900,260.520,258.220,239.620,18.600,UNK - Unknown,Unknown,ORLAND - ARTOIS WATER DISTRICT,Voluntary,11,13,2003
Glenn_01.01.2003-06.21.2013.csv,Glenn,39.7279,-122.2071,W003,2013-09-18 13:29:54,397279N1222071W003,22N03W28P003M,2/24/2004,00:00,,,20.800,0.000,20.800,260.520,258.220,239.720,18.500,UNK - Unknown,Unknown,ORLAND - ARTOIS WATER DISTRICT,Voluntary,2,24,2004
Glenn_01.01.2003-06.21.2013.csv,Glenn,39.7279,-122.2071,W003,2013-09-18 13:29:54,397279N1222071W003,22N03W28P003M,3/31/2004,00:00,,,20.200,0.000,20.200,260.520,258.220,240.320,17.900,UNK - Unknown,Unknown,ORLAND - ARTOIS WATER DISTRICT,Voluntary,3,31,2004
Glenn_01.01.2003-06.21.2013.csv,Glenn,39.7279,-122.2071,W003,2013-09-18 13:29:54,397279N1222071W003,22N03W28P003M,4/29/2004,00:00,,,16.300,0.000,16.300,260.520,258.220,244.220,14.000,UNK - Unknown,Unknown,ORLAND - ARTOIS WATER DISTRICT,Voluntary,4,29,2004
Glenn_01.01.2003-06.21.2013.csv,Glenn,39.7279,-122.2071,W003,2013-09-18 13:29:54,397279N1222071W003,22N03W28P003M,5/26/2004,00:00,,,18.700,0.000,18.700,260.520,258.220,241.820,16.400,UNK - Unknown,Unknown,ORLAND - ARTOIS WATER DISTRICT,Voluntary,5,26,2004
Glenn_01.01.2003-06.21.2013.csv,Glenn,39.7279,-122.2071,W003,2013-09-18 13:29:54,397279N1222071W003,22N03W28P003M,12/30/2003,00:00,,,22.600,0.000,22.600,260.520,258.220,237.920,20.300,UNK - Unknown,Unknown,ORLAND - ARTOIS WATER DISTRICT,Voluntary,12,30,2003
Glenn_01.01.2003-06.21.2013.csv,Glenn,39.7279,-122.2071,W003,2013-09-18 13:29:54,397279N1222071W003,22N03W28P003M,6/30/2004,00:00,,,20.300,0.000,20.300,260.520,258.220,240.220,18.000,UNK - Unknown,Unknown,ORLAND - ARTOIS WATER DISTRICT,Voluntary,6,30,2004
Glenn_01.01.2003-06.21.2013.csv,Glenn,39.7279,-122.2071,W003,2013-09-18 13:29:54,397279N1222071W003,22N03W28P003M,7/29/2004,00:00,,,19.200,0.000,19.200,260.520,258.220,241.320,16.900,UNK - Unknown,Unknown,ORLAND - ARTOIS WATER DISTRICT,Voluntary,7,29,2004
Glenn_01.01.2003-06.21.2013.csv,Glenn,39.7279,-122.2071,W003,2013-09-18 13:29:54,397279N1222071W003,22N03W28P003M,8/26/2004,00:00,,,20.700,0.000,20.700,260.520,258.220,239.820,18.400,UNK - Unknown,Unknown,ORLAND - ARTOIS WATER DISTRICT,Voluntary,8,26,2004
Glenn_01.01.2003-06.21.2013.csv,Glenn,39.7279,-122.2071,W003,2013-09-18 13:29:54,397279N1222071W003,22N03W28P003M,9/22/2004,00:00,,,19.500,0.000,19.500,260.520,258.220,241.020,17.200,UNK - Unknown,Unknown,ORLAND - ARTOIS WATER DISTRICT,Voluntary,9,22,2004
Glenn_01.01.2003-06.21.2013.csv,Glenn,39.7279,-122.2071,W003,2013-09-18 13:29:54,397279N1222071W003,22N03W28P003M,10/28/2004,00:00,,,21.600,0.000,21.600,260.520,258.220,238.920,19.300,UNK - Unknown,Unknown,ORLAND - ARTOIS WATER DISTRICT,Voluntary,10,28,2004
Glenn_01.01.2003-06.21.2013.csv,Glenn,39.7279,-122.2071,W003,2013-09-18 13:29:54,397279N1222071W003,22N03W28P003M,12/1/2004,00:00,,,24.300,0.000,24.300,260.520,258.220,236.220,22.000,UNK - Unknown,Unknown,ORLAND - ARTOIS WATER DISTRICT,Voluntary,12,1,2004
Glenn_01.01.2003-06.21.2013.csv,Glenn,39.7279,-122.2071,W003,2013-09-18 13:29:54,397279N1222071W003,22N03W28P003M,12/29/2004,00:00,,,24.900,0.000,24.900,260.520,258.220,235.620,22.600,UNK - Unknown,Unknown,ORLAND - ARTOIS WATER DISTRICT,Voluntary,12,29,2004
Glenn_01.01.2003-06.21.2013.csv,Glenn,39.7279,-122.2071,W003,2013-09-18 13:29:54,397279N1222071W003,22N03W28P003M,1/31/2005,00:00,,,21.300,0.000,21.300,260.520,258.220,239.220,19.000,UNK - Unknown,Unknown,ORLAND - ARTOIS WATER DISTRICT,Voluntary,1,31,2005
Glenn_01.01.2003-06.21.2013.csv,Glenn,39.7279,-122.2071,W003,2013-09-18 13:29:54,397279N1222071W003,22N03W28P003M,2/25/2005,00:00,,,21.700,0.000,21.700,260.520,258.220,238.820,19.400,UNK - Unknown,Unknown,ORLAND - ARTOIS WATER DISTRICT,Voluntary,2,25,2005
Glenn_01.01.2003-06.21.2013.csv,Glenn,39.7279,-122.2071,W003,2013-09-18 13:29:54,397279N1222071W003,22N03W28P003M,5/27/2005,00:00,9 - Temporarily inaccessible,,NULL,NULL,NULL,260.520,258.220,NULL,NULL,,,ORLAND - ARTOIS WATER DISTRICT,Voluntary,BEE BOXES SURROUNDING WELLS5,27,2005
Glenn_01.01.2003-06.21.2013.csv,Glenn,39.7279,-122.2071,W003,2013-09-18 13:29:54,397279N1222071W003,22N03W28P003M,7/1/2005,00:00,9 - Temporarily inaccessible,,NULL,NULL,NULL,260.520,258.220,NULL,NULL,,,ORLAND - ARTOIS WATER DISTRICT,Voluntary,BEE BOXES SURROUNDING WELLS7,1,2005
Glenn_01.01.2003-06.21.2013.csv,Glenn,39.7279,-122.2071,W003,2013-09-18 13:29:54,397279N1222071W003,22N03W28P003M,10/28/2005,00:00,,,20.300,0.000,20.300,260.520,258.220,240.220,18.000,UNK - Unknown,Unknown,ORLAND - ARTOIS WATER DISTRICT,Voluntary,10,28,2005
Glenn_01.01.2003-06.21.2013.csv,Glenn,39.7279,-122.2071,W003,2013-09-18 13:29:54,397279N1222071W003,22N03W28P003M,1/5/2006,00:00,7 - Special/Other,,NULL,NULL,NULL,260.520,258.220,NULL,NULL,,,ORLAND - ARTOIS WATER DISTRICT,Voluntary,1,5,2006
Glenn_01.01.2003-06.21.2013.csv,Glenn,39.7279,-122.2071,W003,2013-09-18 13:29:54,397279N1222071W003,22N03W28P003M,4/26/2005,00:00,,,21.000,0.000,21.000,260.520,258.220,239.520,18.700,UNK - Unknown,Unknown,ORLAND - ARTOIS WATER DISTRICT,Voluntary,4,26,2005
Glenn_01.01.2003-06.21.2013.csv,Glenn,39.7279,-122.2071,W003,2013-09-18 13:29:54,397279N1222071W003,22N03W28P003M,6/29/2006,00:00,7 - Special/Other,,NULL,NULL,NULL,260.520,258.220,NULL,NULL,,,County of Glenn,Voluntary,BEES6,29,2006
Glenn_01.01.2003-06.21.2013.csv,Glenn,39.7279,-122.2071,W003,2013-09-18 13:29:54,397279N1222071W003,22N03W28P003M,8/15/2006,00:00,,,19.400,0.000,19.400,260.520,258.220,241.120,17.100,UNK - Unknown,Unknown,County of Glenn,Voluntary,8,15,2006
Glenn_01.01.2003-06.21.2013.csv,Glenn,39.7279,-122.2071,W003,2013-09-18 13:29:54,397279N1222071W003,22N03W28P003M,10/12/2006,00:00,7 - Special/Other,,NULL,NULL,NULL,260.520,258.220,NULL,NULL,,,County of Glenn,Voluntary,10,12,2006
Glenn_01.01.2003-06.21.2013.csv,Glenn,39.7279,-122.2071,W003,2013-09-18 13:29:54,397279N1222071W003,22N03W28P003M,8/9/2007,00:00,,,20.260,0.000,20.260,260.520,258.220,240.260,17.960,UNK - Unknown,Unknown,County of Glenn,Voluntary,8,9,2007
Glenn_01.01.2003-06.21.2013.csv,Glenn,39.7279,-122.2071,W003,2013-09-18 13:29:54,397279N1222071W003,22N03W28P003M,10/15/2007,00:00,,,19.450,0.000,19.450,260.520,258.220,241.070,17.150,UNK - Unknown,Unknown,County of Glenn,Voluntary,10,15,2007
Glenn_01.01.2003-06.21.2013.csv,Glenn,39.7279,-122.2071,W003,2013-09-18 13:29:54,397279N1222071W003,22N03W28P003M,1/15/2008,00:00,,,27.580,0.000,27.580,260.520,258.220,232.940,25.280,UNK - Unknown,Unknown,County of Glenn,Voluntary,1,15,2008
Glenn_01.01.2003-06.21.2013.csv,Glenn,39.7279,-122.2071,W003,2013-09-18 13:29:54,397279N1222071W003,22N03W28P003M,3/13/2008,00:00,,,24.460,0.000,24.460,260.520,258.220,236.060,22.160,UNK - Unknown,Unknown,County of Glenn,Voluntary,3,13,2008
Glenn_01.01.2003-06.21.2013.csv,Glenn,39.7279,-122.2071,W003,2013-09-18 13:29:54,397279N1222071W003,22N03W28P003M,7/25/2008,00:00,,,20.370,0.000,20.370,260.520,258.220,240.150,18.070,UNK - Unknown,Unknown,County of Glenn,Voluntary,7,25,2008
Glenn_01.01.2003-06.21.2013.csv,Glenn,39.7279,-122.2071,W003,2013-09-18 13:29:54,397279N1222071W003,22N03W28P003M,8/5/2008,00:00,,,20.590,0.000,20.590,260.520,258.220,239.930,18.290,UNK - Unknown,Unknown,Department of Water Resources,Voluntary,8,5,2008
Glenn_01.01.2003-06.21.2013.csv,Glenn,39.7279,-122.2071,W003,2013-09-18 13:29:54,397279N1222071W003,22N03W28P003M,8/26/2008,00:00,,,20.440,0.000,20.440,260.520,258.220,240.080,18.140,UNK - Unknown,Unknown,Department of Water Resources,Voluntary,8,26,2008
Glenn_01.01.2003-06.21.2013.csv,Glenn,39.7279,-122.2071,W003,2013-09-18 13:29:54,397279N1222071W003,22N03W28P003M,10/23/2008,00:00,,,20.980,0.000,20.980,260.520,258.220,239.540,18.680,UNK - Unknown,Unknown,Department of Water Resources,Voluntary,10,23,2008
Glenn_01.01.2003-06.21.2013.csv,Glenn,39.7279,-122.2071,W003,2013-09-18 13:29:54,397279N1222071W003,22N03W28P003M,1/13/2009,00:00,,,28.300,0.000,28.300,260.520,258.220,232.220,26.000,UNK - Unknown,Unknown,Department of Water Resources,Voluntary,1,13,2009
Glenn_01.01.2003-06.21.2013.csv,Glenn,39.7279,-122.2071,W003,2013-09-18 13:29:54,397279N1222071W003,22N03W28P003M,3/23/2009,00:00,,,25.360,0.000,25.360,260.520,258.220,235.160,23.060,UNK - Unknown,Unknown,Department of Water Resources,Voluntary,3,23,2009
Glenn_01.01.2003-06.21.2013.csv,Glenn,39.7279,-122.2071,W003,2013-09-18 13:29:54,397279N1222071W003,22N03W28P003M,5/13/2009,00:00,,,26.000,0.000,26.000,260.520,258.220,234.520,23.700,UNK - Unknown,Unknown,Department of Water Resources,Voluntary,5,13,2009
Glenn_01.01.2003-06.21.2013.csv,Glenn,39.7279,-122.2071,W003,2013-09-18 13:29:54,397279N1222071W003,22N03W28P003M,6/24/2009,00:00,,,24.300,0.000,24.300,260.520,258.220,236.220,22.000,UNK - Unknown,Unknown,Department of Water Resources,Voluntary,6,24,2009
Glenn_01.01.2003-06.21.2013.csv,Glenn,39.7279,-122.2071,W003,2013-09-18 13:29:54,397279N1222071W003,22N03W28P003M,8/5/2009,00:00,,,22.710,0.000,22.710,260.520,258.220,237.810,20.410,UNK - Unknown,Unknown,Department of Water Resources,Voluntary,8,5,2009
Glenn_01.01.2003-06.21.2013.csv,Glenn,39.7279,-122.2071,W003,2013-09-18 13:29:54,397279N1222071W003,22N03W28P003M,9/15/2009,00:00,,,22.250,0.000,22.250,260.520,258.220,238.270,19.950,UNK - Unknown,Unknown,Department of Water Resources,Voluntary,9,15,2009
Glenn_01.01.2003-06.21.2013.csv,Glenn,39.7279,-122.2071,W003,2013-09-18 13:29:54,397279N1222071W003,22N03W28P003M,10/23/2009,00:00,,,22.580,0.000,22.580,260.520,258.220,237.940,20.280,UNK - Unknown,Unknown,Department of Water Resources,Voluntary,10,23,2009
Glenn_01.01.2003-06.21.2013.csv,Glenn,39.7279,-122.2071,W003,2013-09-18 13:29:54,397279N1222071W003,22N03W28P003M,3/24/2010,00:00,,,21.720,0.000,21.720,260.520,258.220,238.800,19.420,UNK - Unknown,Unknown,Department of Water Resources,Voluntary,3,24,2010
Glenn_01.01.2003-06.21.2013.csv,Glenn,39.7279,-122.2071,W003,2013-09-18 13:29:54,397279N1222071W003,22N03W28P003M,8/2/2010,00:00,,,20.820,0.000,20.820,260.520,258.220,239.700,18.520,UNK - Unknown,Unknown,Department of Water Resources,Voluntary,8,2,2010
Glenn_01.01.2003-06.21.2013.csv,Glenn,39.7279,-122.2071,W003,2013-09-18 13:29:54,397279N1222071W003,22N03W28P003M,10/18/2010,00:00,,,19.120,0.000,19.120,260.520,258.220,241.400,16.820,UNK - Unknown,Unknown,Department of Water Resources,Voluntary,10,18,2010
Glenn_01.01.2003-06.21.2013.csv,Glenn,39.7279,-122.2071,W003,2013-09-18 13:29:54,397279N1222071W003,22N03W28P003M,1/18/2011,00:00,,,25.260,0.000,25.260,260.520,258.220,235.260,22.960,UNK - Unknown,Unknown,Department of Water Resources,Voluntary,1,18,2011
Glenn_01.01.2003-06.21.2013.csv,Glenn,39.7279,-122.2071,W003,2013-09-18 13:29:54,397279N1222071W003,22N03W28P003M,2/14/2011,00:00,,,27.000,0.000,27.000,260.520,258.220,233.520,24.700,UNK - Unknown,Unknown,Department of Water Resources,Voluntary,2,14,2011
Glenn_01.01.2003-06.21.2013.csv,Glenn,39.7279,-122.2071,W003,2013-09-18 13:29:54,397279N1222071W003,22N03W28P003M,4/5/2011,00:00,,,25.360,0.000,25.360,260.520,258.220,235.160,23.060,UNK - Unknown,Unknown,Department of Water Resources,Voluntary,4,5,2011
Glenn_01.01.2003-06.21.2013.csv,Glenn,39.7279,-122.2071,W003,2013-09-18 13:29:54,397279N1222071W003,22N03W28P003M,8/3/2011,00:00,,,20.740,0.000,20.740,260.520,258.220,239.780,18.440,UNK - Unknown,Unknown,Department of Water Resources,Voluntary,8,3,2011
Glenn_01.01.2003-06.21.2013.csv,Glenn,39.7279,-122.2071,W003,2013-09-18 13:29:54,397279N1222071W003,22N03W28P003M,10/12/2011,00:00,,,21.020,0.000,21.020,260.520,258.220,239.500,18.720,UNK - Unknown,Unknown,Department of Water Resources,Voluntary,10,12,2011
Glenn_01.01.2003-06.21.2013.csv,Glenn,39.7279,-122.2071,W003,2013-09-18 13:29:54,397279N1222071W003,22N03W28P003M,11/29/2011,00:00,,,24.430,0.000,24.430,260.520,258.220,236.090,22.130,UNK - Unknown,Unknown,Department of Water Resources,Voluntary,11,29,2011
Glenn_01.01.2003-06.21.2013.csv,Glenn,39.7279,-122.2071,W003,2013-09-18 13:29:54,397279N1222071W003,22N03W28P003M,3/19/2013,00:00,,,23.040,0.000,23.040,260.520,258.220,237.480,20.740,ES - Electric sounder measurement,0.01 Ft,Department of Water Resources,CASGEM,3,19,2013
Glenn_01.01.2003-06.21.2013.csv,Glenn,39.7301,-122.0022,W001,2013-09-18 13:29:54,397301N1220022W001,22N01W29K001M,10/12/2011,00:00,,,18.980,0.000,18.980,144.880,144.380,125.900,18.480,ES - Electric sounder measurement,0.01 Ft,Department of Water Resources,Voluntary,10,12,2011
Glenn_01.01.2003-06.21.2013.csv,Glenn,39.7301,-122.0022,W001,2013-09-18 13:29:54,397301N1220022W001,22N01W29K001M,3/29/2012,00:00,,,18.000,0.000,18.000,144.880,144.380,126.880,17.500,ES - Electric sounder measurement,0.01 Ft,Department of Water Resources,Voluntary,3,29,2012
Glenn_01.01.2003-06.21.2013.csv,Glenn,39.7301,-122.0022,W001,2013-09-18 13:29:54,397301N1220022W001,22N01W29K001M,8/1/2012,00:00,,,23.130,0.000,23.130,144.880,144.380,121.750,22.630,ES - Electric sounder measurement,0.01 Ft,Department of Water Resources,Voluntary,8,1,2012
Glenn_01.01.2003-06.21.2013.csv,Glenn,39.7301,-122.0022,W001,2013-09-18 13:29:54,397301N1220022W001,22N01W29K001M,10/17/2012,00:00,,,21.150,0.000,21.150,144.880,144.380,123.730,20.650,ES - Electric sounder measurement,0.01 Ft,Department of Water Resources,Voluntary,10,17,2012
Glenn_01.01.2003-06.21.2013.csv,Glenn,39.7301,-122.0022,W001,2013-09-18 13:29:54,397301N1220022W001,22N01W29K001M,3/18/2013,00:00,,,18.360,0.000,18.360,144.880,144.380,126.520,17.860,ES - Electric sounder measurement,0.01 Ft,Department of Water Resources,Voluntary,3,18,2013
Glenn_01.01.2003-06.21.2013.csv,Glenn,39.7325,-122.1233,W001,2013-09-18 13:29:54,397325N1221233W001,22N02W30H002M,10/12/2011,00:00,,,108.460,0.000,108.460,205.220,204.430,96.760,107.670,ES - Electric sounder measurement,0.01 Ft,Department of Water Resources,CASGEM,10,12,2011
Glenn_01.01.2003-06.21.2013.csv,Glenn,39.7325,-122.1233,W001,2013-09-18 13:29:54,397325N1221233W001,22N02W30H002M,3/29/2012,00:00,,,91.060,0.000,91.060,205.220,204.430,114.160,90.270,ES - Electric sounder measurement,0.01 Ft,Department of Water Resources,CASGEM,3,29,2012
Glenn_01.01.2003-06.21.2013.csv,Glenn,39.7325,-122.1233,W001,2013-09-18 13:29:54,397325N1221233W001,22N02W30H002M,8/2/2012,00:00,,,90.940,0.000,90.940,205.220,204.430,114.280,90.150,ES - Electric sounder measurement,0.01 Ft,Department of Water Resources,CASGEM,8,2,2012
Glenn_01.01.2003-06.21.2013.csv,Glenn,39.7325,-122.1233,W001,2013-09-18 13:29:54,397325N1221233W001,22N02W30H002M,10/17/2012,00:00,,,94.850,0.000,94.850,205.220,204.430,110.370,94.060,ES - Electric sounder measurement,0.01 Ft,Department of Water Resources,CASGEM,10,17,2012
Glenn_01.01.2003-06.21.2013.csv,Glenn,39.7325,-122.1233,W001,2013-09-18 13:29:54,397325N1221233W001,22N02W30H002M,5/13/2004,00:00,,,66.780,0.000,66.780,205.220,204.430,138.440,65.990,UNK - Unknown,Unknown,Department of Water Resources,Voluntary,New Well; Start Record5,13,2004
Glenn_01.01.2003-06.21.2013.csv,Glenn,39.7325,-122.1233,W001,2013-09-18 13:29:54,397325N1221233W001,22N02W30H002M,5/21/2004,00:00,,,66.780,0.000,66.780,205.220,204.430,138.440,65.990,UNK - Unknown,Unknown,Department of Water Resources,Voluntary,5,21,2004
Glenn_01.01.2003-06.21.2013.csv,Glenn,39.7325,-122.1233,W001,2013-09-18 13:29:54,397325N1221233W001,22N02W30H002M,5/25/2004,00:00,,,66.910,0.000,66.910,205.220,204.430,138.310,66.120,UNK - Unknown,Unknown,Department of Water Resources,Voluntary,5,25,2004
Glenn_01.01.2003-06.21.2013.csv,Glenn,39.7325,-122.1233,W001,2013-09-18 13:29:54,397325N1221233W001,22N02W30H002M,6/4/2004,00:00,,,67.700,0.000,67.700,205.220,204.430,137.520,66.910,UNK - Unknown,Unknown,Department of Water Resources,Voluntary,6,4,2004
Glenn_01.01.2003-06.21.2013.csv,Glenn,39.7325,-122.1233,W001,2013-09-18 13:29:54,397325N1221233W001,22N02W30H002M,6/10/2004,00:00,,,68.160,0.000,68.160,205.220,204.430,137.060,67.370,UNK - Unknown,Unknown,Department of Water Resources,Voluntary,6,10,2004
Glenn_01.01.2003-06.21.2013.csv,Glenn,39.7325,-122.1233,W001,2013-09-18 13:29:54,397325N1221233W001,22N02W30H002M,6/14/2004,00:00,,,68.000,0.000,68.000,205.220,204.430,137.220,67.210,UNK - Unknown,Unknown,Department of Water Resources,Voluntary,6,14,2004
Glenn_01.01.2003-06.21.2013.csv,Glenn,39.7325,-122.1233,W001,2013-09-18 13:29:54,397325N1221233W001,22N02W30H002M,6/14/2004,06:00,,,67.980,0.000,67.980,205.220,204.430,137.240,67.190,UNK - Unknown,Unknown,Department of Water Resources,Voluntary,6,14,2004
Glenn_01.01.2003-06.21.2013.csv,Glenn,39.7325,-122.1233,W001,2013-09-18 13:29:54,397325N1221233W001,22N02W30H002M,6/14/2004,18:00,,,67.940,0.000,67.940,205.220,204.430,137.280,67.150,UNK - Unknown,Unknown,Department of Water Resources,Voluntary,6,14,2004
Glenn_01.01.2003-06.21.2013.csv,Glenn,39.7325,-122.1233,W001,2013-09-18 13:29:54,397325N1221233W001,22N02W30H002M,7/13/2004,00:00,,,70.500,0.000,70.500,205.220,204.430,134.720,69.710,UNK - Unknown,Unknown,Department of Water Resources,Voluntary,7,13,2004
Glenn_01.01.2003-06.21.2013.csv,Glenn,39.7325,-122.1233,W001,2013-09-18 13:29:54,397325N1221233W001,22N02W30H002M,7/27/2004,00:00,,,71.300,0.000,71.300,205.220,204.430,133.920,70.510,UNK - Unknown,Unknown,Department of Water Resources,Voluntary,7,27,2004
Glenn_01.01.2003-06.21.2013.csv,Glenn,39.7325,-122.1233,W001,2013-09-18 13:29:54,397325N1221233W001,22N02W30H002M,8/25/2004,00:00,,,73.500,0.000,73.500,205.220,204.430,131.720,72.710,UNK - Unknown,Unknown,Department of Water Resources,Voluntary,8,25,2004
Glenn_01.01.2003-06.21.2013.csv,Glenn,39.7325,-122.1233,W001,2013-09-18 13:29:54,397325N1221233W001,22N02W30H002M,9/21/2004,00:00,,,74.000,0.000,74.000,205.220,204.430,131.220,73.210,UNK - Unknown,Unknown,Department of Water Resources,Voluntary,9,21,2004
Glenn_01.01.2003-06.21.2013.csv,Glenn,39.7325,-122.1233,W001,2013-09-18 13:29:54,397325N1221233W001,22N02W30H002M,10/20/2004,00:00,,,73.600,0.000,73.600,205.220,204.430,131.620,72.810,UNK - Unknown,Unknown,Department of Water Resources,Voluntary,10,20,2004
Glenn_01.01.2003-06.21.2013.csv,Glenn,39.7325,-122.1233,W001,2013-09-18 13:29:54,397325N1221233W001,22N02W30H002M,11/22/2004,00:00,,,72.500,0.000,72.500,205.220,204.430,132.720,71.710,UNK - Unknown,Unknown,Department of Water Resources,Voluntary,11,22,2004
Glenn_01.01.2003-06.21.2013.csv,Glenn,39.7325,-122.1233,W001,2013-09-18 13:29:54,397325N1221233W001,22N02W30H002M,3/31/2005,00:00,,,66.100,0.000,66.100,205.220,204.430,139.120,65.310,UNK - Unknown,Unknown,Department of Water Resources,Voluntary,3,31,2005
Glenn_01.01.2003-06.21.2013.csv,Glenn,39.7325,-122.1233,W001,2013-09-18 13:29:54,397325N1221233W001,22N02W30H002M,4/28/2005,00:00,,,64.400,0.000,64.400,205.220,204.430,140.820,63.610,UNK - Unknown,Unknown,Department of Water Resources,Voluntary,4,28,2005
Glenn_01.01.2003-06.21.2013.csv,Glenn,39.7325,-122.1233,W001,2013-09-18 13:29:54,397325N1221233W001,22N02W30H002M,5/27/2005,00:00,,,69.600,0.000,69.600,205.220,204.430,135.620,68.810,UNK - Unknown,Unknown,Department of Water Resources,Voluntary,5,27,2005
Glenn_01.01.2003-06.21.2013.csv,Glenn,39.7325,-122.1233,W001,2013-09-18 13:29:54,397325N1221233W001,22N02W30H002M,6/23/2005,00:00,,,79.300,0.000,79.300,205.220,204.430,125.920,78.510,UNK - Unknown,Unknown,Department of Water Resources,Voluntary,6,23,2005
Glenn_01.01.2003-06.21.2013.csv,Glenn,39.7325,-122.1233,W001,2013-09-18 13:29:54,397325N1221233W001,22N02W30H002M,7/29/2005,00:00,,,88.200,0.000,88.200,205.220,204.430,117.020,87.410,UNK - Unknown,Unknown,Department of Water Resources,Voluntary,7,29,2005
Glenn_01.01.2003-06.21.2013.csv,Glenn,39.7325,-122.1233,W001,2013-09-18 13:29:54,397325N1221233W001,22N02W30H002M,8/26/2005,00:00,,,91.800,0.000,91.800,205.220,204.430,113.420,91.010,UNK - Unknown,Unknown,Department of Water Resources,Voluntary,8,26,2005
Glenn_01.01.2003-06.21.2013.csv,Glenn,39.7325,-122.1233,W001,2013-09-18 13:29:54,397325N1221233W001,22N02W30H002M,9/29/2005,00:00,,,89.500,0.000,89.500,205.220,204.430,115.720,88.710,UNK - Unknown,Unknown,Department of Water Resources,Voluntary,9,29,2005
Glenn_01.01.2003-06.21.2013.csv,Glenn,39.7325,-122.1233,W001,2013-09-18 13:29:54,397325N1221233W001,22N02W30H002M,10/21/2005,00:00,,,86.900,0.000,86.900,205.220,204.430,118.320,86.110,UNK - Unknown,Unknown,Department of Water Resources,Voluntary,10,21,2005
Glenn_01.01.2003-06.21.2013.csv,Glenn,39.7325,-122.1233,W001,2013-09-18 13:29:54,397325N1221233W001,22N02W30H002M,3/29/2006,00:00,,,68.800,0.000,68.800,205.220,204.430,136.420,68.010,UNK - Unknown,Unknown,Department of Water Resources,Voluntary,3,29,2006
Glenn_01.01.2003-06.21.2013.csv,Glenn,39.7325,-122.1233,W001,2013-09-18 13:29:54,397325N1221233W001,22N02W30H002M,5/23/2006,00:00,,,75.170,0.000,75.170,205.220,204.430,130.050,74.380,UNK - Unknown,Unknown,Department of Water Resources,Voluntary,5,23,2006
Glenn_01.01.2003-06.21.2013.csv,Glenn,39.7325,-122.1233,W001,2013-09-18 13:29:54,397325N1221233W001,22N02W30H002M,8/3/2006,00:00,,,83.000,0.000,83.000,205.220,204.430,122.220,82.210,UNK - Unknown,Unknown,Department of Water Resources,Voluntary,8,3,2006
Glenn_01.01.2003-06.21.2013.csv,Glenn,39.7325,-122.1233,W001,2013-09-18 13:29:54,397325N1221233W001,22N02W30H002M,10/12/2006,00:00,,,84.800,0.000,84.800,205.220,204.430,120.420,84.010,UNK - Unknown,Unknown,Department of Water Resources,Voluntary,10,12,2006
Glenn_01.01.2003-06.21.2013.csv,Glenn,39.7325,-122.1233,W001,2013-09-18 13:29:54,397325N1221233W001,22N02W30H002M,3/20/2007,00:00,,,74.510,0.000,74.510,205.220,204.430,130.710,73.720,UNK - Unknown,Unknown,Department of Water Resources,Voluntary,3,20,2007
Glenn_01.01.2003-06.21.2013.csv,Glenn,39.7325,-122.1233,W001,2013-09-18 13:29:54,397325N1221233W001,22N02W30H002M,5/3/2007,00:00,,,86.900,0.000,86.900,205.220,204.430,118.320,86.110,UNK - Unknown,Unknown,Department of Water Resources,Voluntary,5,3,2007
Glenn_01.01.2003-06.21.2013.csv,Glenn,39.7325,-122.1233,W001,2013-09-18 13:29:54,397325N1221233W001,22N02W30H002M,5/18/2007,00:00,,,90.800,0.000,90.800,205.220,204.430,114.420,90.010,UNK - Unknown,Unknown,Department of Water Resources,Voluntary,5,18,2007
Glenn_01.01.2003-06.21.2013.csv,Glenn,39.7325,-122.1233,W001,2013-09-18 13:29:54,397325N1221233W001,22N02W30H002M,5/30/2007,00:00,,,94.800,0.000,94.800,205.220,204.430,110.420,94.010,UNK - Unknown,Unknown,Department of Water Resources,Voluntary,5,30,2007
Glenn_01.01.2003-06.21.2013.csv,Glenn,39.7325,-122.1233,W001,2013-09-18 13:29:54,397325N1221233W001,22N02W30H002M,6/20/2007,00:00,,,98.500,0.000,98.500,205.220,204.430,106.720,97.710,UNK - Unknown,Unknown,Department of Water Resources,Voluntary,6,20,2007
Glenn_01.01.2003-06.21.2013.csv,Glenn,39.7325,-122.1233,W001,2013-09-18 13:29:54,397325N1221233W001,22N02W30H002M,8/9/2007,00:00,,,103.040,0.000,103.040,205.220,204.430,102.180,102.250,UNK - Unknown,Unknown,Department of Water Resources,Voluntary,8,9,2007
Glenn_01.01.2003-06.21.2013.csv,Glenn,39.7325,-122.1233,W001,2013-09-18 13:29:54,397325N1221233W001,22N02W30H002M,10/15/2007,00:00,,,97.200,0.000,97.200,205.220,204.430,108.020,96.410,UNK - Unknown,Unknown,Department of Water Resources,Voluntary,10,15,2007
Glenn_01.01.2003-06.21.2013.csv,Glenn,39.7325,-122.1233,W001,2013-09-18 13:29:54,397325N1221233W001,22N02W30H002M,1/15/2008,00:00,,,84.380,0.000,84.380,205.220,204.430,120.840,83.590,UNK - Unknown,Unknown,Department of Water Resources,Voluntary,1,15,2008
Glenn_01.01.2003-06.21.2013.csv,Glenn,39.7325,-122.1233,W001,2013-09-18 13:29:54,397325N1221233W001,22N02W30H002M,3/13/2008,00:00,,,79.070,0.000,79.070,205.220,204.430,126.150,78.280,UNK - Unknown,Unknown,Department of Water Resources,Voluntary,3,13,2008
Glenn_01.01.2003-06.21.2013.csv,Glenn,39.7325,-122.1233,W001,2013-09-18 13:29:54,397325N1221233W001,22N02W30H002M,7/25/2008,00:00,,,104.250,0.000,104.250,205.220,204.430,100.970,103.460,UNK - Unknown,Unknown,Department of Water Resources,Voluntary,7,25,2008
Glenn_01.01.2003-06.21.2013.csv,Glenn,39.7325,-122.1233,W001,2013-09-18 13:29:54,397325N1221233W001,22N02W30H002M,8/5/2008,00:00,,,107.410,0.000,107.410,205.220,204.430,97.810,106.620,UNK - Unknown,Unknown,Department of Water Resources,Voluntary,8,5,2008
Glenn_01.01.2003-06.21.2013.csv,Glenn,39.7325,-122.1233,W001,2013-09-18 13:29:54,397325N1221233W001,22N02W30H002M,10/22/2008,00:00,,,103.440,0.000,103.440,205.220,204.430,101.780,102.650,UNK - Unknown,Unknown,Department of Water Resources,Voluntary,10,22,2008
Glenn_01.01.2003-06.21.2013.csv,Glenn,39.7325,-122.1233,W001,2013-09-18 13:29:54,397325N1221233W001,22N02W30H002M,1/12/2009,00:00,,,91.130,0.000,91.130,205.220,204.430,114.090,90.340,UNK - Unknown,Unknown,Department of Water Resources,Voluntary,1,12,2009
Glenn_01.01.2003-06.21.2013.csv,Glenn,39.7325,-122.1233,W001,2013-09-18 13:29:54,397325N1221233W001,22N02W30H002M,2/3/2009,00:00,,,90.170,0.000,90.170,205.220,204.430,115.050,89.380,UNK - Unknown,Unknown,Department of Water Resources,Voluntary,2,3,2009
Glenn_01.01.2003-06.21.2013.csv,Glenn,39.7325,-122.1233,W001,2013-09-18 13:29:54,397325N1221233W001,22N02W30H002M,2/26/2009,00:00,,,87.100,0.000,87.100,205.220,204.430,118.120,86.310,UNK - Unknown,Unknown,Department of Water Resources,Voluntary,INSTALLED NEW DATALOGGER2,26,2009
Glenn_01.01.2003-06.21.2013.csv,Glenn,39.7325,-122.1233,W001,2013-09-18 13:29:54,397325N1221233W001,22N02W30H002M,3/23/2009,00:00,,,85.430,0.000,85.430,205.220,204.430,119.790,84.640,UNK - Unknown,Unknown,Department of Water Resources,Voluntary,3,23,2009
Glenn_01.01.2003-06.21.2013.csv,Glenn,39.7325,-122.1233,W001,2013-09-18 13:29:54,397325N1221233W001,22N02W30H002M,5/15/2009,00:00,,2 - Nearby pump operating,70.900,0.000,70.900,205.220,204.430,134.320,70.110,UNK - Unknown,Unknown,Department of Water Resources,Voluntary,5,15,2009
Glenn_01.01.2003-06.21.2013.csv,Glenn,39.7325,-122.1233,W001,2013-09-18 13:29:54,397325N1221233W001,22N02W30H002M,6/24/2009,00:00,,2 - Nearby pump operating,100.400,0.000,100.400,205.220,204.430,104.820,99.610,UNK - Unknown,Unknown,Department of Water Resources,Voluntary,6,24,2009
Glenn_01.01.2003-06.21.2013.csv,Glenn,39.7325,-122.1233,W001,2013-09-18 13:29:54,397325N1221233W001,22N02W30H002M,8/6/2009,00:00,,2 - Nearby pump operating,118.910,0.000,118.910,205.220,204.430,86.310,118.120,UNK - Unknown,Unknown,Department of Water Resources,Voluntary,8,6,2009
Glenn_01.01.2003-06.21.2013.csv,Glenn,39.7325,-122.1233,W001,2013-09-18 13:29:54,397325N1221233W001,22N02W30H002M,9/16/2009,00:00,,2 - Nearby pump operating,116.200,0.000,116.200,205.220,204.430,89.020,115.410,UNK - Unknown,Unknown,Department of Water Resources,Voluntary,9,16,2009
Glenn_01.01.2003-06.21.2013.csv,Glenn,39.7325,-122.1233,W001,2013-09-18 13:29:54,397325N1221233W001,22N02W30H002M,10/23/2009,00:00,,,108.840,0.000,108.840,205.220,204.430,96.380,108.050,UNK - Unknown,Unknown,Department of Water Resources,Voluntary,10,23,2009
Glenn_01.01.2003-06.21.2013.csv,Glenn,39.7325,-122.1233,W001,2013-09-18 13:29:54,397325N1221233W001,22N02W30H002M,3/24/2010,00:00,,,91.050,0.000,91.050,205.220,204.430,114.170,90.260,UNK - Unknown,Unknown,Department of Water Resources,Voluntary,3,24,2010
Glenn_01.01.2003-06.21.2013.csv,Glenn,39.7325,-122.1233,W001,2013-09-18 13:29:54,397325N1221233W001,22N02W30H002M,8/2/2010,00:00,,2 - Nearby pump operating,86.250,0.000,86.250,205.220,204.430,118.970,85.460,UNK - Unknown,Unknown,Department of Water Resources,Voluntary,8,2,2010
Glenn_01.01.2003-06.21.2013.csv,Glenn,39.7325,-122.1233,W001,2013-09-18 13:29:54,397325N1221233W001,22N02W30H002M,10/18/2010,00:00,,,90.210,0.000,90.210,205.220,204.430,115.010,89.420,UNK - Unknown,Unknown,Department of Water Resources,Voluntary,10,18,2010
Glenn_01.01.2003-06.21.2013.csv,Glenn,39.7325,-122.1233,W001,2013-09-18 13:29:54,397325N1221233W001,22N02W30H002M,1/20/2011,00:00,,,88.140,0.000,88.140,205.220,204.430,117.080,87.350,UNK - Unknown,Unknown,Department of Water Resources,Voluntary,1,20,2011
Glenn_01.01.2003-06.21.2013.csv,Glenn,39.7325,-122.1233,W001,2013-09-18 13:29:54,397325N1221233W001,22N02W30H002M,2/2/2011,00:00,,,87.700,0.000,87.700,205.220,204.430,117.520,86.910,UNK - Unknown,Unknown,Department of Water Resources,Voluntary,2,2,2011
Glenn_01.01.2003-06.21.2013.csv,Glenn,39.7325,-122.1233,W001,2013-09-18 13:29:54,397325N1221233W001,22N02W30H002M,2/11/2011,00:00,,,108.070,0.000,108.070,205.220,204.430,97.150,107.280,UNK - Unknown,Unknown,Department of Water Resources,Voluntary,2,11,2011
Glenn_01.01.2003-06.21.2013.csv,Glenn,39.7325,-122.1233,W001,2013-09-18 13:29:54,397325N1221233W001,22N02W30H002M,2/14/2011,00:00,,,118.400,0.000,118.400,205.220,204.430,86.820,117.610,UNK - Unknown,Unknown,Department of Water Resources,Voluntary,2,14,2011
Glenn_01.01.2003-06.21.2013.csv,Glenn,39.7325,-122.1233,W001,2013-09-18 13:29:54,397325N1221233W001,22N02W30H002M,2/23/2011,00:00,,,130.500,0.000,130.500,205.220,204.430,74.720,129.710,UNK - Unknown,Unknown,Department of Water Resources,Voluntary,2,23,2011
Glenn_01.01.2003-06.21.2013.csv,Glenn,39.7325,-122.1233,W001,2013-09-18 13:29:54,397325N1221233W001,22N02W30H002M,3/1/2011,00:00,,,134.880,0.000,134.880,205.220,204.430,70.340,134.090,UNK - Unknown,Unknown,Department of Water Resources,Voluntary,3,1,2011
Glenn_01.01.2003-06.21.2013.csv,Glenn,39.7325,-122.1233,W001,2013-09-18 13:29:54,397325N1221233W001,22N02W30H002M,3/10/2011,00:00,,,138.600,0.000,138.600,205.220,204.430,66.620,137.810,UNK - Unknown,Unknown,Department of Water Resources,Voluntary,3,10,2011
Glenn_01.01.2003-06.21.2013.csv,Glenn,39.7325,-122.1233,W001,2013-09-18 13:29:54,397325N1221233W001,22N02W30H002M,4/5/2011,00:00,,,94.630,0.000,94.630,205.220,204.430,110.590,93.840,UNK - Unknown,Unknown,Department of Water Resources,Voluntary,4,5,2011
Glenn_01.01.2003-06.21.2013.csv,Glenn,39.7325,-122.1233,W001,2013-09-18 13:29:54,397325N1221233W001,22N02W30H002M,6/17/2011,00:00,,,86.460,0.000,86.460,205.220,204.430,118.760,85.670,UNK - Unknown,Unknown,Department of Water Resources,Voluntary,INSTALLED TROLL SN 1397106,17,2011
Glenn_01.01.2003-06.21.2013.csv,Glenn,39.7325,-122.1233,W001,2013-09-18 13:29:54,397325N1221233W001,22N02W30H002M,4/26/2011,00:00,,,89.900,0.000,89.900,205.220,204.430,115.320,89.110,UNK - Unknown,Unknown,Department of Water Resources,Voluntary,4,26,2011
Glenn_01.01.2003-06.21.2013.csv,Glenn,39.7325,-122.1233,W001,2013-09-18 13:29:54,397325N1221233W001,22N02W30H002M,8/1/2011,00:00,,2 - Nearby pump operating,88.920,0.000,88.920,205.220,204.430,116.300,88.130,UNK - Unknown,Unknown,Department of Water Resources,Voluntary,8,1,2011
Glenn_01.01.2003-06.21.2013.csv,Glenn,39.7325,-122.1233,W001,2013-09-18 13:29:54,397325N1221233W001,22N02W30H002M,10/12/2011,00:00,,,108.460,0.000,108.460,205.220,204.430,96.760,107.670,UNK - Unknown,Unknown,Department of Water Resources,Voluntary,10,12,2011
Glenn_01.01.2003-06.21.2013.csv,Glenn,39.7325,-122.1233,W001,2013-09-18 13:29:54,397325N1221233W001,22N02W30H002M,11/28/2011,00:00,,,115.570,0.000,115.570,205.220,204.430,89.650,114.780,UNK - Unknown,Unknown,Department of Water Resources,Voluntary,11,28,2011
Glenn_01.01.2003-06.21.2013.csv,Glenn,39.7325,-122.1233,W001,2013-09-18 13:29:54,397325N1221233W001,22N02W30H002M,3/21/2013,00:00,,,89.460,0.000,89.460,205.220,204.430,115.760,88.670,ES - Electric sounder measurement,0.01 Ft,Department of Water Resources,CASGEM,3,21,2013
Glenn_01.01.2003-06.21.2013.csv,Glenn,39.7325,-122.1233,W002,2013-09-18 13:29:54,397325N1221233W002,22N02W30H003M,10/12/2011,00:00,,,24.630,0.000,24.630,205.770,204.430,181.140,23.290,ES - Electric sounder measurement,0.01 Ft,Department of Water Resources,CASGEM,10,12,2011
Glenn_01.01.2003-06.21.2013.csv,Glenn,39.7325,-122.1233,W002,2013-09-18 13:29:54,397325N1221233W002,22N02W30H003M,3/29/2012,00:00,,,24.100,0.000,24.100,205.770,204.430,181.670,22.760,ES - Electric sounder measurement,0.01 Ft,Department of Water Resources,CASGEM,3,29,2012
Glenn_01.01.2003-06.21.2013.csv,Glenn,39.7325,-122.1233,W002,2013-09-18 13:29:54,397325N1221233W002,22N02W30H003M,8/2/2012,00:00,,,62.850,0.000,62.850,205.770,204.430,142.920,61.510,ES - Electric sounder measurement,0.01 Ft,Department of Water Resources,CASGEM,8,2,2012
Glenn_01.01.2003-06.21.2013.csv,Glenn,39.7325,-122.1233,W002,2013-09-18 13:29:54,397325N1221233W002,22N02W30H003M,10/17/2012,00:00,,,46.740,0.000,46.740,205.770,204.430,159.030,45.400,ES - Electric sounder measurement,0.01 Ft,Department of Water Resources,CASGEM,10,17,2012
Glenn_01.01.2003-06.21.2013.csv,Glenn,39.7325,-122.1233,W002,2013-09-18 13:29:54,397325N1221233W002,22N02W30H003M,5/13/2004,00:00,,,35.250,0.000,35.250,205.770,204.430,170.520,33.910,UNK - Unknown,Unknown,Department of Water Resources,Voluntary,New Well; Start Record5,13,2004
Glenn_01.01.2003-06.21.2013.csv,Glenn,39.7325,-122.1233,W002,2013-09-18 13:29:54,397325N1221233W002,22N02W30H003M,5/21/2004,00:00,,,35.250,0.000,35.250,205.770,204.430,170.520,33.910,UNK - Unknown,Unknown,Department of Water Resources,Voluntary,5,21,2004
Glenn_01.01.2003-06.21.2013.csv,Glenn,39.7325,-122.1233,W002,2013-09-18 13:29:54,397325N1221233W002,22N02W30H003M,5/25/2004,00:00,,,52.540,0.000,52.540,205.770,204.430,153.230,51.200,UNK - Unknown,Unknown,Department of Water Resources,Voluntary,5,25,2004
Glenn_01.01.2003-06.21.2013.csv,Glenn,39.7325,-122.1233,W002,2013-09-18 13:29:54,397325N1221233W002,22N02W30H003M,6/4/2004,00:00,,,30.000,0.000,30.000,205.770,204.430,175.770,28.660,UNK - Unknown,Unknown,Department of Water Resources,Voluntary,6,4,2004
Glenn_01.01.2003-06.21.2013.csv,Glenn,39.7325,-122.1233,W002,2013-09-18 13:29:54,397325N1221233W002,22N02W30H003M,6/10/2004,00:00,,,26.090,0.000,26.090,205.770,204.430,179.680,24.750,UNK - Unknown,Unknown,Department of Water Resources,Voluntary,6,10,2004
Glenn_01.01.2003-06.21.2013.csv,Glenn,39.7325,-122.1233,W002,2013-09-18 13:29:54,397325N1221233W002,22N02W30H003M,6/14/2004,06:00,,,51.380,0.000,51.380,205.770,204.430,154.390,50.040,UNK - Unknown,Unknown,Department of Water Resources,Voluntary,6,14,2004
Glenn_01.01.2003-06.21.2013.csv,Glenn,39.7325,-122.1233,W002,2013-09-18 13:29:54,397325N1221233W002,22N02W30H003M,6/14/2004,18:00,,,43.130,0.000,43.130,205.770,204.430,162.640,41.790,UNK - Unknown,Unknown,Department of Water Resources,Voluntary,6,14,2004
Glenn_01.01.2003-06.21.2013.csv,Glenn,39.7325,-122.1233,W002,2013-09-18 13:29:54,397325N1221233W002,22N02W30H003M,7/13/2004,00:00,,,41.400,0.000,41.400,205.770,204.430,164.370,40.060,UNK - Unknown,Unknown,Department of Water Resources,Voluntary,7,13,2004
Glenn_01.01.2003-06.21.2013.csv,Glenn,39.7325,-122.1233,W002,2013-09-18 13:29:54,397325N1221233W002,22N02W30H003M,7/27/2004,00:00,,,35.200,0.000,35.200,205.770,204.430,170.570,33.860,UNK - Unknown,Unknown,Department of Water Resources,Voluntary,7,27,2004
Glenn_01.01.2003-06.21.2013.csv,Glenn,39.7325,-122.1233,W002,2013-09-18 13:29:54,397325N1221233W002,22N02W30H003M,8/25/2004,00:00,,,26.100,0.000,26.100,205.770,204.430,179.670,24.760,UNK - Unknown,Unknown,Department of Water Resources,Voluntary,8,25,2004
Glenn_01.01.2003-06.21.2013.csv,Glenn,39.7325,-122.1233,W002,2013-09-18 13:29:54,397325N1221233W002,22N02W30H003M,9/21/2004,00:00,,,32.200,0.000,32.200,205.770,204.430,173.570,30.860,UNK - Unknown,Unknown,Department of Water Resources,Voluntary,9,21,2004
Glenn_01.01.2003-06.21.2013.csv,Glenn,39.7325,-122.1233,W002,2013-09-18 13:29:54,397325N1221233W002,22N02W30H003M,10/20/2004,00:00,,,23.500,0.000,23.500,205.770,204.430,182.270,22.160,UNK - Unknown,Unknown,Department of Water Resources,Voluntary,10,20,2004
Glenn_01.01.2003-06.21.2013.csv,Glenn,39.7325,-122.1233,W002,2013-09-18 13:29:54,397325N1221233W002,22N02W30H003M,11/22/2004,00:00,,,20.000,0.000,20.000,205.770,204.430,185.770,18.660,UNK - Unknown,Unknown,Department of Water Resources,Voluntary,11,22,2004
Glenn_01.01.2003-06.21.2013.csv,Glenn,39.7325,-122.1233,W002,2013-09-18 13:29:54,397325N1221233W002,22N02W30H003M,3/31/2005,00:00,,,13.400,0.000,13.400,205.770,204.430,192.370,12.060,UNK - Unknown,Unknown,Department of Water Resources,Voluntary,3,31,2005
Glenn_01.01.2003-06.21.2013.csv,Glenn,39.7325,-122.1233,W002,2013-09-18 13:29:54,397325N1221233W002,22N02W30H003M,4/28/2005,00:00,,,25.700,0.000,25.700,205.770,204.430,180.070,24.360,UNK - Unknown,Unknown,Department of Water Resources,Voluntary,4,28,2005
Glenn_01.01.2003-06.21.2013.csv,Glenn,39.7325,-122.1233,W002,2013-09-18 13:29:54,397325N1221233W002,22N02W30H003M,5/27/2005,00:00,,,20.100,0.000,20.100,205.770,204.430,185.670,18.760,UNK - Unknown,Unknown,Department of Water Resources,Voluntary,5,27,2005
Glenn_01.01.2003-06.21.2013.csv,Glenn,39.7325,-122.1233,W002,2013-09-18 13:29:54,397325N1221233W002,22N02W30H003M,6/23/2005,00:00,,,26.000,0.000,26.000,205.770,204.430,179.770,24.660,UNK - Unknown,Unknown,Department of Water Resources,Voluntary,6,23,2005
Glenn_01.01.2003-06.21.2013.csv,Glenn,39.7325,-122.1233,W002,2013-09-18 13:29:54,397325N1221233W002,22N02W30H003M,7/29/2005,00:00,,,38.200,0.000,38.200,205.770,204.430,167.570,36.860,UNK - Unknown,Unknown,Department of Water Resources,Voluntary,7,29,2005
Glenn_01.01.2003-06.21.2013.csv,Glenn,39.7325,-122.1233,W002,2013-09-18 13:29:54,397325N1221233W002,22N02W30H003M,8/26/2005,00:00,,,29.900,0.000,29.900,205.770,204.430,175.870,28.560,UNK - Unknown,Unknown,Department of Water Resources,Voluntary,8,26,2005
Glenn_01.01.2003-06.21.2013.csv,Glenn,39.7325,-122.1233,W002,2013-09-18 13:29:54,397325N1221233W002,22N02W30H003M,9/29/2005,00:00,,,29.200,0.000,29.200,205.770,204.430,176.570,27.860,UNK - Unknown,Unknown,Department of Water Resources,Voluntary,9,29,2005
Glenn_01.01.2003-06.21.2013.csv,Glenn,39.7325,-122.1233,W002,2013-09-18 13:29:54,397325N1221233W002,22N02W30H003M,10/21/2005,00:00,,,25.100,0.000,25.100,205.770,204.430,180.670,23.760,UNK - Unknown,Unknown,Department of Water Resources,Voluntary,10,21,2005
Glenn_01.01.2003-06.21.2013.csv,Glenn,39.7325,-122.1233,W002,2013-09-18 13:29:54,397325N1221233W002,22N02W30H003M,3/29/2006,00:00,,,12.700,0.000,12.700,205.770,204.430,193.070,11.360,UNK - Unknown,Unknown,Department of Water Resources,Voluntary,3,29,2006
Glenn_01.01.2003-06.21.2013.csv,Glenn,39.7325,-122.1233,W002,2013-09-18 13:29:54,397325N1221233W002,22N02W30H003M,5/23/2006,00:00,,,21.600,0.000,21.600,205.770,204.430,184.170,20.260,UNK - Unknown,Unknown,Department of Water Resources,Voluntary,5,23,2006
Glenn_01.01.2003-06.21.2013.csv,Glenn,39.7325,-122.1233,W002,2013-09-18 13:29:54,397325N1221233W002,22N02W30H003M,8/3/2006,00:00,,,38.100,0.000,38.100,205.770,204.430,167.670,36.760,UNK - Unknown,Unknown,Department of Water Resources,Voluntary,8,3,2006
Glenn_01.01.2003-06.21.2013.csv,Glenn,39.7325,-122.1233,W002,2013-09-18 13:29:54,397325N1221233W002,22N02W30H003M,10/12/2006,00:00,,,24.800,0.000,24.800,205.770,204.430,180.970,23.460,UNK - Unknown,Unknown,Department of Water Resources,Voluntary,10,12,2006
Glenn_01.01.2003-06.21.2013.csv,Glenn,39.7325,-122.1233,W002,2013-09-18 13:29:54,397325N1221233W002,22N02W30H003M,3/20/2007,00:00,,,30.500,0.000,30.500,205.770,204.430,175.270,29.160,UNK - Unknown,Unknown,Department of Water Resources,Voluntary,3,20,2007
Glenn_01.01.2003-06.21.2013.csv,Glenn,39.7325,-122.1233,W002,2013-09-18 13:29:54,397325N1221233W002,22N02W30H003M,5/3/2007,00:00,,,39.000,0.000,39.000,205.770,204.430,166.770,37.660,UNK - Unknown,Unknown,Department of Water Resources,Voluntary,5,3,2007
Glenn_01.01.2003-06.21.2013.csv,Glenn,39.7325,-122.1233,W002,2013-09-18 13:29:54,397325N1221233W002,22N02W30H003M,5/18/2007,00:00,,,43.700,0.000,43.700,205.770,204.430,162.070,42.360,UNK - Unknown,Unknown,Department of Water Resources,Voluntary,5,18,2007
Glenn_01.01.2003-06.21.2013.csv,Glenn,39.7325,-122.1233,W002,2013-09-18 13:29:54,397325N1221233W002,22N02W30H003M,5/30/2007,00:00,,,38.100,0.000,38.100,205.770,204.430,167.670,36.760,UNK - Unknown,Unknown,Department of Water Resources,Voluntary,5,30,2007
Glenn_01.01.2003-06.21.2013.csv,Glenn,39.7325,-122.1233,W002,2013-09-18 13:29:54,397325N1221233W002,22N02W30H003M,6/20/2007,00:00,,,44.900,0.000,44.900,205.770,204.430,160.870,43.560,UNK - Unknown,Unknown,Department of Water Resources,Voluntary,6,20,2007
Glenn_01.01.2003-06.21.2013.csv,Glenn,39.7325,-122.1233,W002,2013-09-18 13:29:54,397325N1221233W002,22N02W30H003M,8/9/2007,00:00,,,45.410,0.000,45.410,205.770,204.430,160.360,44.070,UNK - Unknown,Unknown,Department of Water Resources,Voluntary,8,9,2007
Glenn_01.01.2003-06.21.2013.csv,Glenn,39.7325,-122.1233,W002,2013-09-18 13:29:54,397325N1221233W002,22N02W30H003M,10/15/2007,00:00,,,27.350,0.000,27.350,205.770,204.430,178.420,26.010,UNK - Unknown,Unknown,Department of Water Resources,Voluntary,10,15,2007
Glenn_01.01.2003-06.21.2013.csv,Glenn,39.7325,-122.1233,W002,2013-09-18 13:29:54,397325N1221233W002,22N02W30H003M,1/15/2008,00:00,,,25.190,0.000,25.190,205.770,204.430,180.580,23.850,UNK - Unknown,Unknown,Department of Water Resources,Voluntary,1,15,2008
Glenn_01.01.2003-06.21.2013.csv,Glenn,39.7325,-122.1233,W002,2013-09-18 13:29:54,397325N1221233W002,22N02W30H003M,3/13/2008,00:00,,,19.890,0.000,19.890,205.770,204.430,185.880,18.550,UNK - Unknown,Unknown,Department of Water Resources,Voluntary,3,13,2008
Glenn_01.01.2003-06.21.2013.csv,Glenn,39.7325,-122.1233,W002,2013-09-18 13:29:54,397325N1221233W002,22N02W30H003M,7/25/2008,00:00,,,47.010,0.000,47.010,205.770,204.430,158.760,45.670,UNK - Unknown,Unknown,Department of Water Resources,Voluntary,7,25,2008
Glenn_01.01.2003-06.21.2013.csv,Glenn,39.7325,-122.1233,W002,2013-09-18 13:29:54,397325N1221233W002,22N02W30H003M,8/5/2008,00:00,,,48.800,0.000,48.800,205.770,204.430,156.970,47.460,UNK - Unknown,Unknown,Department of Water Resources,Voluntary,8,5,2008
Glenn_01.01.2003-06.21.2013.csv,Glenn,39.7325,-122.1233,W002,2013-09-18 13:29:54,397325N1221233W002,22N02W30H003M,10/22/2008,00:00,,,31.910,0.000,31.910,205.770,204.430,173.860,30.570,UNK - Unknown,Unknown,Department of Water Resources,Voluntary,10,22,2008
Glenn_01.01.2003-06.21.2013.csv,Glenn,39.7325,-122.1233,W002,2013-09-18 13:29:54,397325N1221233W002,22N02W30H003M,1/12/2009,00:00,,,26.180,0.000,26.180,205.770,204.430,179.590,24.840,UNK - Unknown,Unknown,Department of Water Resources,Voluntary,1,12,2009
Glenn_01.01.2003-06.21.2013.csv,Glenn,39.7325,-122.1233,W002,2013-09-18 13:29:54,397325N1221233W002,22N02W30H003M,2/3/2009,00:00,,,26.530,0.000,26.530,205.770,204.430,179.240,25.190,UNK - Unknown,Unknown,Department of Water Resources,Voluntary,2,3,2009
Glenn_01.01.2003-06.21.2013.csv,Glenn,39.7325,-122.1233,W002,2013-09-18 13:29:54,397325N1221233W002,22N02W30H003M,2/26/2009,00:00,,,22.610,0.000,22.610,205.770,204.430,183.160,21.270,UNK - Unknown,Unknown,Department of Water Resources,Voluntary,2,26,2009
Glenn_01.01.2003-06.21.2013.csv,Glenn,39.7325,-122.1233,W002,2013-09-18 13:29:54,397325N1221233W002,22N02W30H003M,3/23/2009,00:00,,,20.230,0.000,20.230,205.770,204.430,185.540,18.890,UNK - Unknown,Unknown,Department of Water Resources,Voluntary,3,23,2009
Glenn_01.01.2003-06.21.2013.csv,Glenn,39.7325,-122.1233,W002,2013-09-18 13:29:54,397325N1221233W002,22N02W30H003M,5/15/2009,00:00,,2 - Nearby pump operating,39.830,0.000,39.830,205.770,204.430,165.940,38.490,UNK - Unknown,Unknown,Department of Water Resources,Voluntary,5,15,2009
Glenn_01.01.2003-06.21.2013.csv,Glenn,39.7325,-122.1233,W002,2013-09-18 13:29:54,397325N1221233W002,22N02W30H003M,6/24/2009,00:00,,2 - Nearby pump operating,53.440,0.000,53.440,205.770,204.430,152.330,52.100,UNK - Unknown,Unknown,Department of Water Resources,Voluntary,6,24,2009
Glenn_01.01.2003-06.21.2013.csv,Glenn,39.7325,-122.1233,W002,2013-09-18 13:29:54,397325N1221233W002,22N02W30H003M,8/6/2009,00:00,,2 - Nearby pump operating,57.730,0.000,57.730,205.770,204.430,148.040,56.390,UNK - Unknown,Unknown,Department of Water Resources,Voluntary,8,6,2009
Glenn_01.01.2003-06.21.2013.csv,Glenn,39.7325,-122.1233,W002,2013-09-18 13:29:54,397325N1221233W002,22N02W30H003M,9/16/2009,00:00,,2 - Nearby pump operating,49.750,0.000,49.750,205.770,204.430,156.020,48.410,UNK - Unknown,Unknown,Department of Water Resources,Voluntary,9,16,2009
Glenn_01.01.2003-06.21.2013.csv,Glenn,39.7325,-122.1233,W002,2013-09-18 13:29:54,397325N1221233W002,22N02W30H003M,10/23/2009,00:00,,,30.530,0.000,30.530,205.770,204.430,175.240,29.190,UNK - Unknown,Unknown,Department of Water Resources,Voluntary,10,23,2009
Glenn_01.01.2003-06.21.2013.csv,Glenn,39.7325,-122.1233,W002,2013-09-18 13:29:54,397325N1221233W002,22N02W30H003M,3/24/2010,00:00,,,18.930,0.000,18.930,205.770,204.430,186.840,17.590,UNK - Unknown,Unknown,Department of Water Resources,Voluntary,3,24,2010
Glenn_01.01.2003-06.21.2013.csv,Glenn,39.7325,-122.1233,W002,2013-09-18 13:29:54,397325N1221233W002,22N02W30H003M,8/2/2010,00:00,,2 - Nearby pump operating,61.260,0.000,61.260,205.770,204.430,144.510,59.920,UNK - Unknown,Unknown,Department of Water Resources,Voluntary,8,2,2010
Glenn_01.01.2003-06.21.2013.csv,Glenn,39.7325,-122.1233,W002,2013-09-18 13:29:54,397325N1221233W002,22N02W30H003M,10/18/2010,00:00,,,33.950,0.000,33.950,205.770,204.430,171.820,32.610,UNK - Unknown,Unknown,Department of Water Resources,Voluntary,10,18,2010
Glenn_01.01.2003-06.21.2013.csv,Glenn,39.7325,-122.1233,W002,2013-09-18 13:29:54,397325N1221233W002,22N02W30H003M,1/20/2011,00:00,,,21.290,0.000,21.290,205.770,204.430,184.480,19.950,UNK - Unknown,Unknown,Department of Water Resources,Voluntary,1,20,2011
Glenn_01.01.2003-06.21.2013.csv,Glenn,39.7325,-122.1233,W002,2013-09-18 13:29:54,397325N1221233W002,22N02W30H003M,2/2/2011,00:00,,,21.200,0.000,21.200,205.770,204.430,184.570,19.860,UNK - Unknown,Unknown,Department of Water Resources,Voluntary,2,2,2011
Glenn_01.01.2003-06.21.2013.csv,Glenn,39.7325,-122.1233,W002,2013-09-18 13:29:54,397325N1221233W002,22N02W30H003M,2/11/2011,00:00,,,21.850,0.000,21.850,205.770,204.430,183.920,20.510,UNK - Unknown,Unknown,Department of Water Resources,Voluntary,2,11,2011
Glenn_01.01.2003-06.21.2013.csv,Glenn,39.7325,-122.1233,W002,2013-09-18 13:29:54,397325N1221233W002,22N02W30H003M,2/14/2011,00:00,,,21.300,0.000,21.300,205.770,204.430,184.470,19.960,UNK - Unknown,Unknown,Department of Water Resources,Voluntary,2,14,2011
Glenn_01.01.2003-06.21.2013.csv,Glenn,39.7325,-122.1233,W002,2013-09-18 13:29:54,397325N1221233W002,22N02W30H003M,2/23/2011,00:00,,,21.750,0.000,21.750,205.770,204.430,184.020,20.410,UNK - Unknown,Unknown,Department of Water Resources,Voluntary,2,23,2011
Glenn_01.01.2003-06.21.2013.csv,Glenn,39.7325,-122.1233,W002,2013-09-18 13:29:54,397325N1221233W002,22N02W30H003M,3/1/2011,00:00,,,22.730,0.000,22.730,205.770,204.430,183.040,21.390,UNK - Unknown,Unknown,Department of Water Resources,Voluntary,3,1,2011
Glenn_01.01.2003-06.21.2013.csv,Glenn,39.7325,-122.1233,W002,2013-09-18 13:29:54,397325N1221233W002,22N02W30H003M,3/10/2011,00:00,,,20.950,0.000,20.950,205.770,204.430,184.820,19.610,UNK - Unknown,Unknown,Department of Water Resources,Voluntary,3,10,2011
Glenn_01.01.2003-06.21.2013.csv,Glenn,39.7325,-122.1233,W002,2013-09-18 13:29:54,397325N1221233W002,22N02W30H003M,4/5/2011,00:00,,,17.520,0.000,17.520,205.770,204.430,188.250,16.180,UNK - Unknown,Unknown,Department of Water Resources,Voluntary,4,5,2011
Glenn_01.01.2003-06.21.2013.csv,Glenn,39.7325,-122.1233,W002,2013-09-18 13:29:54,397325N1221233W002,22N02W30H003M,6/17/2011,00:00,,2 - Nearby pump operating,44.630,0.000,44.630,205.770,204.430,161.140,43.290,UNK - Unknown,Unknown,Department of Water Resources,Voluntary,AG GW PUMPING ACROSS THE STREET6,17,2011
Glenn_01.01.2003-06.21.2013.csv,Glenn,39.7325,-122.1233,W002,2013-09-18 13:29:54,397325N1221233W002,22N02W30H003M,8/1/2011,00:00,,2 - Nearby pump operating,51.700,0.000,51.700,205.770,204.430,154.070,50.360,UNK - Unknown,Unknown,Department of Water Resources,Voluntary,8,1,2011
Glenn_01.01.2003-06.21.2013.csv,Glenn,39.7325,-122.1233,W002,2013-09-18 13:29:54,397325N1221233W002,22N02W30H003M,10/12/2011,00:00,,,24.630,0.000,24.630,205.770,204.430,181.140,23.290,UNK - Unknown,Unknown,Department of Water Resources,Voluntary,10,12,2011
Glenn_01.01.2003-06.21.2013.csv,Glenn,39.7325,-122.1233,W002,2013-09-18 13:29:54,397325N1221233W002,22N02W30H003M,11/28/2011,00:00,,,23.570,0.000,23.570,205.770,204.430,182.200,22.230,UNK - Unknown,Unknown,Department of Water Resources,Voluntary,11,28,2011
Glenn_01.01.2003-06.21.2013.csv,Glenn,39.7325,-122.1233,W002,2013-09-18 13:29:54,397325N1221233W002,22N02W30H003M,3/21/2013,00:00,,,24.210,0.000,24.210,205.770,204.430,181.560,22.870,ES - Electric sounder measurement,0.01 Ft,Department of Water Resources,CASGEM,3,21,2013
Glenn_01.01.2003-06.21.2013.csv,Glenn,39.7325,-122.1233,W003,2013-09-18 13:29:54,397325N1221233W003,22N02W30H004M,10/12/2011,00:00,,,17.980,0.000,17.980,206.430,204.430,188.450,15.980,ES - Electric sounder measurement,0.01 Ft,Department of Water Resources,CASGEM,10,12,2011
Glenn_01.01.2003-06.21.2013.csv,Glenn,39.7325,-122.1233,W003,2013-09-18 13:29:54,397325N1221233W003,22N02W30H004M,3/29/2012,00:00,,,21.110,0.000,21.110,206.430,204.430,185.320,19.110,ES - Electric sounder measurement,0.01 Ft,Department of Water Resources,CASGEM,3,29,2012
Glenn_01.01.2003-06.21.2013.csv,Glenn,39.7325,-122.1233,W003,2013-09-18 13:29:54,397325N1221233W003,22N02W30H004M,8/2/2012,00:00,,,23.990,0.000,23.990,206.430,204.430,182.440,21.990,ES - Electric sounder measurement,0.01 Ft,Department of Water Resources,CASGEM,8,2,2012
Glenn_01.01.2003-06.21.2013.csv,Glenn,39.7325,-122.1233,W003,2013-09-18 13:29:54,397325N1221233W003,22N02W30H004M,10/17/2012,00:00,,,22.280,0.000,22.280,206.430,204.430,184.150,20.280,ES - Electric sounder measurement,0.01 Ft,Department of Water Resources,CASGEM,10,17,2012
Glenn_01.01.2003-06.21.2013.csv,Glenn,39.7325,-122.1233,W003,2013-09-18 13:29:54,397325N1221233W003,22N02W30H004M,5/13/2004,00:00,,,12.860,0.000,12.860,206.430,204.430,193.570,10.860,UNK - Unknown,Unknown,Department of Water Resources,Voluntary,New Well; Start Record5,13,2004
Glenn_01.01.2003-06.21.2013.csv,Glenn,39.7325,-122.1233,W003,2013-09-18 13:29:54,397325N1221233W003,22N02W30H004M,5/21/2004,00:00,,,12.860,0.000,12.860,206.430,204.430,193.570,10.860,UNK - Unknown,Unknown,Department of Water Resources,Voluntary,5,21,2004
Glenn_01.01.2003-06.21.2013.csv,Glenn,39.7325,-122.1233,W003,2013-09-18 13:29:54,397325N1221233W003,22N02W30H004M,5/25/2004,00:00,,,12.530,0.000,12.530,206.430,204.430,193.900,10.530,UNK - Unknown,Unknown,Department of Water Resources,Voluntary,5,25,2004
Glenn_01.01.2003-06.21.2013.csv,Glenn,39.7325,-122.1233,W003,2013-09-18 13:29:54,397325N1221233W003,22N02W30H004M,6/4/2004,00:00,,,12.710,0.000,12.710,206.430,204.430,193.720,10.710,UNK - Unknown,Unknown,Department of Water Resources,Voluntary,6,4,2004
Glenn_01.01.2003-06.21.2013.csv,Glenn,39.7325,-122.1233,W003,2013-09-18 13:29:54,397325N1221233W003,22N02W30H004M,6/10/2004,00:00,,,13.460,0.000,13.460,206.430,204.430,192.970,11.460,UNK - Unknown,Unknown,Department of Water Resources,Voluntary,6,10,2004
Glenn_01.01.2003-06.21.2013.csv,Glenn,39.7325,-122.1233,W003,2013-09-18 13:29:54,397325N1221233W003,22N02W30H004M,6/14/2004,06:00,,,13.940,0.000,13.940,206.430,204.430,192.490,11.940,UNK - Unknown,Unknown,Department of Water Resources,Voluntary,6,14,2004
Glenn_01.01.2003-06.21.2013.csv,Glenn,39.7325,-122.1233,W003,2013-09-18 13:29:54,397325N1221233W003,22N02W30H004M,6/14/2004,18:00,,,13.910,0.000,13.910,206.430,204.430,192.520,11.910,UNK - Unknown,Unknown,Department of Water Resources,Voluntary,6,14,2004
Glenn_01.01.2003-06.21.2013.csv,Glenn,39.7325,-122.1233,W003,2013-09-18 13:29:54,397325N1221233W003,22N02W30H004M,7/27/2004,00:00,,,15.800,0.000,15.800,206.430,204.430,190.630,13.800,UNK - Unknown,Unknown,Department of Water Resources,Voluntary,7,27,2004
Glenn_01.01.2003-06.21.2013.csv,Glenn,39.7325,-122.1233,W003,2013-09-18 13:29:54,397325N1221233W003,22N02W30H004M,8/25/2004,00:00,,,16.500,0.000,16.500,206.430,204.430,189.930,14.500,UNK - Unknown,Unknown,Department of Water Resources,Voluntary,8,25,2004
Glenn_01.01.2003-06.21.2013.csv,Glenn,39.7325,-122.1233,W003,2013-09-18 13:29:54,397325N1221233W003,22N02W30H004M,9/21/2004,00:00,,,16.500,0.000,16.500,206.430,204.430,189.930,14.500,UNK - Unknown,Unknown,Department of Water Resources,Voluntary,9,21,2004
Glenn_01.01.2003-06.21.2013.csv,Glenn,39.7325,-122.1233,W003,2013-09-18 13:29:54,397325N1221233W003,22N02W30H004M,10/20/2004,00:00,,,16.600,0.000,16.600,206.430,204.430,189.830,14.600,UNK - Unknown,Unknown,Department of Water Resources,Voluntary,10,20,2004
Glenn_01.01.2003-06.21.2013.csv,Glenn,39.7325,-122.1233,W003,2013-09-18 13:29:54,397325N1221233W003,22N02W30H004M,11/22/2004,00:00,,,17.000,0.000,17.000,206.430,204.430,189.430,15.000,UNK - Unknown,Unknown,Department of Water Resources,Voluntary,11,22,2004
Glenn_01.01.2003-06.21.2013.csv,Glenn,39.7325,-122.1233,W003,2013-09-18 13:29:54,397325N1221233W003,22N02W30H004M,3/31/2005,00:00,,,11.800,0.000,11.800,206.430,204.430,194.630,9.800,UNK - Unknown,Unknown,Department of Water Resources,Voluntary,3,31,2005
Glenn_01.01.2003-06.21.2013.csv,Glenn,39.7325,-122.1233,W003,2013-09-18 13:29:54,397325N1221233W003,22N02W30H004M,4/28/2005,00:00,,,12.500,0.000,12.500,206.430,204.430,193.930,10.500,UNK - Unknown,Unknown,Department of Water Resources,Voluntary,4,28,2005
Glenn_01.01.2003-06.21.2013.csv,Glenn,39.7325,-122.1233,W003,2013-09-18 13:29:54,397325N1221233W003,22N02W30H004M,5/27/2005,00:00,,,13.300,0.000,13.300,206.430,204.430,193.130,11.300,UNK - Unknown,Unknown,Department of Water Resources,Voluntary,5,27,2005
Glenn_01.01.2003-06.21.2013.csv,Glenn,39.7325,-122.1233,W003,2013-09-18 13:29:54,397325N1221233W003,22N02W30H004M,6/23/2005,00:00,,,13.400,0.000,13.400,206.430,204.430,193.030,11.400,UNK - Unknown,Unknown,Department of Water Resources,Voluntary,6,23,2005
Glenn_01.01.2003-06.21.2013.csv,Glenn,39.7325,-122.1233,W003,2013-09-18 13:29:54,397325N1221233W003,22N02W30H004M,7/29/2005,00:00,,,14.800,0.000,14.800,206.430,204.430,191.630,12.800,UNK - Unknown,Unknown,Department of Water Resources,Voluntary,7,29,2005
Glenn_01.01.2003-06.21.2013.csv,Glenn,39.7325,-122.1233,W003,2013-09-18 13:29:54,397325N1221233W003,22N02W30H004M,8/26/2005,00:00,,,15.000,0.000,15.000,206.430,204.430,191.430,13.000,UNK - Unknown,Unknown,Department of Water Resources,Voluntary,8,26,2005
Glenn_01.01.2003-06.21.2013.csv,Glenn,39.7325,-122.1233,W003,2013-09-18 13:29:54,397325N1221233W003,22N02W30H004M,9/29/2005,00:00,,,16.100,0.000,16.100,206.430,204.430,190.330,14.100,UNK - Unknown,Unknown,Department of Water Resources,Voluntary,9,29,2005
Glenn_01.01.2003-06.21.2013.csv,Glenn,39.7325,-122.1233,W003,2013-09-18 13:29:54,397325N1221233W003,22N02W30H004M,10/21/2005,00:00,,,16.600,0.000,16.600,206.430,204.430,189.830,14.600,UNK - Unknown,Unknown,Department of Water Resources,Voluntary,10,21,2005
Glenn_01.01.2003-06.21.2013.csv,Glenn,39.7325,-122.1233,W003,2013-09-18 13:29:54,397325N1221233W003,22N02W30H004M,3/29/2006,00:00,,,11.200,0.000,11.200,206.430,204.430,195.230,9.200,UNK - Unknown,Unknown,Department of Water Resources,Voluntary,3,29,2006
Glenn_01.01.2003-06.21.2013.csv,Glenn,39.7325,-122.1233,W003,2013-09-18 13:29:54,397325N1221233W003,22N02W30H004M,5/23/2006,00:00,,,10.920,0.000,10.920,206.430,204.430,195.510,8.920,UNK - Unknown,Unknown,Department of Water Resources,Voluntary,5,23,2006
Glenn_01.01.2003-06.21.2013.csv,Glenn,39.7325,-122.1233,W003,2013-09-18 13:29:54,397325N1221233W003,22N02W30H004M,8/3/2006,00:00,,,14.600,0.000,14.600,206.430,204.430,191.830,12.600,UNK - Unknown,Unknown,Department of Water Resources,Voluntary,8,3,2006
Glenn_01.01.2003-06.21.2013.csv,Glenn,39.7325,-122.1233,W003,2013-09-18 13:29:54,397325N1221233W003,22N02W30H004M,10/12/2006,00:00,,,16.000,0.000,16.000,206.430,204.430,190.430,14.000,UNK - Unknown,Unknown,Department of Water Resources,Voluntary,10,12,2006
Glenn_01.01.2003-06.21.2013.csv,Glenn,39.7325,-122.1233,W003,2013-09-18 13:29:54,397325N1221233W003,22N02W30H004M,3/20/2007,00:00,,,18.600,0.000,18.600,206.430,204.430,187.830,16.600,UNK - Unknown,Unknown,Department of Water Resources,Voluntary,3,20,2007
Glenn_01.01.2003-06.21.2013.csv,Glenn,39.7325,-122.1233,W003,2013-09-18 13:29:54,397325N1221233W003,22N02W30H004M,5/3/2007,00:00,,,19.360,0.000,19.360,206.430,204.430,187.070,17.360,UNK - Unknown,Unknown,Department of Water Resources,Voluntary,5,3,2007
Glenn_01.01.2003-06.21.2013.csv,Glenn,39.7325,-122.1233,W003,2013-09-18 13:29:54,397325N1221233W003,22N02W30H004M,5/18/2007,00:00,,,19.800,0.000,19.800,206.430,204.430,186.630,17.800,UNK - Unknown,Unknown,Department of Water Resources,Voluntary,5,18,2007
Glenn_01.01.2003-06.21.2013.csv,Glenn,39.7325,-122.1233,W003,2013-09-18 13:29:54,397325N1221233W003,22N02W30H004M,5/30/2007,00:00,,,20.000,0.000,20.000,206.430,204.430,186.430,18.000,UNK - Unknown,Unknown,Department of Water Resources,Voluntary,5,30,2007
Glenn_01.01.2003-06.21.2013.csv,Glenn,39.7325,-122.1233,W003,2013-09-18 13:29:54,397325N1221233W003,22N02W30H004M,6/20/2007,00:00,,,20.800,0.000,20.800,206.430,204.430,185.630,18.800,UNK - Unknown,Unknown,Department of Water Resources,Voluntary,6,20,2007
Glenn_01.01.2003-06.21.2013.csv,Glenn,39.7325,-122.1233,W003,2013-09-18 13:29:54,397325N1221233W003,22N02W30H004M,8/9/2007,00:00,,,21.380,0.000,21.380,206.430,204.430,185.050,19.380,UNK - Unknown,Unknown,Department of Water Resources,Voluntary,8,9,2007
Glenn_01.01.2003-06.21.2013.csv,Glenn,39.7325,-122.1233,W003,2013-09-18 13:29:54,397325N1221233W003,22N02W30H004M,10/15/2007,00:00,,,20.110,0.000,20.110,206.430,204.430,186.320,18.110,UNK - Unknown,Unknown,Department of Water Resources,Voluntary,10,15,2007
Glenn_01.01.2003-06.21.2013.csv,Glenn,39.7325,-122.1233,W003,2013-09-18 13:29:54,397325N1221233W003,22N02W30H004M,1/15/2008,00:00,,,21.920,0.000,21.920,206.430,204.430,184.510,19.920,UNK - Unknown,Unknown,Department of Water Resources,Voluntary,1,15,2008
Glenn_01.01.2003-06.21.2013.csv,Glenn,39.7325,-122.1233,W003,2013-09-18 13:29:54,397325N1221233W003,22N02W30H004M,3/13/2008,00:00,,,16.080,0.000,16.080,206.430,204.430,190.350,14.080,UNK - Unknown,Unknown,Department of Water Resources,Voluntary,3,13,2008
Glenn_01.01.2003-06.21.2013.csv,Glenn,39.7325,-122.1233,W003,2013-09-18 13:29:54,397325N1221233W003,22N02W30H004M,7/25/2008,00:00,,,19.340,0.000,19.340,206.430,204.430,187.090,17.340,UNK - Unknown,Unknown,Department of Water Resources,Voluntary,7,25,2008
Glenn_01.01.2003-06.21.2013.csv,Glenn,39.7325,-122.1233,W003,2013-09-18 13:29:54,397325N1221233W003,22N02W30H004M,8/5/2008,00:00,,,19.870,0.000,19.870,206.430,204.430,186.560,17.870,UNK - Unknown,Unknown,Department of Water Resources,Voluntary,8,5,2008
Glenn_01.01.2003-06.21.2013.csv,Glenn,39.7325,-122.1233,W003,2013-09-18 13:29:54,397325N1221233W003,22N02W30H004M,10/22/2008,00:00,,,20.500,0.000,20.500,206.430,204.430,185.930,18.500,UNK - Unknown,Unknown,Department of Water Resources,Voluntary,10,22,2008
Glenn_01.01.2003-06.21.2013.csv,Glenn,39.7325,-122.1233,W003,2013-09-18 13:29:54,397325N1221233W003,22N02W30H004M,1/12/2009,00:00,,,21.680,0.000,21.680,206.430,204.430,184.750,19.680,UNK - Unknown,Unknown,Department of Water Resources,Voluntary,1,12,2009
Glenn_01.01.2003-06.21.2013.csv,Glenn,39.7325,-122.1233,W003,2013-09-18 13:29:54,397325N1221233W003,22N02W30H004M,2/3/2009,00:00,,,22.020,0.000,22.020,206.430,204.430,184.410,20.020,UNK - Unknown,Unknown,Department of Water Resources,Voluntary,2,3,2009
Glenn_01.01.2003-06.21.2013.csv,Glenn,39.7325,-122.1233,W003,2013-09-18 13:29:54,397325N1221233W003,22N02W30H004M,2/26/2009,00:00,,,18.720,0.000,18.720,206.430,204.430,187.710,16.720,UNK - Unknown,Unknown,Department of Water Resources,Voluntary,2,26,2009
Glenn_01.01.2003-06.21.2013.csv,Glenn,39.7325,-122.1233,W003,2013-09-18 13:29:54,397325N1221233W003,22N02W30H004M,3/23/2009,00:00,,,16.930,0.000,16.930,206.430,204.430,189.500,14.930,UNK - Unknown,Unknown,Department of Water Resources,Voluntary,3,23,2009
Glenn_01.01.2003-06.21.2013.csv,Glenn,39.7325,-122.1233,W003,2013-09-18 13:29:54,397325N1221233W003,22N02W30H004M,5/15/2009,00:00,,2 - Nearby pump operating,18.930,0.000,18.930,206.430,204.430,187.500,16.930,UNK - Unknown,Unknown,Department of Water Resources,Voluntary,5,15,2009
Glenn_01.01.2003-06.21.2013.csv,Glenn,39.7325,-122.1233,W003,2013-09-18 13:29:54,397325N1221233W003,22N02W30H004M,6/24/2009,00:00,,2 - Nearby pump operating,20.800,0.000,20.800,206.430,204.430,185.630,18.800,UNK - Unknown,Unknown,Department of Water Resources,Voluntary,6,24,2009
Glenn_01.01.2003-06.21.2013.csv,Glenn,39.7325,-122.1233,W003,2013-09-18 13:29:54,397325N1221233W003,22N02W30H004M,8/6/2009,00:00,,2 - Nearby pump operating,22.490,0.000,22.490,206.430,204.430,183.940,20.490,UNK - Unknown,Unknown,Department of Water Resources,Voluntary,8,6,2009
Glenn_01.01.2003-06.21.2013.csv,Glenn,39.7325,-122.1233,W003,2013-09-18 13:29:54,397325N1221233W003,22N02W30H004M,9/16/2009,00:00,,2 - Nearby pump operating,22.950,0.000,22.950,206.430,204.430,183.480,20.950,UNK - Unknown,Unknown,Department of Water Resources,Voluntary,9,16,2009
Glenn_01.01.2003-06.21.2013.csv,Glenn,39.7325,-122.1233,W003,2013-09-18 13:29:54,397325N1221233W003,22N02W30H004M,10/23/2009,00:00,,,22.260,0.000,22.260,206.430,204.430,184.170,20.260,UNK - Unknown,Unknown,Department of Water Resources,Voluntary,10,23,2009
Glenn_01.01.2003-06.21.2013.csv,Glenn,39.7325,-122.1233,W003,2013-09-18 13:29:54,397325N1221233W003,22N02W30H004M,3/24/2010,00:00,,,14.850,0.000,14.850,206.430,204.430,191.580,12.850,UNK - Unknown,Unknown,Department of Water Resources,Voluntary,3,24,2010
Glenn_01.01.2003-06.21.2013.csv,Glenn,39.7325,-122.1233,W003,2013-09-18 13:29:54,397325N1221233W003,22N02W30H004M,8/2/2010,00:00,,,19.680,0.000,19.680,206.430,204.430,186.750,17.680,UNK - Unknown,Unknown,Department of Water Resources,Voluntary,8,2,2010
Glenn_01.01.2003-06.21.2013.csv,Glenn,39.7325,-122.1233,W003,2013-09-18 13:29:54,397325N1221233W003,22N02W30H004M,10/18/2010,00:00,,,19.320,0.000,19.320,206.430,204.430,187.110,17.320,UNK - Unknown,Unknown,Department of Water Resources,Voluntary,10,18,2010
Glenn_01.01.2003-06.21.2013.csv,Glenn,39.7325,-122.1233,W003,2013-09-18 13:29:54,397325N1221233W003,22N02W30H004M,1/20/2011,00:00,,,17.760,0.000,17.760,206.430,204.430,188.670,15.760,UNK - Unknown,Unknown,Department of Water Resources,Voluntary,1,20,2011
Glenn_01.01.2003-06.21.2013.csv,Glenn,39.7325,-122.1233,W003,2013-09-18 13:29:54,397325N1221233W003,22N02W30H004M,2/2/2011,00:00,,,17.800,0.000,17.800,206.430,204.430,188.630,15.800,UNK - Unknown,Unknown,Department of Water Resources,Voluntary,2,2,2011
Glenn_01.01.2003-06.21.2013.csv,Glenn,39.7325,-122.1233,W003,2013-09-18 13:29:54,397325N1221233W003,22N02W30H004M,2/11/2011,00:00,,,17.850,0.000,17.850,206.430,204.430,188.580,15.850,UNK - Unknown,Unknown,Department of Water Resources,Voluntary,2,11,2011
Glenn_01.01.2003-06.21.2013.csv,Glenn,39.7325,-122.1233,W003,2013-09-18 13:29:54,397325N1221233W003,22N02W30H004M,2/14/2011,00:00,,,17.920,0.000,17.920,206.430,204.430,188.510,15.920,UNK - Unknown,Unknown,Department of Water Resources,Voluntary,2,14,2011
Glenn_01.01.2003-06.21.2013.csv,Glenn,39.7325,-122.1233,W003,2013-09-18 13:29:54,397325N1221233W003,22N02W30H004M,2/23/2011,00:00,,,17.830,0.000,17.830,206.430,204.430,188.600,15.830,UNK - Unknown,Unknown,Department of Water Resources,Voluntary,2,23,2011
Glenn_01.01.2003-06.21.2013.csv,Glenn,39.7325,-122.1233,W003,2013-09-18 13:29:54,397325N1221233W003,22N02W30H004M,3/1/2011,00:00,,,17.790,0.000,17.790,206.430,204.430,188.640,15.790,UNK - Unknown,Unknown,Department of Water Resources,Voluntary,3,1,2011
Glenn_01.01.2003-06.21.2013.csv,Glenn,39.7325,-122.1233,W003,2013-09-18 13:29:54,397325N1221233W003,22N02W30H004M,3/10/2011,00:00,,,17.480,0.000,17.480,206.430,204.430,188.950,15.480,UNK - Unknown,Unknown,Department of Water Resources,Voluntary,3,10,2011
Glenn_01.01.2003-06.21.2013.csv,Glenn,39.7325,-122.1233,W003,2013-09-18 13:29:54,397325N1221233W003,22N02W30H004M,4/5/2011,00:00,,,14.810,0.000,14.810,206.430,204.430,191.620,12.810,UNK - Unknown,Unknown,Department of Water Resources,Voluntary,4,5,2011
Glenn_01.01.2003-06.21.2013.csv,Glenn,39.7325,-122.1233,W003,2013-09-18 13:29:54,397325N1221233W003,22N02W30H004M,6/17/2011,00:00,,,16.600,0.000,16.600,206.430,204.430,189.830,14.600,UNK - Unknown,Unknown,Department of Water Resources,Voluntary,REMOVED TROLL SN 1397106,17,2011
Glenn_01.01.2003-06.21.2013.csv,Glenn,39.7325,-122.1233,W003,2013-09-18 13:29:54,397325N1221233W003,22N02W30H004M,8/1/2011,00:00,,2 - Nearby pump operating,18.020,0.000,18.020,206.430,204.430,188.410,16.020,UNK - Unknown,Unknown,Department of Water Resources,Voluntary,8,1,2011
Glenn_01.01.2003-06.21.2013.csv,Glenn,39.7325,-122.1233,W003,2013-09-18 13:29:54,397325N1221233W003,22N02W30H004M,10/12/2011,00:00,,,17.980,0.000,17.980,206.430,204.430,188.450,15.980,UNK - Unknown,Unknown,Department of Water Resources,Voluntary,10,12,2011
Glenn_01.01.2003-06.21.2013.csv,Glenn,39.7325,-122.1233,W003,2013-09-18 13:29:54,397325N1221233W003,22N02W30H004M,3/21/2013,00:00,,,18.900,0.000,18.900,206.430,204.430,187.530,16.900,ES - Electric sounder measurement,0.01 Ft,Department of Water Resources,CASGEM,3,21,2013
Glenn_01.01.2003-06.21.2013.csv,Glenn,39.7372,-122.2232,W001,2013-09-18 13:29:54,397372N1222232W001,,10/15/2012,00:00,,,18.800,0.000,18.800,270.480,270.480,251.680,18.800,ES - Electric sounder measurement,0.1 Ft,Bureau of Reclamation,Voluntary,10,15,2012
Glenn_01.01.2003-06.21.2013.csv,Glenn,39.7372,-122.2232,W001,2013-09-18 13:29:54,397372N1222232W001,,4/15/2013,00:00,,,25.700,0.000,25.700,270.480,270.480,244.780,25.700,ES - Electric sounder measurement,0.1 Ft,Bureau of Reclamation,Voluntary,4,15,2013
Glenn_01.01.2003-06.21.2013.csv,Glenn,39.7372,-122.2232,W001,2013-09-18 13:29:54,397372N1222232W001,,4/7/2003,00:00,,,22.000,0.000,22.000,270.480,270.480,248.480,22.000,UNK - Unknown,Unknown,Department of Water Resources,Voluntary,4,7,2003
Glenn_01.01.2003-06.21.2013.csv,Glenn,39.7372,-122.2232,W001,2013-09-18 13:29:54,397372N1222232W001,,10/14/2003,00:00,,,21.000,0.000,21.000,270.480,270.480,249.480,21.000,UNK - Unknown,Unknown,Bureau of Reclamation,Voluntary,10,14,2003
Glenn_01.01.2003-06.21.2013.csv,Glenn,39.7372,-122.2232,W001,2013-09-18 13:29:54,397372N1222232W001,,4/1/2004,00:00,,,20.200,0.000,20.200,270.480,270.480,250.280,20.200,UNK - Unknown,Unknown,Bureau of Reclamation,Voluntary,4,1,2004
Glenn_01.01.2003-06.21.2013.csv,Glenn,39.7372,-122.2232,W001,2013-09-18 13:29:54,397372N1222232W001,,11/5/2004,00:00,,,22.300,0.000,22.300,270.480,270.480,248.180,22.300,UNK - Unknown,Unknown,Bureau of Reclamation,Voluntary,11,5,2004
Glenn_01.01.2003-06.21.2013.csv,Glenn,39.7372,-122.2232,W001,2013-09-18 13:29:54,397372N1222232W001,,4/14/2005,00:00,,,22.600,0.000,22.600,270.480,270.480,247.880,22.600,UNK - Unknown,Unknown,Bureau of Reclamation,Voluntary,4,14,2005
Glenn_01.01.2003-06.21.2013.csv,Glenn,39.7372,-122.2232,W001,2013-09-18 13:29:54,397372N1222232W001,,10/18/2005,00:00,,,20.100,0.000,20.100,270.480,270.480,250.380,20.100,UNK - Unknown,Unknown,Bureau of Reclamation,Voluntary,10,18,2005
Glenn_01.01.2003-06.21.2013.csv,Glenn,39.7372,-122.2232,W001,2013-09-18 13:29:54,397372N1222232W001,,3/30/2006,00:00,,,21.400,0.000,21.400,270.480,270.480,249.080,21.400,UNK - Unknown,Unknown,Bureau of Reclamation,Voluntary,3,30,2006
Glenn_01.01.2003-06.21.2013.csv,Glenn,39.7372,-122.2232,W001,2013-09-18 13:29:54,397372N1222232W001,,3/28/2007,00:00,,,28.400,0.000,28.400,270.480,270.480,242.080,28.400,UNK - Unknown,Unknown,Bureau of Reclamation,Voluntary,DOUBLE-CHECKED3,28,2007
Glenn_01.01.2003-06.21.2013.csv,Glenn,39.7372,-122.2232,W001,2013-09-18 13:29:54,397372N1222232W001,,10/17/2006,00:00,,,20.400,0.000,20.400,270.480,270.480,250.080,20.400,UNK - Unknown,Unknown,Bureau of Reclamation,Voluntary,10,17,2006
Glenn_01.01.2003-06.21.2013.csv,Glenn,39.7372,-122.2232,W001,2013-09-18 13:29:54,397372N1222232W001,,10/23/2007,00:00,,,20.600,0.000,20.600,270.480,270.480,249.880,20.600,UNK - Unknown,Unknown,Bureau of Reclamation,Voluntary,10,23,2007
Glenn_01.01.2003-06.21.2013.csv,Glenn,39.7372,-122.2232,W001,2013-09-18 13:29:54,397372N1222232W001,,3/14/2008,00:00,,,22.800,0.000,22.800,270.480,270.480,247.680,22.800,UNK - Unknown,Unknown,Bureau of Reclamation,Voluntary,3,14,2008
Glenn_01.01.2003-06.21.2013.csv,Glenn,39.7372,-122.2232,W001,2013-09-18 13:29:54,397372N1222232W001,,9/30/2008,00:00,,,19.300,0.000,19.300,270.480,270.480,251.180,19.300,UNK - Unknown,Unknown,Bureau of Reclamation,Voluntary,9,30,2008
Glenn_01.01.2003-06.21.2013.csv,Glenn,39.7372,-122.2232,W001,2013-09-18 13:29:54,397372N1222232W001,,3/23/2009,00:00,,,23.000,0.000,23.000,270.480,270.480,247.480,23.000,UNK - Unknown,Unknown,Bureau of Reclamation,Voluntary,3,23,2009
Glenn_01.01.2003-06.21.2013.csv,Glenn,39.7372,-122.2232,W001,2013-09-18 13:29:54,397372N1222232W001,,10/20/2009,00:00,,,21.100,0.000,21.100,270.480,270.480,249.380,21.100,UNK - Unknown,Unknown,Bureau of Reclamation,Voluntary,10,20,2009
Glenn_01.01.2003-06.21.2013.csv,Glenn,39.7372,-122.2232,W001,2013-09-18 13:29:54,397372N1222232W001,,4/8/2010,00:00,,,21.500,0.000,21.500,270.480,270.480,248.980,21.500,UNK - Unknown,Unknown,Bureau of Reclamation,Voluntary,4,8,2010
Glenn_01.01.2003-06.21.2013.csv,Glenn,39.7372,-122.2232,W001,2013-09-18 13:29:54,397372N1222232W001,,10/18/2010,00:00,,,19.600,0.000,19.600,270.480,270.480,250.880,19.600,UNK - Unknown,Unknown,Bureau of Reclamation,Voluntary,10,18,2010
Glenn_01.01.2003-06.21.2013.csv,Glenn,39.7372,-122.2232,W001,2013-09-18 13:29:54,397372N1222232W001,,4/4/2011,00:00,,,24.000,0.000,24.000,270.480,270.480,246.480,24.000,UNK - Unknown,Unknown,Bureau of Reclamation,Voluntary,4,4,2011
Glenn_01.01.2003-06.21.2013.csv,Glenn,39.7372,-122.2232,W001,2013-09-18 13:29:54,397372N1222232W001,,10/11/2011,00:00,,,20.000,0.000,20.000,270.480,270.480,250.480,20.000,UNK - Unknown,Unknown,Bureau of Reclamation,Voluntary,10,11,2011
Glenn_01.01.2003-06.21.2013.csv,Glenn,39.7372,-122.2232,W001,2013-09-18 13:29:54,397372N1222232W001,,3/26/2012,00:00,,,29.500,0.000,29.500,270.480,270.480,240.980,29.500,UNK - Unknown,Unknown,Bureau of Reclamation,Voluntary,3,26,2012
Glenn_01.01.2003-06.21.2013.csv,Glenn,39.7381,-122.1953,W001,2013-09-18 13:29:54,397381N1221953W001,Railroad Ave. Well,10/24/2011,00:00,,,36.600,0.000,36.600,252.160,250.460,215.560,34.900,ES - Electric sounder measurement,0.01 Ft,Department of Water Resources,Voluntary,10,24,2011
Glenn_01.01.2003-06.21.2013.csv,Glenn,39.7381,-122.1953,W001,2013-09-18 13:29:54,397381N1221953W001,Railroad Ave. Well,3/26/2012,00:00,9 - Temporarily inaccessible,,NULL,NULL,NULL,252.160,250.460,NULL,NULL,,,Department of Water Resources,Voluntary,3,26,2012
Glenn_01.01.2003-06.21.2013.csv,Glenn,39.7395,-122.2484,W001,2013-09-18 13:29:54,397395N1222484W001,22N03W30C001M,10/12/2011,00:00,,,110.910,0.000,110.910,287.990,287.490,177.080,110.410,ES - Electric sounder measurement,0.01 Ft,Department of Water Resources,Voluntary,10,12,2011
Glenn_01.01.2003-06.21.2013.csv,Glenn,39.7395,-122.2484,W001,2013-09-18 13:29:54,397395N1222484W001,22N03W30C001M,3/26/2012,00:00,,,112.000,2.200,109.800,287.990,287.490,178.190,109.300,ES - Electric sounder measurement,0.01 Ft,Department of Water Resources,Voluntary,3,26,2012
Glenn_01.01.2003-06.21.2013.csv,Glenn,39.7395,-122.2484,W001,2013-09-18 13:29:54,397395N1222484W001,22N03W30C001M,8/1/2012,00:00,,,117.420,0.000,117.420,287.990,287.490,170.570,116.920,ES - Electric sounder measurement,0.01 Ft,Department of Water Resources,Voluntary,8,1,2012
Glenn_01.01.2003-06.21.2013.csv,Glenn,39.7395,-122.2484,W001,2013-09-18 13:29:54,397395N1222484W001,22N03W30C001M,10/17/2012,00:00,,,116.340,0.000,116.340,287.990,287.490,171.650,115.840,ES - Electric sounder measurement,0.01 Ft,Department of Water Resources,Voluntary,10,17,2012
Glenn_01.01.2003-06.21.2013.csv,Glenn,39.7395,-122.2484,W001,2013-09-18 13:29:54,397395N1222484W001,22N03W30C001M,3/10/2003,00:00,,4 - Pumped recently,93.500,0.000,93.500,287.990,287.490,194.490,93.000,UNK - Unknown,Unknown,Department of Water Resources,Voluntary,3,10,2003
Glenn_01.01.2003-06.21.2013.csv,Glenn,39.7395,-122.2484,W001,2013-09-18 13:29:54,397395N1222484W001,22N03W30C001M,4/8/2003,00:00,,,92.800,0.000,92.800,287.990,287.490,195.190,92.300,UNK - Unknown,Unknown,Department of Water Resources,Voluntary,4,8,2003
Glenn_01.01.2003-06.21.2013.csv,Glenn,39.7395,-122.2484,W001,2013-09-18 13:29:54,397395N1222484W001,22N03W30C001M,5/21/2003,00:00,,,95.400,0.000,95.400,287.990,287.490,192.590,94.900,UNK - Unknown,Unknown,Department of Water Resources,Voluntary,5,21,2003
Glenn_01.01.2003-06.21.2013.csv,Glenn,39.7395,-122.2484,W001,2013-09-18 13:29:54,397395N1222484W001,22N03W30C001M,6/25/2003,00:00,,,93.900,0.000,93.900,287.990,287.490,194.090,93.400,UNK - Unknown,Unknown,Department of Water Resources,Voluntary,6,25,2003
Glenn_01.01.2003-06.21.2013.csv,Glenn,39.7395,-122.2484,W001,2013-09-18 13:29:54,397395N1222484W001,22N03W30C001M,7/30/2003,00:00,,,107.300,0.000,107.300,287.990,287.490,180.690,106.800,UNK - Unknown,Unknown,Department of Water Resources,Voluntary,7,30,2003
Glenn_01.01.2003-06.21.2013.csv,Glenn,39.7395,-122.2484,W001,2013-09-18 13:29:54,397395N1222484W001,22N03W30C001M,8/27/2003,00:00,,4 - Pumped recently,109.200,0.000,109.200,287.990,287.490,178.790,108.700,UNK - Unknown,Unknown,Department of Water Resources,Voluntary,8,27,2003
Glenn_01.01.2003-06.21.2013.csv,Glenn,39.7395,-122.2484,W001,2013-09-18 13:29:54,397395N1222484W001,22N03W30C001M,9/17/2003,00:00,,,95.600,0.000,95.600,287.990,287.490,192.390,95.100,UNK - Unknown,Unknown,Department of Water Resources,Voluntary,9,17,2003
Glenn_01.01.2003-06.21.2013.csv,Glenn,39.7395,-122.2484,W001,2013-09-18 13:29:54,397395N1222484W001,22N03W30C001M,10/16/2003,00:00,,,97.100,0.000,97.100,287.990,287.490,190.890,96.600,UNK - Unknown,Unknown,Department of Water Resources,Voluntary,10,16,2003
Glenn_01.01.2003-06.21.2013.csv,Glenn,39.7395,-122.2484,W001,2013-09-18 13:29:54,397395N1222484W001,22N03W30C001M,11/17/2003,00:00,,,95.400,0.000,95.400,287.990,287.490,192.590,94.900,UNK - Unknown,Unknown,Department of Water Resources,Voluntary,11,17,2003
Glenn_01.01.2003-06.21.2013.csv,Glenn,39.7395,-122.2484,W001,2013-09-18 13:29:54,397395N1222484W001,22N03W30C001M,3/31/2004,00:00,,,101.700,0.000,101.700,287.990,287.490,186.290,101.200,UNK - Unknown,Unknown,Department of Water Resources,Voluntary,3,31,2004
Glenn_01.01.2003-06.21.2013.csv,Glenn,39.7395,-122.2484,W001,2013-09-18 13:29:54,397395N1222484W001,22N03W30C001M,4/26/2004,00:00,,,92.300,0.000,92.300,287.990,287.490,195.690,91.800,UNK - Unknown,Unknown,Department of Water Resources,Voluntary,4,26,2004
Glenn_01.01.2003-06.21.2013.csv,Glenn,39.7395,-122.2484,W001,2013-09-18 13:29:54,397395N1222484W001,22N03W30C001M,5/24/2004,00:00,,,93.000,0.000,93.000,287.990,287.490,194.990,92.500,UNK - Unknown,Unknown,Department of Water Resources,Voluntary,5,24,2004
Glenn_01.01.2003-06.21.2013.csv,Glenn,39.7395,-122.2484,W001,2013-09-18 13:29:54,397395N1222484W001,22N03W30C001M,6/21/2004,00:00,,,93.600,0.000,93.600,287.990,287.490,194.390,93.100,UNK - Unknown,Unknown,Department of Water Resources,Voluntary,6,21,2004
Glenn_01.01.2003-06.21.2013.csv,Glenn,39.7395,-122.2484,W001,2013-09-18 13:29:54,397395N1222484W001,22N03W30C001M,7/26/2004,00:00,,,94.800,0.000,94.800,287.990,287.490,193.190,94.300,UNK - Unknown,Unknown,Department of Water Resources,Voluntary,7,26,2004
Glenn_01.01.2003-06.21.2013.csv,Glenn,39.7395,-122.2484,W001,2013-09-18 13:29:54,397395N1222484W001,22N03W30C001M,8/25/2004,00:00,,,95.500,0.000,95.500,287.990,287.490,192.490,95.000,UNK - Unknown,Unknown,Department of Water Resources,Voluntary,8,25,2004
Glenn_01.01.2003-06.21.2013.csv,Glenn,39.7395,-122.2484,W001,2013-09-18 13:29:54,397395N1222484W001,22N03W30C001M,9/22/2004,00:00,,,95.800,0.000,95.800,287.990,287.490,192.190,95.300,UNK - Unknown,Unknown,Department of Water Resources,Voluntary,9,22,2004
Glenn_01.01.2003-06.21.2013.csv,Glenn,39.7395,-122.2484,W001,2013-09-18 13:29:54,397395N1222484W001,22N03W30C001M,10/18/2004,00:00,,,95.500,0.000,95.500,287.990,287.490,192.490,95.000,UNK - Unknown,Unknown,Department of Water Resources,Voluntary,10,18,2004
Glenn_01.01.2003-06.21.2013.csv,Glenn,39.7395,-122.2484,W001,2013-09-18 13:29:54,397395N1222484W001,22N03W30C001M,11/16/2004,00:00,,,95.700,0.000,95.700,287.990,287.490,192.290,95.200,UNK - Unknown,Unknown,Department of Water Resources,Voluntary,11,16,2004
Glenn_01.01.2003-06.21.2013.csv,Glenn,39.7395,-122.2484,W001,2013-09-18 13:29:54,397395N1222484W001,22N03W30C001M,3/29/2005,00:00,,,92.600,0.000,92.600,287.990,287.490,195.390,92.100,UNK - Unknown,Unknown,Department of Water Resources,Voluntary,3,29,2005
Glenn_01.01.2003-06.21.2013.csv,Glenn,39.7395,-122.2484,W001,2013-09-18 13:29:54,397395N1222484W001,22N03W30C001M,4/28/2005,00:00,,,92.200,0.000,92.200,287.990,287.490,195.790,91.700,UNK - Unknown,Unknown,Department of Water Resources,Voluntary,4,28,2005
Glenn_01.01.2003-06.21.2013.csv,Glenn,39.7395,-122.2484,W001,2013-09-18 13:29:54,397395N1222484W001,22N03W30C001M,5/25/2005,00:00,,,91.900,0.000,91.900,287.990,287.490,196.090,91.400,UNK - Unknown,Unknown,Department of Water Resources,Voluntary,5,25,2005
Glenn_01.01.2003-06.21.2013.csv,Glenn,39.7395,-122.2484,W001,2013-09-18 13:29:54,397395N1222484W001,22N03W30C001M,6/24/2005,00:00,,,93.000,0.000,93.000,287.990,287.490,194.990,92.500,UNK - Unknown,Unknown,Department of Water Resources,Voluntary,6,24,2005
Glenn_01.01.2003-06.21.2013.csv,Glenn,39.7395,-122.2484,W001,2013-09-18 13:29:54,397395N1222484W001,22N03W30C001M,7/27/2005,00:00,,,94.100,0.000,94.100,287.990,287.490,193.890,93.600,UNK - Unknown,Unknown,Department of Water Resources,Voluntary,7,27,2005
Glenn_01.01.2003-06.21.2013.csv,Glenn,39.7395,-122.2484,W001,2013-09-18 13:29:54,397395N1222484W001,22N03W30C001M,8/24/2005,00:00,,,94.500,0.000,94.500,287.990,287.490,193.490,94.000,UNK - Unknown,Unknown,Department of Water Resources,Voluntary,8,24,2005
Glenn_01.01.2003-06.21.2013.csv,Glenn,39.7395,-122.2484,W001,2013-09-18 13:29:54,397395N1222484W001,22N03W30C001M,9/30/2005,00:00,,,94.700,0.000,94.700,287.990,287.490,193.290,94.200,UNK - Unknown,Unknown,Department of Water Resources,Voluntary,9,30,2005
Glenn_01.01.2003-06.21.2013.csv,Glenn,39.7395,-122.2484,W001,2013-09-18 13:29:54,397395N1222484W001,22N03W30C001M,10/19/2005,00:00,,,94.800,0.000,94.800,287.990,287.490,193.190,94.300,UNK - Unknown,Unknown,Department of Water Resources,Voluntary,10,19,2005
Glenn_01.01.2003-06.21.2013.csv,Glenn,39.7395,-122.2484,W001,2013-09-18 13:29:54,397395N1222484W001,22N03W30C001M,3/28/2006,00:00,,,91.600,0.000,91.600,287.990,287.490,196.390,91.100,UNK - Unknown,Unknown,Department of Water Resources,Voluntary,3,28,2006
Glenn_01.01.2003-06.21.2013.csv,Glenn,39.7395,-122.2484,W001,2013-09-18 13:29:54,397395N1222484W001,22N03W30C001M,5/18/2006,00:00,,,96.500,0.000,96.500,287.990,287.490,191.490,96.000,UNK - Unknown,Unknown,Department of Water Resources,Voluntary,5,18,2006
Glenn_01.01.2003-06.21.2013.csv,Glenn,39.7395,-122.2484,W001,2013-09-18 13:29:54,397395N1222484W001,22N03W30C001M,8/2/2006,00:00,,,94.200,0.000,94.200,287.990,287.490,193.790,93.700,UNK - Unknown,Unknown,Department of Water Resources,Voluntary,8,2,2006
Glenn_01.01.2003-06.21.2013.csv,Glenn,39.7395,-122.2484,W001,2013-09-18 13:29:54,397395N1222484W001,22N03W30C001M,10/10/2006,00:00,,,94.700,0.000,94.700,287.990,287.490,193.290,94.200,UNK - Unknown,Unknown,Department of Water Resources,Voluntary,10,10,2006
Glenn_01.01.2003-06.21.2013.csv,Glenn,39.7395,-122.2484,W001,2013-09-18 13:29:54,397395N1222484W001,22N03W30C001M,3/19/2007,00:00,,,96.850,0.000,96.850,287.990,287.490,191.140,96.350,UNK - Unknown,Unknown,Department of Water Resources,Voluntary,3,19,2007
Glenn_01.01.2003-06.21.2013.csv,Glenn,39.7395,-122.2484,W001,2013-09-18 13:29:54,397395N1222484W001,22N03W30C001M,8/6/2007,00:00,,,97.340,0.000,97.340,287.990,287.490,190.650,96.840,UNK - Unknown,Unknown,Department of Water Resources,Voluntary,8,6,2007
Glenn_01.01.2003-06.21.2013.csv,Glenn,39.7395,-122.2484,W001,2013-09-18 13:29:54,397395N1222484W001,22N03W30C001M,3/13/2008,00:00,,,95.220,0.000,95.220,287.990,287.490,192.770,94.720,UNK - Unknown,Unknown,Department of Water Resources,Voluntary,3,13,2008
Glenn_01.01.2003-06.21.2013.csv,Glenn,39.7395,-122.2484,W001,2013-09-18 13:29:54,397395N1222484W001,22N03W30C001M,8/5/2008,00:00,,,93.080,0.000,93.080,287.990,287.490,194.910,92.580,UNK - Unknown,Unknown,Department of Water Resources,Voluntary,8,5,2008
Glenn_01.01.2003-06.21.2013.csv,Glenn,39.7395,-122.2484,W001,2013-09-18 13:29:54,397395N1222484W001,22N03W30C001M,10/23/2008,00:00,,,99.080,0.000,99.080,287.990,287.490,188.910,98.580,UNK - Unknown,Unknown,Department of Water Resources,Voluntary,10,23,2008
Glenn_01.01.2003-06.21.2013.csv,Glenn,39.7395,-122.2484,W001,2013-09-18 13:29:54,397395N1222484W001,22N03W30C001M,1/13/2009,00:00,,,98.320,0.000,98.320,287.990,287.490,189.670,97.820,UNK - Unknown,Unknown,Department of Water Resources,Voluntary,1,13,2009
Glenn_01.01.2003-06.21.2013.csv,Glenn,39.7395,-122.2484,W001,2013-09-18 13:29:54,397395N1222484W001,22N03W30C001M,3/23/2009,00:00,,,98.110,0.000,98.110,287.990,287.490,189.880,97.610,UNK - Unknown,Unknown,Department of Water Resources,Voluntary,3,23,2009
Glenn_01.01.2003-06.21.2013.csv,Glenn,39.7395,-122.2484,W001,2013-09-18 13:29:54,397395N1222484W001,22N03W30C001M,5/13/2009,00:00,,,99.000,0.000,99.000,287.990,287.490,188.990,98.500,UNK - Unknown,Unknown,Department of Water Resources,Voluntary,5,13,2009
Glenn_01.01.2003-06.21.2013.csv,Glenn,39.7395,-122.2484,W001,2013-09-18 13:29:54,397395N1222484W001,22N03W30C001M,6/24/2009,00:00,,1 - Pumping,104.000,0.000,104.000,287.990,287.490,183.990,103.500,UNK - Unknown,Unknown,Department of Water Resources,Voluntary,6,24,2009
Glenn_01.01.2003-06.21.2013.csv,Glenn,39.7395,-122.2484,W001,2013-09-18 13:29:54,397395N1222484W001,22N03W30C001M,8/5/2009,00:00,,,101.660,0.000,101.660,287.990,287.490,186.330,101.160,UNK - Unknown,Unknown,Department of Water Resources,Voluntary,8,5,2009
Glenn_01.01.2003-06.21.2013.csv,Glenn,39.7395,-122.2484,W001,2013-09-18 13:29:54,397395N1222484W001,22N03W30C001M,9/15/2009,00:00,,,104.940,0.000,104.940,287.990,287.490,183.050,104.440,UNK - Unknown,Unknown,Department of Water Resources,Voluntary,9,15,2009
Glenn_01.01.2003-06.21.2013.csv,Glenn,39.7395,-122.2484,W001,2013-09-18 13:29:54,397395N1222484W001,22N03W30C001M,10/23/2009,00:00,,,105.610,0.000,105.610,287.990,287.490,182.380,105.110,UNK - Unknown,Unknown,Department of Water Resources,Voluntary,10,23,2009
Glenn_01.01.2003-06.21.2013.csv,Glenn,39.7395,-122.2484,W001,2013-09-18 13:29:54,397395N1222484W001,22N03W30C001M,3/22/2010,00:00,,,102.100,0.000,102.100,287.990,287.490,185.890,101.600,UNK - Unknown,Unknown,Department of Water Resources,Voluntary,3,22,2010
Glenn_01.01.2003-06.21.2013.csv,Glenn,39.7395,-122.2484,W001,2013-09-18 13:29:54,397395N1222484W001,22N03W30C001M,8/2/2010,00:00,,,107.840,0.000,107.840,287.990,287.490,180.150,107.340,UNK - Unknown,Unknown,Department of Water Resources,Voluntary,8,2,2010
Glenn_01.01.2003-06.21.2013.csv,Glenn,39.7395,-122.2484,W001,2013-09-18 13:29:54,397395N1222484W001,22N03W30C001M,10/18/2010,00:00,,,112.220,0.000,112.220,287.990,287.490,175.770,111.720,UNK - Unknown,Unknown,Department of Water Resources,Voluntary,10,18,2010
Glenn_01.01.2003-06.21.2013.csv,Glenn,39.7395,-122.2484,W001,2013-09-18 13:29:54,397395N1222484W001,22N03W30C001M,4/5/2011,00:00,,,107.800,0.000,107.800,287.990,287.490,180.190,107.300,UNK - Unknown,Unknown,Department of Water Resources,Voluntary,4,5,2011
Glenn_01.01.2003-06.21.2013.csv,Glenn,39.7395,-122.2484,W001,2013-09-18 13:29:54,397395N1222484W001,22N03W30C001M,8/3/2011,00:00,,,110.590,0.000,110.590,287.990,287.490,177.400,110.090,UNK - Unknown,Unknown,Department of Water Resources,Voluntary,8,3,2011
Glenn_01.01.2003-06.21.2013.csv,Glenn,39.7395,-122.2484,W001,2013-09-18 13:29:54,397395N1222484W001,22N03W30C001M,10/12/2011,00:00,,,110.910,0.000,110.910,287.990,287.490,177.080,110.410,UNK - Unknown,Unknown,Department of Water Resources,Voluntary,10,12,2011
Glenn_01.01.2003-06.21.2013.csv,Glenn,39.7395,-122.2484,W001,2013-09-18 13:29:54,397395N1222484W001,22N03W30C001M,3/19/2013,00:00,,,113.200,0.000,113.200,287.990,287.490,174.790,112.700,ES - Electric sounder measurement,0.01 Ft,Department of Water Resources,Voluntary,3,19,2013
Glenn_01.01.2003-06.21.2013.csv,Glenn,39.7398,-122.1131,W001,2013-09-18 13:29:54,397398N1221131W001,22N02W20Q001M,10/12/2011,00:00,,,15.010,0.000,15.010,201.930,201.430,186.920,14.510,ES - Electric sounder measurement,0.01 Ft,Department of Water Resources,Voluntary,10,12,2011
Glenn_01.01.2003-06.21.2013.csv,Glenn,39.7398,-122.1131,W001,2013-09-18 13:29:54,397398N1221131W001,22N02W20Q001M,3/29/2012,00:00,,,17.220,0.000,17.220,201.930,201.430,184.710,16.720,ES - Electric sounder measurement,0.01 Ft,Department of Water Resources,Voluntary,3,29,2012
Glenn_01.01.2003-06.21.2013.csv,Glenn,39.7398,-122.1131,W001,2013-09-18 13:29:54,397398N1221131W001,22N02W20Q001M,8/2/2012,00:00,,,15.960,0.000,15.960,201.930,201.430,185.970,15.460,ES - Electric sounder measurement,0.01 Ft,Department of Water Resources,Voluntary,8,2,2012
Glenn_01.01.2003-06.21.2013.csv,Glenn,39.7398,-122.1131,W001,2013-09-18 13:29:54,397398N1221131W001,22N02W20Q001M,10/17/2012,00:00,,,16.800,0.000,16.800,201.930,201.430,185.130,16.300,ES - Electric sounder measurement,0.01 Ft,Department of Water Resources,Voluntary,10,17,2012
Glenn_01.01.2003-06.21.2013.csv,Glenn,39.7398,-122.1131,W001,2013-09-18 13:29:54,397398N1221131W001,22N02W20Q001M,3/10/2003,00:00,,,12.400,0.000,12.400,201.930,201.430,189.530,11.900,UNK - Unknown,Unknown,Department of Water Resources,Voluntary,3,10,2003
Glenn_01.01.2003-06.21.2013.csv,Glenn,39.7398,-122.1131,W001,2013-09-18 13:29:54,397398N1221131W001,22N02W20Q001M,4/8/2003,00:00,,1 - Pumping,15.200,0.000,15.200,201.930,201.430,186.730,14.700,UNK - Unknown,Unknown,Department of Water Resources,Voluntary,4,8,2003
Glenn_01.01.2003-06.21.2013.csv,Glenn,39.7398,-122.1131,W001,2013-09-18 13:29:54,397398N1221131W001,22N02W20Q001M,5/21/2003,00:00,,,13.600,0.000,13.600,201.930,201.430,188.330,13.100,UNK - Unknown,Unknown,Department of Water Resources,Voluntary,5,21,2003
Glenn_01.01.2003-06.21.2013.csv,Glenn,39.7398,-122.1131,W001,2013-09-18 13:29:54,397398N1221131W001,22N02W20Q001M,6/25/2003,00:00,,1 - Pumping,17.700,0.000,17.700,201.930,201.430,184.230,17.200,UNK - Unknown,Unknown,Department of Water Resources,Voluntary,6,25,2003
Glenn_01.01.2003-06.21.2013.csv,Glenn,39.7398,-122.1131,W001,2013-09-18 13:29:54,397398N1221131W001,22N02W20Q001M,7/11/2003,00:00,,,12.600,0.000,12.600,201.930,201.430,189.330,12.100,UNK - Unknown,Unknown,Department of Water Resources,Voluntary,7,11,2003
Glenn_01.01.2003-06.21.2013.csv,Glenn,39.7398,-122.1131,W001,2013-09-18 13:29:54,397398N1221131W001,22N02W20Q001M,7/18/2003,00:00,,4 - Pumped recently,14.200,0.000,14.200,201.930,201.430,187.730,13.700,UNK - Unknown,Unknown,Department of Water Resources,Voluntary,7,18,2003
Glenn_01.01.2003-06.21.2013.csv,Glenn,39.7398,-122.1131,W001,2013-09-18 13:29:54,397398N1221131W001,22N02W20Q001M,7/24/2003,00:00,,,12.000,0.000,12.000,201.930,201.430,189.930,11.500,UNK - Unknown,Unknown,Department of Water Resources,Voluntary,7,24,2003
Glenn_01.01.2003-06.21.2013.csv,Glenn,39.7398,-122.1131,W001,2013-09-18 13:29:54,397398N1221131W001,22N02W20Q001M,7/31/2003,00:00,,,12.900,0.000,12.900,201.930,201.430,189.030,12.400,UNK - Unknown,Unknown,Department of Water Resources,Voluntary,7,31,2003
Glenn_01.01.2003-06.21.2013.csv,Glenn,39.7398,-122.1131,W001,2013-09-18 13:29:54,397398N1221131W001,22N02W20Q001M,8/27/2003,00:00,,,13.800,0.000,13.800,201.930,201.430,188.130,13.300,UNK - Unknown,Unknown,Department of Water Resources,Voluntary,8,27,2003
Glenn_01.01.2003-06.21.2013.csv,Glenn,39.7398,-122.1131,W001,2013-09-18 13:29:54,397398N1221131W001,22N02W20Q001M,8/7/2003,00:00,,,12.500,0.000,12.500,201.930,201.430,189.430,12.000,UNK - Unknown,Unknown,Department of Water Resources,Voluntary,8,7,2003
Glenn_01.01.2003-06.21.2013.csv,Glenn,39.7398,-122.1131,W001,2013-09-18 13:29:54,397398N1221131W001,22N02W20Q001M,8/14/2003,00:00,,,14.000,0.000,14.000,201.930,201.430,187.930,13.500,UNK - Unknown,Unknown,Department of Water Resources,Voluntary,8,14,2003
Glenn_01.01.2003-06.21.2013.csv,Glenn,39.7398,-122.1131,W001,2013-09-18 13:29:54,397398N1221131W001,22N02W20Q001M,8/21/2003,00:00,,,13.100,0.000,13.100,201.930,201.430,188.830,12.600,UNK - Unknown,Unknown,Department of Water Resources,Voluntary,8,21,2003
Glenn_01.01.2003-06.21.2013.csv,Glenn,39.7398,-122.1131,W001,2013-09-18 13:29:54,397398N1221131W001,22N02W20Q001M,9/4/2003,00:00,,1 - Pumping,14.600,0.000,14.600,201.930,201.430,187.330,14.100,UNK - Unknown,Unknown,Department of Water Resources,Voluntary,9,4,2003
Glenn_01.01.2003-06.21.2013.csv,Glenn,39.7398,-122.1131,W001,2013-09-18 13:29:54,397398N1221131W001,22N02W20Q001M,9/17/2003,00:00,,,12.500,0.000,12.500,201.930,201.430,189.430,12.000,UNK - Unknown,Unknown,Department of Water Resources,Voluntary,9,17,2003
Glenn_01.01.2003-06.21.2013.csv,Glenn,39.7398,-122.1131,W001,2013-09-18 13:29:54,397398N1221131W001,22N02W20Q001M,9/25/2003,00:00,,,13.500,0.000,13.500,201.930,201.430,188.430,13.000,UNK - Unknown,Unknown,Department of Water Resources,Voluntary,9,25,2003
Glenn_01.01.2003-06.21.2013.csv,Glenn,39.7398,-122.1131,W001,2013-09-18 13:29:54,397398N1221131W001,22N02W20Q001M,10/2/2003,00:00,,1 - Pumping,16.000,0.000,16.000,201.930,201.430,185.930,15.500,UNK - Unknown,Unknown,Department of Water Resources,Voluntary,10,2,2003
Glenn_01.01.2003-06.21.2013.csv,Glenn,39.7398,-122.1131,W001,2013-09-18 13:29:54,397398N1221131W001,22N02W20Q001M,10/16/2003,00:00,,,13.400,0.000,13.400,201.930,201.430,188.530,12.900,UNK - Unknown,Unknown,Department of Water Resources,Voluntary,10,16,2003
Glenn_01.01.2003-06.21.2013.csv,Glenn,39.7398,-122.1131,W001,2013-09-18 13:29:54,397398N1221131W001,22N02W20Q001M,10/9/2003,00:00,,,12.000,0.000,12.000,201.930,201.430,189.930,11.500,UNK - Unknown,Unknown,Department of Water Resources,Voluntary,10,9,2003
Glenn_01.01.2003-06.21.2013.csv,Glenn,39.7398,-122.1131,W001,2013-09-18 13:29:54,397398N1221131W001,22N02W20Q001M,10/23/2003,00:00,,1 - Pumping,15.900,0.000,15.900,201.930,201.430,186.030,15.400,UNK - Unknown,Unknown,Department of Water Resources,Voluntary,10,23,2003
Glenn_01.01.2003-06.21.2013.csv,Glenn,39.7398,-122.1131,W001,2013-09-18 13:29:54,397398N1221131W001,22N02W20Q001M,10/30/2003,00:00,,,12.900,0.000,12.900,201.930,201.430,189.030,12.400,UNK - Unknown,Unknown,Department of Water Resources,Voluntary,10,30,2003
Glenn_01.01.2003-06.21.2013.csv,Glenn,39.7398,-122.1131,W001,2013-09-18 13:29:54,397398N1221131W001,22N02W20Q001M,11/17/2003,00:00,,,13.600,0.000,13.600,201.930,201.430,188.330,13.100,UNK - Unknown,Unknown,Department of Water Resources,Voluntary,11,17,2003
Glenn_01.01.2003-06.21.2013.csv,Glenn,39.7398,-122.1131,W001,2013-09-18 13:29:54,397398N1221131W001,22N02W20Q001M,11/6/2003,00:00,,,15.800,0.000,15.800,201.930,201.430,186.130,15.300,UNK - Unknown,Unknown,Department of Water Resources,Voluntary,11,6,2003
Glenn_01.01.2003-06.21.2013.csv,Glenn,39.7398,-122.1131,W001,2013-09-18 13:29:54,397398N1221131W001,22N02W20Q001M,11/13/2003,00:00,,,16.300,0.000,16.300,201.930,201.430,185.630,15.800,UNK - Unknown,Unknown,Department of Water Resources,Voluntary,11,13,2003
Glenn_01.01.2003-06.21.2013.csv,Glenn,39.7398,-122.1131,W001,2013-09-18 13:29:54,397398N1221131W001,22N02W20Q001M,3/31/2004,00:00,,,10.700,0.000,10.700,201.930,201.430,191.230,10.200,UNK - Unknown,Unknown,Department of Water Resources,Voluntary,3,31,2004
Glenn_01.01.2003-06.21.2013.csv,Glenn,39.7398,-122.1131,W001,2013-09-18 13:29:54,397398N1221131W001,22N02W20Q001M,4/26/2004,00:00,,,11.600,0.000,11.600,201.930,201.430,190.330,11.100,UNK - Unknown,Unknown,Department of Water Resources,Voluntary,4,26,2004
Glenn_01.01.2003-06.21.2013.csv,Glenn,39.7398,-122.1131,W001,2013-09-18 13:29:54,397398N1221131W001,22N02W20Q001M,5/24/2004,00:00,,,11.000,0.000,11.000,201.930,201.430,190.930,10.500,UNK - Unknown,Unknown,Department of Water Resources,Voluntary,5,24,2004
Glenn_01.01.2003-06.21.2013.csv,Glenn,39.7398,-122.1131,W001,2013-09-18 13:29:54,397398N1221131W001,22N02W20Q001M,6/21/2004,00:00,,,12.100,0.000,12.100,201.930,201.430,189.830,11.600,UNK - Unknown,Unknown,Department of Water Resources,Voluntary,6,21,2004
Glenn_01.01.2003-06.21.2013.csv,Glenn,39.7398,-122.1131,W001,2013-09-18 13:29:54,397398N1221131W001,22N02W20Q001M,7/26/2004,00:00,,,14.400,0.000,14.400,201.930,201.430,187.530,13.900,UNK - Unknown,Unknown,Department of Water Resources,Voluntary,7,26,2004
Glenn_01.01.2003-06.21.2013.csv,Glenn,39.7398,-122.1131,W001,2013-09-18 13:29:54,397398N1221131W001,22N02W20Q001M,8/25/2004,00:00,,,13.400,0.000,13.400,201.930,201.430,188.530,12.900,UNK - Unknown,Unknown,Department of Water Resources,Voluntary,8,25,2004
Glenn_01.01.2003-06.21.2013.csv,Glenn,39.7398,-122.1131,W001,2013-09-18 13:29:54,397398N1221131W001,22N02W20Q001M,9/22/2004,00:00,,,14.400,0.000,14.400,201.930,201.430,187.530,13.900,UNK - Unknown,Unknown,Department of Water Resources,Voluntary,9,22,2004
Glenn_01.01.2003-06.21.2013.csv,Glenn,39.7398,-122.1131,W001,2013-09-18 13:29:54,397398N1221131W001,22N02W20Q001M,10/18/2004,00:00,,,14.400,0.000,14.400,201.930,201.430,187.530,13.900,UNK - Unknown,Unknown,Department of Water Resources,Voluntary,10,18,2004
Glenn_01.01.2003-06.21.2013.csv,Glenn,39.7398,-122.1131,W001,2013-09-18 13:29:54,397398N1221131W001,22N02W20Q001M,11/16/2004,00:00,,,15.000,0.000,15.000,201.930,201.430,186.930,14.500,UNK - Unknown,Unknown,Department of Water Resources,Voluntary,11,16,2004
Glenn_01.01.2003-06.21.2013.csv,Glenn,39.7398,-122.1131,W001,2013-09-18 13:29:54,397398N1221131W001,22N02W20Q001M,3/29/2005,00:00,,,10.400,0.000,10.400,201.930,201.430,191.530,9.900,UNK - Unknown,Unknown,Department of Water Resources,Voluntary,3,29,2005
Glenn_01.01.2003-06.21.2013.csv,Glenn,39.7398,-122.1131,W001,2013-09-18 13:29:54,397398N1221131W001,22N02W20Q001M,4/28/2005,00:00,,,11.700,0.000,11.700,201.930,201.430,190.230,11.200,UNK - Unknown,Unknown,Department of Water Resources,Voluntary,4,28,2005
Glenn_01.01.2003-06.21.2013.csv,Glenn,39.7398,-122.1131,W001,2013-09-18 13:29:54,397398N1221131W001,22N02W20Q001M,5/27/2005,00:00,,,11.500,0.000,11.500,201.930,201.430,190.430,11.000,UNK - Unknown,Unknown,Department of Water Resources,Voluntary,5,27,2005
Glenn_01.01.2003-06.21.2013.csv,Glenn,39.7398,-122.1131,W001,2013-09-18 13:29:54,397398N1221131W001,22N02W20Q001M,6/23/2005,00:00,,,11.500,0.000,11.500,201.930,201.430,190.430,11.000,UNK - Unknown,Unknown,Department of Water Resources,Voluntary,6,23,2005
Glenn_01.01.2003-06.21.2013.csv,Glenn,39.7398,-122.1131,W001,2013-09-18 13:29:54,397398N1221131W001,22N02W20Q001M,7/1/2005,00:00,,1 - Pumping,14.200,0.000,14.200,201.930,201.430,187.730,13.700,UNK - Unknown,Unknown,Department of Water Resources,Voluntary,7,1,2005
Glenn_01.01.2003-06.21.2013.csv,Glenn,39.7398,-122.1131,W001,2013-09-18 13:29:54,397398N1221131W001,22N02W20Q001M,7/7/2005,00:00,,,11.100,0.000,11.100,201.930,201.430,190.830,10.600,UNK - Unknown,Unknown,Department of Water Resources,Voluntary,7,7,2005
Glenn_01.01.2003-06.21.2013.csv,Glenn,39.7398,-122.1131,W001,2013-09-18 13:29:54,397398N1221131W001,22N02W20Q001M,7/14/2005,00:00,,1 - Pumping,12.200,0.000,12.200,201.930,201.430,189.730,11.700,UNK - Unknown,Unknown,Department of Water Resources,Voluntary,47,14,2005
Glenn_01.01.2003-06.21.2013.csv,Glenn,39.7398,-122.1131,W001,2013-09-18 13:29:54,397398N1221131W001,22N02W20Q001M,7/21/2005,00:00,,,11.500,0.000,11.500,201.930,201.430,190.430,11.000,UNK - Unknown,Unknown,Department of Water Resources,Voluntary,7,21,2005
Glenn_01.01.2003-06.21.2013.csv,Glenn,39.7398,-122.1131,W001,2013-09-18 13:29:54,397398N1221131W001,22N02W20Q001M,7/29/2005,00:00,,,11.700,0.000,11.700,201.930,201.430,190.230,11.200,UNK - Unknown,Unknown,Department of Water Resources,Voluntary,7,29,2005
Glenn_01.01.2003-06.21.2013.csv,Glenn,39.7398,-122.1131,W001,2013-09-18 13:29:54,397398N1221131W001,22N02W20Q001M,8/4/2005,00:00,,,12.800,0.000,12.800,201.930,201.430,189.130,12.300,UNK - Unknown,Unknown,Department of Water Resources,Voluntary,8,4,2005
Glenn_01.01.2003-06.21.2013.csv,Glenn,39.7398,-122.1131,W001,2013-09-18 13:29:54,397398N1221131W001,22N02W20Q001M,8/11/2005,00:00,,4 - Pumped recently,13.900,0.000,13.900,201.930,201.430,188.030,13.400,UNK - Unknown,Unknown,Department of Water Resources,Voluntary,8,11,2005
Glenn_01.01.2003-06.21.2013.csv,Glenn,39.7398,-122.1131,W001,2013-09-18 13:29:54,397398N1221131W001,22N02W20Q001M,8/18/2005,00:00,,,11.700,0.000,11.700,201.930,201.430,190.230,11.200,UNK - Unknown,Unknown,Department of Water Resources,Voluntary,8,18,2005
Glenn_01.01.2003-06.21.2013.csv,Glenn,39.7398,-122.1131,W001,2013-09-18 13:29:54,397398N1221131W001,22N02W20Q001M,8/26/2005,00:00,,,12.400,0.000,12.400,201.930,201.430,189.530,11.900,UNK - Unknown,Unknown,Department of Water Resources,Voluntary,8,26,2005
Glenn_01.01.2003-06.21.2013.csv,Glenn,39.7398,-122.1131,W001,2013-09-18 13:29:54,397398N1221131W001,22N02W20Q001M,9/1/2005,00:00,,,11.700,0.000,11.700,201.930,201.430,190.230,11.200,UNK - Unknown,Unknown,Department of Water Resources,Voluntary,9,1,2005
Glenn_01.01.2003-06.21.2013.csv,Glenn,39.7398,-122.1131,W001,2013-09-18 13:29:54,397398N1221131W001,22N02W20Q001M,9/9/2005,00:00,,4 - Pumped recently,14.800,0.000,14.800,201.930,201.430,187.130,14.300,UNK - Unknown,Unknown,Department of Water Resources,Voluntary,9,9,2005
Glenn_01.01.2003-06.21.2013.csv,Glenn,39.7398,-122.1131,W001,2013-09-18 13:29:54,397398N1221131W001,22N02W20Q001M,9/15/2005,00:00,,,12.200,0.000,12.200,201.930,201.430,189.730,11.700,UNK - Unknown,Unknown,Department of Water Resources,Voluntary,9,15,2005
Glenn_01.01.2003-06.21.2013.csv,Glenn,39.7398,-122.1131,W001,2013-09-18 13:29:54,397398N1221131W001,22N02W20Q001M,8/25/2005,00:00,,,12.400,0.000,12.400,201.930,201.430,189.530,11.900,UNK - Unknown,Unknown,Department of Water Resources,Voluntary,8,25,2005
Glenn_01.01.2003-06.21.2013.csv,Glenn,39.7398,-122.1131,W001,2013-09-18 13:29:54,397398N1221131W001,22N02W20Q001M,9/29/2005,00:00,,,13.500,0.000,13.500,201.930,201.430,188.430,13.000,UNK - Unknown,Unknown,Department of Water Resources,Voluntary,9,29,2005
Glenn_01.01.2003-06.21.2013.csv,Glenn,39.7398,-122.1131,W001,2013-09-18 13:29:54,397398N1221131W001,22N02W20Q001M,10/14/2005,00:00,,1 - Pumping,21.700,0.000,21.700,201.930,201.430,180.230,21.200,UNK - Unknown,Unknown,Department of Water Resources,Voluntary,10,14,2005
Glenn_01.01.2003-06.21.2013.csv,Glenn,39.7398,-122.1131,W001,2013-09-18 13:29:54,397398N1221131W001,22N02W20Q001M,10/6/2005,00:00,,,13.700,0.000,13.700,201.930,201.430,188.230,13.200,UNK - Unknown,Unknown,Department of Water Resources,Voluntary,10,6,2005
Glenn_01.01.2003-06.21.2013.csv,Glenn,39.7398,-122.1131,W001,2013-09-18 13:29:54,397398N1221131W001,22N02W20Q001M,9/20/2005,00:00,,1 - Pumping,14.900,0.000,14.900,201.930,201.430,187.030,14.400,UNK - Unknown,Unknown,Department of Water Resources,Voluntary,9,20,2005
Glenn_01.01.2003-06.21.2013.csv,Glenn,39.7398,-122.1131,W001,2013-09-18 13:29:54,397398N1221131W001,22N02W20Q001M,10/21/2005,00:00,,,13.900,0.000,13.900,201.930,201.430,188.030,13.400,UNK - Unknown,Unknown,Department of Water Resources,Voluntary,10,21,2005
Glenn_01.01.2003-06.21.2013.csv,Glenn,39.7398,-122.1131,W001,2013-09-18 13:29:54,397398N1221131W001,22N02W20Q001M,10/27/2005,00:00,,,14.400,0.000,14.400,201.930,201.430,187.530,13.900,UNK - Unknown,Unknown,Department of Water Resources,Voluntary,10,27,2005
Glenn_01.01.2003-06.21.2013.csv,Glenn,39.7398,-122.1131,W001,2013-09-18 13:29:54,397398N1221131W001,22N02W20Q001M,3/29/2006,00:00,,,9.700,0.000,9.700,201.930,201.430,192.230,9.200,UNK - Unknown,Unknown,Department of Water Resources,Voluntary,3,29,2006
Glenn_01.01.2003-06.21.2013.csv,Glenn,39.7398,-122.1131,W001,2013-09-18 13:29:54,397398N1221131W001,22N02W20Q001M,5/19/2006,00:00,,,9.200,0.000,9.200,201.930,201.430,192.730,8.700,UNK - Unknown,Unknown,Department of Water Resources,Voluntary,5,19,2006
Glenn_01.01.2003-06.21.2013.csv,Glenn,39.7398,-122.1131,W001,2013-09-18 13:29:54,397398N1221131W001,22N02W20Q001M,8/3/2006,00:00,,,11.500,0.000,11.500,201.930,201.430,190.430,11.000,UNK - Unknown,Unknown,Department of Water Resources,Voluntary,8,3,2006
Glenn_01.01.2003-06.21.2013.csv,Glenn,39.7398,-122.1131,W001,2013-09-18 13:29:54,397398N1221131W001,22N02W20Q001M,10/12/2006,00:00,,,13.300,0.000,13.300,201.930,201.430,188.630,12.800,UNK - Unknown,Unknown,Department of Water Resources,Voluntary,10,12,2006
Glenn_01.01.2003-06.21.2013.csv,Glenn,39.7398,-122.1131,W001,2013-09-18 13:29:54,397398N1221131W001,22N02W20Q001M,3/20/2007,00:00,,,15.510,0.000,15.510,201.930,201.430,186.420,15.010,UNK - Unknown,Unknown,Department of Water Resources,Voluntary,3,20,2007
Glenn_01.01.2003-06.21.2013.csv,Glenn,39.7398,-122.1131,W001,2013-09-18 13:29:54,397398N1221131W001,22N02W20Q001M,8/10/2007,00:00,,,16.150,0.000,16.150,201.930,201.430,185.780,15.650,UNK - Unknown,Unknown,Department of Water Resources,Voluntary,8,10,2007
Glenn_01.01.2003-06.21.2013.csv,Glenn,39.7398,-122.1131,W001,2013-09-18 13:29:54,397398N1221131W001,22N02W20Q001M,10/15/2007,00:00,,,15.810,0.000,15.810,201.930,201.430,186.120,15.310,UNK - Unknown,Unknown,Department of Water Resources,Voluntary,10,15,2007
Glenn_01.01.2003-06.21.2013.csv,Glenn,39.7398,-122.1131,W001,2013-09-18 13:29:54,397398N1221131W001,22N02W20Q001M,3/13/2008,00:00,,,12.890,0.000,12.890,201.930,201.430,189.040,12.390,UNK - Unknown,Unknown,Department of Water Resources,Voluntary,3,13,2008
Glenn_01.01.2003-06.21.2013.csv,Glenn,39.7398,-122.1131,W001,2013-09-18 13:29:54,397398N1221131W001,22N02W20Q001M,8/5/2008,00:00,,,14.910,0.000,14.910,201.930,201.430,187.020,14.410,UNK - Unknown,Unknown,Department of Water Resources,Voluntary,8,5,2008
Glenn_01.01.2003-06.21.2013.csv,Glenn,39.7398,-122.1131,W001,2013-09-18 13:29:54,397398N1221131W001,22N02W20Q001M,10/22/2008,00:00,,,14.520,0.000,14.520,201.930,201.430,187.410,14.020,UNK - Unknown,Unknown,Department of Water Resources,Voluntary,10,22,2008
Glenn_01.01.2003-06.21.2013.csv,Glenn,39.7398,-122.1131,W001,2013-09-18 13:29:54,397398N1221131W001,22N02W20Q001M,1/12/2009,00:00,,,17.270,0.000,17.270,201.930,201.430,184.660,16.770,UNK - Unknown,Unknown,Department of Water Resources,Voluntary,1,12,2009
Glenn_01.01.2003-06.21.2013.csv,Glenn,39.7398,-122.1131,W001,2013-09-18 13:29:54,397398N1221131W001,22N02W20Q001M,3/23/2009,00:00,,1 - Pumping,16.230,0.000,16.230,201.930,201.430,185.700,15.730,UNK - Unknown,Unknown,Department of Water Resources,Voluntary,3,23,2009
Glenn_01.01.2003-06.21.2013.csv,Glenn,39.7398,-122.1131,W001,2013-09-18 13:29:54,397398N1221131W001,22N02W20Q001M,5/15/2009,00:00,,,12.920,0.000,12.920,201.930,201.430,189.010,12.420,UNK - Unknown,Unknown,Department of Water Resources,Voluntary,5,15,2009
Glenn_01.01.2003-06.21.2013.csv,Glenn,39.7398,-122.1131,W001,2013-09-18 13:29:54,397398N1221131W001,22N02W20Q001M,6/23/2009,00:00,,,15.200,0.000,15.200,201.930,201.430,186.730,14.700,UNK - Unknown,Unknown,Department of Water Resources,Voluntary,6,23,2009
Glenn_01.01.2003-06.21.2013.csv,Glenn,39.7398,-122.1131,W001,2013-09-18 13:29:54,397398N1221131W001,22N02W20Q001M,8/6/2009,00:00,,,14.530,0.000,14.530,201.930,201.430,187.400,14.030,UNK - Unknown,Unknown,Department of Water Resources,Voluntary,8,6,2009
Glenn_01.01.2003-06.21.2013.csv,Glenn,39.7398,-122.1131,W001,2013-09-18 13:29:54,397398N1221131W001,22N02W20Q001M,9/16/2009,00:00,,,15.400,0.000,15.400,201.930,201.430,186.530,14.900,UNK - Unknown,Unknown,Department of Water Resources,Voluntary,9,16,2009
Glenn_01.01.2003-06.21.2013.csv,Glenn,39.7398,-122.1131,W001,2013-09-18 13:29:54,397398N1221131W001,22N02W20Q001M,10/22/2009,00:00,,,15.800,0.000,15.800,201.930,201.430,186.130,15.300,UNK - Unknown,Unknown,Department of Water Resources,Voluntary,10,22,2009
Glenn_01.01.2003-06.21.2013.csv,Glenn,39.7398,-122.1131,W001,2013-09-18 13:29:54,397398N1221131W001,22N02W20Q001M,3/24/2010,00:00,,,12.800,0.000,12.800,201.930,201.430,189.130,12.300,UNK - Unknown,Unknown,Department of Water Resources,Voluntary,3,24,2010
Glenn_01.01.2003-06.21.2013.csv,Glenn,39.7398,-122.1131,W001,2013-09-18 13:29:54,397398N1221131W001,22N02W20Q001M,8/2/2010,00:00,,,15.640,0.000,15.640,201.930,201.430,186.290,15.140,UNK - Unknown,Unknown,Department of Water Resources,Voluntary,8,2,2010
Glenn_01.01.2003-06.21.2013.csv,Glenn,39.7398,-122.1131,W001,2013-09-18 13:29:54,397398N1221131W001,22N02W20Q001M,10/18/2010,00:00,,,14.600,0.000,14.600,201.930,201.430,187.330,14.100,UNK - Unknown,Unknown,Department of Water Resources,Voluntary,10,18,2010
Glenn_01.01.2003-06.21.2013.csv,Glenn,39.7398,-122.1131,W001,2013-09-18 13:29:54,397398N1221131W001,22N02W20Q001M,4/5/2011,00:00,,,11.390,0.000,11.390,201.930,201.430,190.540,10.890,UNK - Unknown,Unknown,Department of Water Resources,Voluntary,4,5,2011
Glenn_01.01.2003-06.21.2013.csv,Glenn,39.7398,-122.1131,W001,2013-09-18 13:29:54,397398N1221131W001,22N02W20Q001M,8/3/2011,00:00,,,13.750,0.000,13.750,201.930,201.430,188.180,13.250,UNK - Unknown,Unknown,Department of Water Resources,Voluntary,8,3,2011
Glenn_01.01.2003-06.21.2013.csv,Glenn,39.7398,-122.1131,W001,2013-09-18 13:29:54,397398N1221131W001,22N02W20Q001M,10/12/2011,00:00,,,15.010,0.000,15.010,201.930,201.430,186.920,14.510,UNK - Unknown,Unknown,Department of Water Resources,Voluntary,10,12,2011
Glenn_01.01.2003-06.21.2013.csv,Glenn,39.7398,-122.1131,W001,2013-09-18 13:29:54,397398N1221131W001,22N02W20Q001M,3/21/2013,00:00,,,15.650,0.000,15.650,201.930,201.430,186.280,15.150,ES - Electric sounder measurement,0.01 Ft,Department of Water Resources,Voluntary,3,21,2013
Glenn_01.01.2003-06.21.2013.csv,Glenn,39.7398,-122.1752,W001,2013-09-18 13:29:54,397398N1221752W001,Shop Well,10/24/2011,00:00,,,24.400,0.000,24.400,242.750,240.450,218.350,22.100,ES - Electric sounder measurement,0.01 Ft,Department of Water Resources,Voluntary,10,24,2011
Glenn_01.01.2003-06.21.2013.csv,Glenn,39.7398,-122.1752,W001,2013-09-18 13:29:54,397398N1221752W001,Shop Well,3/26/2012,00:00,,,22.300,0.000,22.300,242.750,240.450,220.450,20.000,ES - Electric sounder measurement,0.01 Ft,Department of Water Resources,Voluntary,3,26,2012
Glenn_01.01.2003-06.21.2013.csv,Glenn,39.7473,-122.1559,W001,2013-09-18 13:29:54,397473N1221559W001,22N03W24E001M,10/12/2011,00:00,,,181.820,0.000,181.820,231.695,230.495,49.875,180.620,ES - Electric sounder measurement,0.01 Ft,Department of Water Resources,CASGEM,10,12,2011
Glenn_01.01.2003-06.21.2013.csv,Glenn,39.7473,-122.1559,W001,2013-09-18 13:29:54,397473N1221559W001,22N03W24E001M,3/29/2012,00:00,,,165.600,0.000,165.600,231.695,230.495,66.095,164.400,ES - Electric sounder measurement,0.01 Ft,Department of Water Resources,CASGEM,3,29,2012
Glenn_01.01.2003-06.21.2013.csv,Glenn,39.7473,-122.1559,W001,2013-09-18 13:29:54,397473N1221559W001,22N03W24E001M,8/2/2012,00:00,,,182.310,0.000,182.310,231.695,230.495,49.385,181.110,ES - Electric sounder measurement,0.01 Ft,Department of Water Resources,CASGEM,8,2,2012
Glenn_01.01.2003-06.21.2013.csv,Glenn,39.7473,-122.1559,W001,2013-09-18 13:29:54,397473N1221559W001,22N03W24E001M,10/17/2012,00:00,,,191.660,0.000,191.660,231.695,230.495,40.035,190.460,ES - Electric sounder measurement,0.01 Ft,Department of Water Resources,CASGEM,10,17,2012
Glenn_01.01.2003-06.21.2013.csv,Glenn,39.7473,-122.1559,W001,2013-09-18 13:29:54,397473N1221559W001,22N03W24E001M,3/19/2013,00:00,,,174.390,0.000,174.390,231.695,230.495,57.305,173.190,ES - Electric sounder measurement,0.01 Ft,Department of Water Resources,CASGEM,3,19,2013
Glenn_01.01.2003-06.21.2013.csv,Glenn,39.7473,-122.1559,W001,2013-09-18 13:29:54,397473N1221559W001,22N03W24E001M,6/14/2004,18:00,,,118.340,0.000,118.340,231.695,230.495,113.355,117.140,UNK - Unknown,Unknown,Department of Water Resources,Voluntary,6,14,2004
Glenn_01.01.2003-06.21.2013.csv,Glenn,39.7473,-122.1559,W001,2013-09-18 13:29:54,397473N1221559W001,22N03W24E001M,7/13/2004,00:00,,,127.900,0.000,127.900,231.695,230.495,103.795,126.700,UNK - Unknown,Unknown,Department of Water Resources,Voluntary,7,13,2004
Glenn_01.01.2003-06.21.2013.csv,Glenn,39.7473,-122.1559,W001,2013-09-18 13:29:54,397473N1221559W001,22N03W24E001M,7/27/2004,00:00,,,131.600,0.000,131.600,231.695,230.495,100.095,130.400,UNK - Unknown,Unknown,Department of Water Resources,Voluntary,7,27,2004
Glenn_01.01.2003-06.21.2013.csv,Glenn,39.7473,-122.1559,W001,2013-09-18 13:29:54,397473N1221559W001,22N03W24E001M,8/25/2004,00:00,,,136.910,0.000,136.910,231.695,230.495,94.785,135.710,UNK - Unknown,Unknown,Department of Water Resources,Voluntary,8,25,2004
Glenn_01.01.2003-06.21.2013.csv,Glenn,39.7473,-122.1559,W001,2013-09-18 13:29:54,397473N1221559W001,22N03W24E001M,9/21/2004,00:00,,,140.200,0.000,140.200,231.695,230.495,91.495,139.000,UNK - Unknown,Unknown,Department of Water Resources,Voluntary,9,21,2004
Glenn_01.01.2003-06.21.2013.csv,Glenn,39.7473,-122.1559,W001,2013-09-18 13:29:54,397473N1221559W001,22N03W24E001M,10/20/2004,00:00,,,140.800,0.000,140.800,231.695,230.495,90.895,139.600,UNK - Unknown,Unknown,Department of Water Resources,Voluntary,10,20,2004
Glenn_01.01.2003-06.21.2013.csv,Glenn,39.7473,-122.1559,W001,2013-09-18 13:29:54,397473N1221559W001,22N03W24E001M,11/22/2004,00:00,,,137.100,0.000,137.100,231.695,230.495,94.595,135.900,UNK - Unknown,Unknown,Department of Water Resources,Voluntary,11,22,2004
Glenn_01.01.2003-06.21.2013.csv,Glenn,39.7473,-122.1559,W001,2013-09-18 13:29:54,397473N1221559W001,22N03W24E001M,3/31/2005,00:00,,,116.300,0.000,116.300,231.695,230.495,115.395,115.100,UNK - Unknown,Unknown,Department of Water Resources,Voluntary,3,31,2005
Glenn_01.01.2003-06.21.2013.csv,Glenn,39.7473,-122.1559,W001,2013-09-18 13:29:54,397473N1221559W001,22N03W24E001M,4/28/2005,00:00,,,113.500,0.000,113.500,231.695,230.495,118.195,112.300,UNK - Unknown,Unknown,Department of Water Resources,Voluntary,4,28,2005
Glenn_01.01.2003-06.21.2013.csv,Glenn,39.7473,-122.1559,W001,2013-09-18 13:29:54,397473N1221559W001,22N03W24E001M,5/27/2005,00:00,,,111.700,0.000,111.700,231.695,230.495,119.995,110.500,UNK - Unknown,Unknown,Department of Water Resources,Voluntary,5,27,2005
Glenn_01.01.2003-06.21.2013.csv,Glenn,39.7473,-122.1559,W001,2013-09-18 13:29:54,397473N1221559W001,22N03W24E001M,6/23/2005,00:00,,,114.300,0.000,114.300,231.695,230.495,117.395,113.100,UNK - Unknown,Unknown,Department of Water Resources,Voluntary,6,23,2005
Glenn_01.01.2003-06.21.2013.csv,Glenn,39.7473,-122.1559,W001,2013-09-18 13:29:54,397473N1221559W001,22N03W24E001M,7/28/2005,00:00,,,123.900,0.000,123.900,231.695,230.495,107.795,122.700,UNK - Unknown,Unknown,Department of Water Resources,Voluntary,7,28,2005
Glenn_01.01.2003-06.21.2013.csv,Glenn,39.7473,-122.1559,W001,2013-09-18 13:29:54,397473N1221559W001,22N03W24E001M,8/26/2005,00:00,,,134.300,0.000,134.300,231.695,230.495,97.395,133.100,UNK - Unknown,Unknown,Department of Water Resources,Voluntary,8,26,2005
Glenn_01.01.2003-06.21.2013.csv,Glenn,39.7473,-122.1559,W001,2013-09-18 13:29:54,397473N1221559W001,22N03W24E001M,9/29/2005,00:00,,,139.400,0.000,139.400,231.695,230.495,92.295,138.200,UNK - Unknown,Unknown,Department of Water Resources,Voluntary,9,29,2005
Glenn_01.01.2003-06.21.2013.csv,Glenn,39.7473,-122.1559,W001,2013-09-18 13:29:54,397473N1221559W001,22N03W24E001M,10/21/2005,00:00,,,139.600,0.000,139.600,231.695,230.495,92.095,138.400,UNK - Unknown,Unknown,Department of Water Resources,Voluntary,10,21,2005
Glenn_01.01.2003-06.21.2013.csv,Glenn,39.7473,-122.1559,W001,2013-09-18 13:29:54,397473N1221559W001,22N03W24E001M,3/29/2006,00:00,,,118.200,0.000,118.200,231.695,230.495,113.495,117.000,UNK - Unknown,Unknown,Department of Water Resources,Voluntary,3,29,2006
Glenn_01.01.2003-06.21.2013.csv,Glenn,39.7473,-122.1559,W001,2013-09-18 13:29:54,397473N1221559W001,22N03W24E001M,5/19/2006,00:00,,,113.200,0.000,113.200,231.695,230.495,118.495,112.000,UNK - Unknown,Unknown,Department of Water Resources,Voluntary,5,19,2006
Glenn_01.01.2003-06.21.2013.csv,Glenn,39.7473,-122.1559,W001,2013-09-18 13:29:54,397473N1221559W001,22N03W24E001M,8/4/2006,00:00,,,133.400,0.000,133.400,231.695,230.495,98.295,132.200,UNK - Unknown,Unknown,Department of Water Resources,Voluntary,8,4,2006
Glenn_01.01.2003-06.21.2013.csv,Glenn,39.7473,-122.1559,W001,2013-09-18 13:29:54,397473N1221559W001,22N03W24E001M,10/12/2006,00:00,,,146.900,0.000,146.900,231.695,230.495,84.795,145.700,UNK - Unknown,Unknown,Department of Water Resources,Voluntary,10,12,2006
Glenn_01.01.2003-06.21.2013.csv,Glenn,39.7473,-122.1559,W001,2013-09-18 13:29:54,397473N1221559W001,22N03W24E001M,3/20/2007,00:00,,,126.350,0.000,126.350,231.695,230.495,105.345,125.150,UNK - Unknown,Unknown,Department of Water Resources,Voluntary,3,20,2007
Glenn_01.01.2003-06.21.2013.csv,Glenn,39.7473,-122.1559,W001,2013-09-18 13:29:54,397473N1221559W001,22N03W24E001M,5/3/2007,00:00,,,128.200,0.000,128.200,231.695,230.495,103.495,127.000,UNK - Unknown,Unknown,Department of Water Resources,Voluntary,5,3,2007
Glenn_01.01.2003-06.21.2013.csv,Glenn,39.7473,-122.1559,W001,2013-09-18 13:29:54,397473N1221559W001,22N03W24E001M,5/18/2007,00:00,,,130.000,0.000,130.000,231.695,230.495,101.695,128.800,UNK - Unknown,Unknown,Department of Water Resources,Voluntary,5,18,2007
Glenn_01.01.2003-06.21.2013.csv,Glenn,39.7473,-122.1559,W001,2013-09-18 13:29:54,397473N1221559W001,22N03W24E001M,5/30/2007,00:00,,,132.700,0.000,132.700,231.695,230.495,98.995,131.500,UNK - Unknown,Unknown,Department of Water Resources,Voluntary,5,30,2007
Glenn_01.01.2003-06.21.2013.csv,Glenn,39.7473,-122.1559,W001,2013-09-18 13:29:54,397473N1221559W001,22N03W24E001M,6/20/2007,00:00,,,139.400,0.000,139.400,231.695,230.495,92.295,138.200,UNK - Unknown,Unknown,Department of Water Resources,Voluntary,6,20,2007
Glenn_01.01.2003-06.21.2013.csv,Glenn,39.7473,-122.1559,W001,2013-09-18 13:29:54,397473N1221559W001,22N03W24E001M,8/9/2007,00:00,,,127.270,0.000,127.270,231.695,230.495,104.425,126.070,UNK - Unknown,Unknown,Department of Water Resources,Voluntary,8,9,2007
Glenn_01.01.2003-06.21.2013.csv,Glenn,39.7473,-122.1559,W001,2013-09-18 13:29:54,397473N1221559W001,22N03W24E001M,10/15/2007,00:00,,,164.300,0.000,164.300,231.695,230.495,67.395,163.100,UNK - Unknown,Unknown,Department of Water Resources,Voluntary,10,15,2007
Glenn_01.01.2003-06.21.2013.csv,Glenn,39.7473,-122.1559,W001,2013-09-18 13:29:54,397473N1221559W001,22N03W24E001M,1/15/2008,00:00,,,151.620,0.000,151.620,231.695,230.495,80.075,150.420,UNK - Unknown,Unknown,Department of Water Resources,Voluntary,1,15,2008
Glenn_01.01.2003-06.21.2013.csv,Glenn,39.7473,-122.1559,W001,2013-09-18 13:29:54,397473N1221559W001,22N03W24E001M,3/13/2008,00:00,,,141.820,0.000,141.820,231.695,230.495,89.875,140.620,UNK - Unknown,Unknown,Department of Water Resources,Voluntary,3,13,2008
Glenn_01.01.2003-06.21.2013.csv,Glenn,39.7473,-122.1559,W001,2013-09-18 13:29:54,397473N1221559W001,22N03W24E001M,6/27/2008,00:00,,,149.600,0.000,149.600,231.695,230.495,82.095,148.400,UNK - Unknown,Unknown,County of Glenn,Voluntary,6,27,2008
Glenn_01.01.2003-06.21.2013.csv,Glenn,39.7473,-122.1559,W001,2013-09-18 13:29:54,397473N1221559W001,22N03W24E001M,7/8/2008,00:00,,,152.990,0.000,152.990,231.695,230.495,78.705,151.790,UNK - Unknown,Unknown,County of Glenn,Voluntary,7,8,2008
Glenn_01.01.2003-06.21.2013.csv,Glenn,39.7473,-122.1559,W001,2013-09-18 13:29:54,397473N1221559W001,22N03W24E001M,7/22/2008,00:00,,,157.300,0.000,157.300,231.695,230.495,74.395,156.100,UNK - Unknown,Unknown,County of Glenn,Voluntary,7,22,2008
Glenn_01.01.2003-06.21.2013.csv,Glenn,39.7473,-122.1559,W001,2013-09-18 13:29:54,397473N1221559W001,22N03W24E001M,8/5/2008,00:00,,,161.120,0.000,161.120,231.695,230.495,70.575,159.920,UNK - Unknown,Unknown,Department of Water Resources,Voluntary,8,5,2008
Glenn_01.01.2003-06.21.2013.csv,Glenn,39.7473,-122.1559,W001,2013-09-18 13:29:54,397473N1221559W001,22N03W24E001M,10/23/2008,00:00,,,172.190,0.000,172.190,231.695,230.495,59.505,170.990,UNK - Unknown,Unknown,Department of Water Resources,Voluntary,10,23,2008
Glenn_01.01.2003-06.21.2013.csv,Glenn,39.7473,-122.1559,W001,2013-09-18 13:29:54,397473N1221559W001,22N03W24E001M,1/12/2009,00:00,,,163.240,0.000,163.240,231.695,230.495,68.455,162.040,UNK - Unknown,Unknown,Department of Water Resources,Voluntary,1,12,2009
Glenn_01.01.2003-06.21.2013.csv,Glenn,39.7473,-122.1559,W001,2013-09-18 13:29:54,397473N1221559W001,22N03W24E001M,3/23/2009,00:00,,,152.340,0.000,152.340,231.695,230.495,79.355,151.140,UNK - Unknown,Unknown,Department of Water Resources,Voluntary,3,23,2009
Glenn_01.01.2003-06.21.2013.csv,Glenn,39.7473,-122.1559,W001,2013-09-18 13:29:54,397473N1221559W001,22N03W24E001M,5/15/2009,00:00,,,150.190,0.000,150.190,231.695,230.495,81.505,148.990,UNK - Unknown,Unknown,Department of Water Resources,Voluntary,5,15,2009
Glenn_01.01.2003-06.21.2013.csv,Glenn,39.7473,-122.1559,W001,2013-09-18 13:29:54,397473N1221559W001,22N03W24E001M,6/23/2009,00:00,,,157.600,0.000,157.600,231.695,230.495,74.095,156.400,UNK - Unknown,Unknown,Department of Water Resources,Voluntary,6,23,2009
Glenn_01.01.2003-06.21.2013.csv,Glenn,39.7473,-122.1559,W001,2013-09-18 13:29:54,397473N1221559W001,22N03W24E001M,8/6/2009,00:00,,,170.570,0.000,170.570,231.695,230.495,61.125,169.370,UNK - Unknown,Unknown,Department of Water Resources,Voluntary,8,6,2009
Glenn_01.01.2003-06.21.2013.csv,Glenn,39.7473,-122.1559,W001,2013-09-18 13:29:54,397473N1221559W001,22N03W24E001M,9/16/2009,00:00,,,178.470,0.000,178.470,231.695,230.495,53.225,177.270,UNK - Unknown,Unknown,Department of Water Resources,Voluntary,9,16,2009
Glenn_01.01.2003-06.21.2013.csv,Glenn,39.7473,-122.1559,W001,2013-09-18 13:29:54,397473N1221559W001,22N03W24E001M,10/22/2009,00:00,,,178.480,0.000,178.480,231.695,230.495,53.215,177.280,UNK - Unknown,Unknown,Department of Water Resources,Voluntary,10,22,2009
Glenn_01.01.2003-06.21.2013.csv,Glenn,39.7473,-122.1559,W001,2013-09-18 13:29:54,397473N1221559W001,22N03W24E001M,3/26/2010,00:00,,,158.600,0.000,158.600,231.695,230.495,73.095,157.400,UNK - Unknown,Unknown,Department of Water Resources,Voluntary,3,26,2010
Glenn_01.01.2003-06.21.2013.csv,Glenn,39.7473,-122.1559,W001,2013-09-18 13:29:54,397473N1221559W001,22N03W24E001M,8/2/2010,00:00,,,164.600,0.000,164.600,231.695,230.495,67.095,163.400,UNK - Unknown,Unknown,Department of Water Resources,Voluntary,8,2,2010
Glenn_01.01.2003-06.21.2013.csv,Glenn,39.7473,-122.1559,W001,2013-09-18 13:29:54,397473N1221559W001,22N03W24E001M,10/18/2010,00:00,,,175.160,0.000,175.160,231.695,230.495,56.535,173.960,UNK - Unknown,Unknown,Department of Water Resources,Voluntary,10,18,2010
Glenn_01.01.2003-06.21.2013.csv,Glenn,39.7473,-122.1559,W001,2013-09-18 13:29:54,397473N1221559W001,22N03W24E001M,1/18/2011,00:00,,,163.790,0.000,163.790,231.695,230.495,67.905,162.590,UNK - Unknown,Unknown,Department of Water Resources,Voluntary,1,18,2011
Glenn_01.01.2003-06.21.2013.csv,Glenn,39.7473,-122.1559,W001,2013-09-18 13:29:54,397473N1221559W001,22N03W24E001M,2/11/2011,00:00,,,160.640,0.000,160.640,231.695,230.495,71.055,159.440,UNK - Unknown,Unknown,Department of Water Resources,Voluntary,2,11,2011
Glenn_01.01.2003-06.21.2013.csv,Glenn,39.7473,-122.1559,W001,2013-09-18 13:29:54,397473N1221559W001,22N03W24E001M,2/14/2011,00:00,,,160.230,0.000,160.230,231.695,230.495,71.465,159.030,UNK - Unknown,Unknown,Department of Water Resources,Voluntary,2,14,2011
Glenn_01.01.2003-06.21.2013.csv,Glenn,39.7473,-122.1559,W001,2013-09-18 13:29:54,397473N1221559W001,22N03W24E001M,3/1/2011,00:00,,,159.140,0.000,159.140,231.695,230.495,72.555,157.940,UNK - Unknown,Unknown,Department of Water Resources,Voluntary,3,1,2011
Glenn_01.01.2003-06.21.2013.csv,Glenn,39.7473,-122.1559,W001,2013-09-18 13:29:54,397473N1221559W001,22N03W24E001M,4/5/2011,00:00,,,155.770,0.000,155.770,231.695,230.495,75.925,154.570,UNK - Unknown,Unknown,Department of Water Resources,Voluntary,4,5,2011
Glenn_01.01.2003-06.21.2013.csv,Glenn,39.7473,-122.1559,W001,2013-09-18 13:29:54,397473N1221559W001,22N03W24E001M,8/1/2011,00:00,,,167.390,0.000,167.390,231.695,230.495,64.305,166.190,UNK - Unknown,Unknown,Department of Water Resources,Voluntary,8,1,2011
Glenn_01.01.2003-06.21.2013.csv,Glenn,39.7473,-122.1559,W001,2013-09-18 13:29:54,397473N1221559W001,22N03W24E001M,11/28/2011,00:00,,,179.810,0.000,179.810,231.695,230.495,51.885,178.610,UNK - Unknown,Unknown,Department of Water Resources,Voluntary,11,28,2011
Glenn_01.01.2003-06.21.2013.csv,Glenn,39.7473,-122.1559,W002,2013-09-18 13:29:54,397473N1221559W002,22N03W24E002M,10/12/2011,00:00,,,34.910,0.000,34.910,231.925,230.525,197.015,33.510,ES - Electric sounder measurement,0.01 Ft,Department of Water Resources,CASGEM,10,12,2011
Glenn_01.01.2003-06.21.2013.csv,Glenn,39.7473,-122.1559,W002,2013-09-18 13:29:54,397473N1221559W002,22N03W24E002M,3/29/2012,00:00,,,35.400,0.000,35.400,231.925,230.525,196.525,34.000,ES - Electric sounder measurement,0.01 Ft,Department of Water Resources,CASGEM,3,29,2012
Glenn_01.01.2003-06.21.2013.csv,Glenn,39.7473,-122.1559,W002,2013-09-18 13:29:54,397473N1221559W002,22N03W24E002M,8/2/2012,00:00,,,67.850,0.000,67.850,231.925,230.525,164.075,66.450,ES - Electric sounder measurement,0.01 Ft,Department of Water Resources,CASGEM,8,2,2012
Glenn_01.01.2003-06.21.2013.csv,Glenn,39.7473,-122.1559,W002,2013-09-18 13:29:54,397473N1221559W002,22N03W24E002M,10/17/2012,00:00,,,56.500,0.000,56.500,231.925,230.525,175.425,55.100,ES - Electric sounder measurement,0.01 Ft,Department of Water Resources,CASGEM,10,17,2012
Glenn_01.01.2003-06.21.2013.csv,Glenn,39.7473,-122.1559,W002,2013-09-18 13:29:54,397473N1221559W002,22N03W24E002M,3/19/2013,00:00,,,35.470,0.000,35.470,231.925,230.525,196.455,34.070,ES - Electric sounder measurement,0.01 Ft,Department of Water Resources,CASGEM,3,19,2013
Glenn_01.01.2003-06.21.2013.csv,Glenn,39.7473,-122.1559,W002,2013-09-18 13:29:54,397473N1221559W002,22N03W24E002M,6/14/2004,18:00,,,50.230,0.000,50.230,231.925,230.525,181.695,48.830,UNK - Unknown,Unknown,Department of Water Resources,Voluntary,6,14,2004
Glenn_01.01.2003-06.21.2013.csv,Glenn,39.7473,-122.1559,W002,2013-09-18 13:29:54,397473N1221559W002,22N03W24E002M,7/13/2004,00:00,,,49.200,0.000,49.200,231.925,230.525,182.725,47.800,UNK - Unknown,Unknown,Department of Water Resources,Voluntary,7,13,2004
Glenn_01.01.2003-06.21.2013.csv,Glenn,39.7473,-122.1559,W002,2013-09-18 13:29:54,397473N1221559W002,22N03W24E002M,7/27/2004,00:00,,,47.000,0.000,47.000,231.925,230.525,184.925,45.600,UNK - Unknown,Unknown,Department of Water Resources,Voluntary,7,27,2004
Glenn_01.01.2003-06.21.2013.csv,Glenn,39.7473,-122.1559,W002,2013-09-18 13:29:54,397473N1221559W002,22N03W24E002M,8/25/2004,00:00,,,39.600,0.000,39.600,231.925,230.525,192.325,38.200,UNK - Unknown,Unknown,Department of Water Resources,Voluntary,8,25,2004
Glenn_01.01.2003-06.21.2013.csv,Glenn,39.7473,-122.1559,W002,2013-09-18 13:29:54,397473N1221559W002,22N03W24E002M,9/21/2004,00:00,,,46.500,0.000,46.500,231.925,230.525,185.425,45.100,UNK - Unknown,Unknown,Department of Water Resources,Voluntary,9,21,2004
Glenn_01.01.2003-06.21.2013.csv,Glenn,39.7473,-122.1559,W002,2013-09-18 13:29:54,397473N1221559W002,22N03W24E002M,10/20/2004,00:00,,,37.700,0.000,37.700,231.925,230.525,194.225,36.300,UNK - Unknown,Unknown,Department of Water Resources,Voluntary,10,20,2004
Glenn_01.01.2003-06.21.2013.csv,Glenn,39.7473,-122.1559,W002,2013-09-18 13:29:54,397473N1221559W002,22N03W24E002M,11/22/2004,00:00,,,32.900,0.000,32.900,231.925,230.525,199.025,31.500,UNK - Unknown,Unknown,Department of Water Resources,Voluntary,11,22,2004
Glenn_01.01.2003-06.21.2013.csv,Glenn,39.7473,-122.1559,W002,2013-09-18 13:29:54,397473N1221559W002,22N03W24E002M,3/31/2005,00:00,,,25.300,0.000,25.300,231.925,230.525,206.625,23.900,UNK - Unknown,Unknown,Department of Water Resources,Voluntary,3,31,2005
Glenn_01.01.2003-06.21.2013.csv,Glenn,39.7473,-122.1559,W002,2013-09-18 13:29:54,397473N1221559W002,22N03W24E002M,4/28/2005,00:00,,,32.100,0.000,32.100,231.925,230.525,199.825,30.700,UNK - Unknown,Unknown,Department of Water Resources,Voluntary,4,28,2005
Glenn_01.01.2003-06.21.2013.csv,Glenn,39.7473,-122.1559,W002,2013-09-18 13:29:54,397473N1221559W002,22N03W24E002M,5/27/2005,00:00,,,33.600,0.000,33.600,231.925,230.525,198.325,32.200,UNK - Unknown,Unknown,Department of Water Resources,Voluntary,5,27,2005
Glenn_01.01.2003-06.21.2013.csv,Glenn,39.7473,-122.1559,W002,2013-09-18 13:29:54,397473N1221559W002,22N03W24E002M,6/23/2005,00:00,,,37.200,0.000,37.200,231.925,230.525,194.725,35.800,UNK - Unknown,Unknown,Department of Water Resources,Voluntary,6,23,2005
Glenn_01.01.2003-06.21.2013.csv,Glenn,39.7473,-122.1559,W002,2013-09-18 13:29:54,397473N1221559W002,22N03W24E002M,7/28/2005,00:00,,,43.000,0.000,43.000,231.925,230.525,188.925,41.600,UNK - Unknown,Unknown,Department of Water Resources,Voluntary,7,28,2005
Glenn_01.01.2003-06.21.2013.csv,Glenn,39.7473,-122.1559,W002,2013-09-18 13:29:54,397473N1221559W002,22N03W24E002M,8/26/2005,00:00,,,39.000,0.000,39.000,231.925,230.525,192.925,37.600,UNK - Unknown,Unknown,Department of Water Resources,Voluntary,8,26,2005
Glenn_01.01.2003-06.21.2013.csv,Glenn,39.7473,-122.1559,W002,2013-09-18 13:29:54,397473N1221559W002,22N03W24E002M,9/29/2005,00:00,,,47.000,0.000,47.000,231.925,230.525,184.925,45.600,UNK - Unknown,Unknown,Department of Water Resources,Voluntary,9,29,2005
Glenn_01.01.2003-06.21.2013.csv,Glenn,39.7473,-122.1559,W002,2013-09-18 13:29:54,397473N1221559W002,22N03W24E002M,10/21/2005,00:00,,,36.200,0.000,36.200,231.925,230.525,195.725,34.800,UNK - Unknown,Unknown,Department of Water Resources,Voluntary,10,21,2005
Glenn_01.01.2003-06.21.2013.csv,Glenn,39.7473,-122.1559,W002,2013-09-18 13:29:54,397473N1221559W002,22N03W24E002M,3/29/2006,00:00,,,25.100,0.000,25.100,231.925,230.525,206.825,23.700,UNK - Unknown,Unknown,Department of Water Resources,Voluntary,3,29,2006
Glenn_01.01.2003-06.21.2013.csv,Glenn,39.7473,-122.1559,W002,2013-09-18 13:29:54,397473N1221559W002,22N03W24E002M,5/19/2006,00:00,,,37.500,0.000,37.500,231.925,230.525,194.425,36.100,UNK - Unknown,Unknown,Department of Water Resources,Voluntary,5,19,2006
Glenn_01.01.2003-06.21.2013.csv,Glenn,39.7473,-122.1559,W002,2013-09-18 13:29:54,397473N1221559W002,22N03W24E002M,8/4/2006,00:00,,,43.100,0.000,43.100,231.925,230.525,188.825,41.700,UNK - Unknown,Unknown,Department of Water Resources,Voluntary,8,4,2006
Glenn_01.01.2003-06.21.2013.csv,Glenn,39.7473,-122.1559,W002,2013-09-18 13:29:54,397473N1221559W002,22N03W24E002M,10/12/2006,00:00,,,38.500,0.000,38.500,231.925,230.525,193.425,37.100,UNK - Unknown,Unknown,Department of Water Resources,Voluntary,10,12,2006
Glenn_01.01.2003-06.21.2013.csv,Glenn,39.7473,-122.1559,W002,2013-09-18 13:29:54,397473N1221559W002,22N03W24E002M,3/20/2007,00:00,,,39.470,0.000,39.470,231.925,230.525,192.455,38.070,UNK - Unknown,Unknown,Department of Water Resources,Voluntary,3,20,2007
Glenn_01.01.2003-06.21.2013.csv,Glenn,39.7473,-122.1559,W002,2013-09-18 13:29:54,397473N1221559W002,22N03W24E002M,5/3/2007,00:00,,,48.900,0.000,48.900,231.925,230.525,183.025,47.500,UNK - Unknown,Unknown,Department of Water Resources,Voluntary,5,3,2007
Glenn_01.01.2003-06.21.2013.csv,Glenn,39.7473,-122.1559,W002,2013-09-18 13:29:54,397473N1221559W002,22N03W24E002M,5/18/2007,00:00,,,50.200,0.000,50.200,231.925,230.525,181.725,48.800,UNK - Unknown,Unknown,Department of Water Resources,Voluntary,5,18,2007
Glenn_01.01.2003-06.21.2013.csv,Glenn,39.7473,-122.1559,W002,2013-09-18 13:29:54,397473N1221559W002,22N03W24E002M,5/30/2007,00:00,,,48.200,0.000,48.200,231.925,230.525,183.725,46.800,UNK - Unknown,Unknown,Department of Water Resources,Voluntary,5,30,2007
Glenn_01.01.2003-06.21.2013.csv,Glenn,39.7473,-122.1559,W002,2013-09-18 13:29:54,397473N1221559W002,22N03W24E002M,6/20/2007,00:00,,,52.700,0.000,52.700,231.925,230.525,179.225,51.300,UNK - Unknown,Unknown,Department of Water Resources,Voluntary,6,20,2007
Glenn_01.01.2003-06.21.2013.csv,Glenn,39.7473,-122.1559,W002,2013-09-18 13:29:54,397473N1221559W002,22N03W24E002M,8/9/2007,00:00,,,52.570,0.000,52.570,231.925,230.525,179.355,51.170,UNK - Unknown,Unknown,Department of Water Resources,Voluntary,8,9,2007
Glenn_01.01.2003-06.21.2013.csv,Glenn,39.7473,-122.1559,W002,2013-09-18 13:29:54,397473N1221559W002,22N03W24E002M,10/15/2007,00:00,,,36.930,0.000,36.930,231.925,230.525,194.995,35.530,UNK - Unknown,Unknown,Department of Water Resources,Voluntary,10,15,2007
Glenn_01.01.2003-06.21.2013.csv,Glenn,39.7473,-122.1559,W002,2013-09-18 13:29:54,397473N1221559W002,22N03W24E002M,1/15/2008,00:00,,,36.010,0.000,36.010,231.925,230.525,195.915,34.610,UNK - Unknown,Unknown,Department of Water Resources,Voluntary,1,15,2008
Glenn_01.01.2003-06.21.2013.csv,Glenn,39.7473,-122.1559,W002,2013-09-18 13:29:54,397473N1221559W002,22N03W24E002M,3/13/2008,00:00,,,31.860,0.000,31.860,231.925,230.525,200.065,30.460,UNK - Unknown,Unknown,Department of Water Resources,Voluntary,3,13,2008
Glenn_01.01.2003-06.21.2013.csv,Glenn,39.7473,-122.1559,W002,2013-09-18 13:29:54,397473N1221559W002,22N03W24E002M,6/27/2008,00:00,,,54.500,0.000,54.500,231.925,230.525,177.425,53.100,UNK - Unknown,Unknown,County of Glenn,Voluntary,6,27,2008
Glenn_01.01.2003-06.21.2013.csv,Glenn,39.7473,-122.1559,W002,2013-09-18 13:29:54,397473N1221559W002,22N03W24E002M,7/8/2008,00:00,,,53.420,0.000,53.420,231.925,230.525,178.505,52.020,UNK - Unknown,Unknown,County of Glenn,Voluntary,7,8,2008
Glenn_01.01.2003-06.21.2013.csv,Glenn,39.7473,-122.1559,W002,2013-09-18 13:29:54,397473N1221559W002,22N03W24E002M,8/5/2008,00:00,,,55.920,0.000,55.920,231.925,230.525,176.005,54.520,UNK - Unknown,Unknown,Department of Water Resources,Voluntary,8,5,2008
Glenn_01.01.2003-06.21.2013.csv,Glenn,39.7473,-122.1559,W002,2013-09-18 13:29:54,397473N1221559W002,22N03W24E002M,10/23/2008,00:00,,,40.560,0.000,40.560,231.925,230.525,191.365,39.160,UNK - Unknown,Unknown,Department of Water Resources,Voluntary,10,23,2008
Glenn_01.01.2003-06.21.2013.csv,Glenn,39.7473,-122.1559,W002,2013-09-18 13:29:54,397473N1221559W002,22N03W24E002M,1/12/2009,00:00,,,36.920,0.000,36.920,231.925,230.525,195.005,35.520,UNK - Unknown,Unknown,Department of Water Resources,Voluntary,1,12,2009
Glenn_01.01.2003-06.21.2013.csv,Glenn,39.7473,-122.1559,W002,2013-09-18 13:29:54,397473N1221559W002,22N03W24E002M,3/23/2009,00:00,,,31.770,0.000,31.770,231.925,230.525,200.155,30.370,UNK - Unknown,Unknown,Department of Water Resources,Voluntary,3,23,2009
Glenn_01.01.2003-06.21.2013.csv,Glenn,39.7473,-122.1559,W002,2013-09-18 13:29:54,397473N1221559W002,22N03W24E002M,5/15/2009,00:00,,,52.130,0.000,52.130,231.925,230.525,179.795,50.730,UNK - Unknown,Unknown,Department of Water Resources,Voluntary,5,15,2009
Glenn_01.01.2003-06.21.2013.csv,Glenn,39.7473,-122.1559,W002,2013-09-18 13:29:54,397473N1221559W002,22N03W24E002M,6/23/2009,00:00,,,56.870,0.000,56.870,231.925,230.525,175.055,55.470,UNK - Unknown,Unknown,Department of Water Resources,Voluntary,6,23,2009
Glenn_01.01.2003-06.21.2013.csv,Glenn,39.7473,-122.1559,W002,2013-09-18 13:29:54,397473N1221559W002,22N03W24E002M,8/6/2009,00:00,,,60.780,0.000,60.780,231.925,230.525,171.145,59.380,UNK - Unknown,Unknown,Department of Water Resources,Voluntary,8,6,2009
Glenn_01.01.2003-06.21.2013.csv,Glenn,39.7473,-122.1559,W002,2013-09-18 13:29:54,397473N1221559W002,22N03W24E002M,9/16/2009,00:00,,,51.660,0.000,51.660,231.925,230.525,180.265,50.260,UNK - Unknown,Unknown,Department of Water Resources,Voluntary,9,16,2009
Glenn_01.01.2003-06.21.2013.csv,Glenn,39.7473,-122.1559,W002,2013-09-18 13:29:54,397473N1221559W002,22N03W24E002M,10/23/2009,00:00,,,39.120,0.000,39.120,231.925,230.525,192.805,37.720,UNK - Unknown,Unknown,Department of Water Resources,Voluntary,10,23,2009
Glenn_01.01.2003-06.21.2013.csv,Glenn,39.7473,-122.1559,W002,2013-09-18 13:29:54,397473N1221559W002,22N03W24E002M,3/24/2010,00:00,,,30.730,0.000,30.730,231.925,230.525,201.195,29.330,UNK - Unknown,Unknown,Department of Water Resources,Voluntary,3,24,2010
Glenn_01.01.2003-06.21.2013.csv,Glenn,39.7473,-122.1559,W002,2013-09-18 13:29:54,397473N1221559W002,22N03W24E002M,8/2/2010,00:00,,,59.050,0.000,59.050,231.925,230.525,172.875,57.650,UNK - Unknown,Unknown,Department of Water Resources,Voluntary,8,2,2010
Glenn_01.01.2003-06.21.2013.csv,Glenn,39.7473,-122.1559,W002,2013-09-18 13:29:54,397473N1221559W002,22N03W24E002M,10/18/2010,00:00,,,43.560,0.000,43.560,231.925,230.525,188.365,42.160,UNK - Unknown,Unknown,Department of Water Resources,Voluntary,10,18,2010
Glenn_01.01.2003-06.21.2013.csv,Glenn,39.7473,-122.1559,W002,2013-09-18 13:29:54,397473N1221559W002,22N03W24E002M,1/18/2011,00:00,,,32.190,0.000,32.190,231.925,230.525,199.735,30.790,UNK - Unknown,Unknown,Department of Water Resources,Voluntary,1,18,2011
Glenn_01.01.2003-06.21.2013.csv,Glenn,39.7473,-122.1559,W002,2013-09-18 13:29:54,397473N1221559W002,22N03W24E002M,2/11/2011,00:00,,,32.800,0.000,32.800,231.925,230.525,199.125,31.400,UNK - Unknown,Unknown,Department of Water Resources,Voluntary,2,11,2011
Glenn_01.01.2003-06.21.2013.csv,Glenn,39.7473,-122.1559,W002,2013-09-18 13:29:54,397473N1221559W002,22N03W24E002M,2/14/2011,00:00,,,32.900,0.000,32.900,231.925,230.525,199.025,31.500,UNK - Unknown,Unknown,Department of Water Resources,Voluntary,2,14,2011
Glenn_01.01.2003-06.21.2013.csv,Glenn,39.7473,-122.1559,W002,2013-09-18 13:29:54,397473N1221559W002,22N03W24E002M,3/1/2011,00:00,,,34.090,0.000,34.090,231.925,230.525,197.835,32.690,UNK - Unknown,Unknown,Department of Water Resources,Voluntary,3,1,2011
Glenn_01.01.2003-06.21.2013.csv,Glenn,39.7473,-122.1559,W002,2013-09-18 13:29:54,397473N1221559W002,22N03W24E002M,4/5/2011,00:00,,,29.090,0.000,29.090,231.925,230.525,202.835,27.690,UNK - Unknown,Unknown,Department of Water Resources,Voluntary,4,5,2011
Glenn_01.01.2003-06.21.2013.csv,Glenn,39.7473,-122.1559,W002,2013-09-18 13:29:54,397473N1221559W002,22N03W24E002M,8/1/2011,00:00,,,58.150,0.000,58.150,231.925,230.525,173.775,56.750,UNK - Unknown,Unknown,Department of Water Resources,Voluntary,8,1,2011
Glenn_01.01.2003-06.21.2013.csv,Glenn,39.7473,-122.1559,W002,2013-09-18 13:29:54,397473N1221559W002,22N03W24E002M,11/28/2011,00:00,,,34.330,0.000,34.330,231.925,230.525,197.595,32.930,UNK - Unknown,Unknown,Department of Water Resources,Voluntary,11,28,2011
Glenn_01.01.2003-06.21.2013.csv,Glenn,39.7473,-122.1559,W003,2013-09-18 13:29:54,397473N1221559W003,22N03W24E003M,10/12/2011,00:00,,,20.550,0.000,20.550,232.410,230.510,211.860,18.650,ES - Electric sounder measurement,0.01 Ft,Department of Water Resources,CASGEM,10,12,2011
Glenn_01.01.2003-06.21.2013.csv,Glenn,39.7473,-122.1559,W003,2013-09-18 13:29:54,397473N1221559W003,22N03W24E003M,3/29/2012,00:00,,,24.650,0.000,24.650,232.410,230.510,207.760,22.750,ES - Electric sounder measurement,0.01 Ft,Department of Water Resources,CASGEM,3,29,2012
Glenn_01.01.2003-06.21.2013.csv,Glenn,39.7473,-122.1559,W003,2013-09-18 13:29:54,397473N1221559W003,22N03W24E003M,8/2/2012,00:00,,,23.270,0.000,23.270,232.410,230.510,209.140,21.370,ES - Electric sounder measurement,0.01 Ft,Department of Water Resources,CASGEM,8,2,2012
Glenn_01.01.2003-06.21.2013.csv,Glenn,39.7473,-122.1559,W003,2013-09-18 13:29:54,397473N1221559W003,22N03W24E003M,10/17/2012,00:00,,,22.590,0.000,22.590,232.410,230.510,209.820,20.690,ES - Electric sounder measurement,0.01 Ft,Department of Water Resources,CASGEM,10,17,2012
Glenn_01.01.2003-06.21.2013.csv,Glenn,39.7473,-122.1559,W003,2013-09-18 13:29:54,397473N1221559W003,22N03W24E003M,3/19/2013,00:00,,,22.330,0.000,22.330,232.410,230.510,210.080,20.430,ES - Electric sounder measurement,0.01 Ft,Department of Water Resources,CASGEM,3,19,2013
Glenn_01.01.2003-06.21.2013.csv,Glenn,39.7473,-122.1559,W003,2013-09-18 13:29:54,397473N1221559W003,22N03W24E003M,6/14/2004,18:00,,,16.060,0.000,16.060,232.410,230.510,216.350,14.160,UNK - Unknown,Unknown,Department of Water Resources,Voluntary,6,14,2004
Glenn_01.01.2003-06.21.2013.csv,Glenn,39.7473,-122.1559,W003,2013-09-18 13:29:54,397473N1221559W003,22N03W24E003M,7/13/2004,00:00,,,17.700,0.000,17.700,232.410,230.510,214.710,15.800,UNK - Unknown,Unknown,Department of Water Resources,Voluntary,7,13,2004
Glenn_01.01.2003-06.21.2013.csv,Glenn,39.7473,-122.1559,W003,2013-09-18 13:29:54,397473N1221559W003,22N03W24E003M,7/27/2004,00:00,,,17.000,0.000,17.000,232.410,230.510,215.410,15.100,UNK - Unknown,Unknown,Department of Water Resources,Voluntary,7,27,2004
Glenn_01.01.2003-06.21.2013.csv,Glenn,39.7473,-122.1559,W003,2013-09-18 13:29:54,397473N1221559W003,22N03W24E003M,8/25/2004,00:00,,,18.800,0.000,18.800,232.410,230.510,213.610,16.900,UNK - Unknown,Unknown,Department of Water Resources,Voluntary,8,25,2004
Glenn_01.01.2003-06.21.2013.csv,Glenn,39.7473,-122.1559,W003,2013-09-18 13:29:54,397473N1221559W003,22N03W24E003M,9/21/2004,00:00,,,17.900,0.000,17.900,232.410,230.510,214.510,16.000,UNK - Unknown,Unknown,Department of Water Resources,Voluntary,9,21,2004
Glenn_01.01.2003-06.21.2013.csv,Glenn,39.7473,-122.1559,W003,2013-09-18 13:29:54,397473N1221559W003,22N03W24E003M,10/20/2004,00:00,,,19.500,0.000,19.500,232.410,230.510,212.910,17.600,UNK - Unknown,Unknown,Department of Water Resources,Voluntary,10,20,2004
Glenn_01.01.2003-06.21.2013.csv,Glenn,39.7473,-122.1559,W003,2013-09-18 13:29:54,397473N1221559W003,22N03W24E003M,11/22/2004,00:00,,,20.900,0.000,20.900,232.410,230.510,211.510,19.000,UNK - Unknown,Unknown,Department of Water Resources,Voluntary,11,22,2004
Glenn_01.01.2003-06.21.2013.csv,Glenn,39.7473,-122.1559,W003,2013-09-18 13:29:54,397473N1221559W003,22N03W24E003M,3/31/2005,00:00,,,16.400,0.000,16.400,232.410,230.510,216.010,14.500,UNK - Unknown,Unknown,Department of Water Resources,Voluntary,3,31,2005
Glenn_01.01.2003-06.21.2013.csv,Glenn,39.7473,-122.1559,W003,2013-09-18 13:29:54,397473N1221559W003,22N03W24E003M,4/28/2005,00:00,,,17.900,0.000,17.900,232.410,230.510,214.510,16.000,UNK - Unknown,Unknown,Department of Water Resources,Voluntary,4,28,2005
Glenn_01.01.2003-06.21.2013.csv,Glenn,39.7473,-122.1559,W003,2013-09-18 13:29:54,397473N1221559W003,22N03W24E003M,5/27/2005,00:00,,,18.200,0.000,18.200,232.410,230.510,214.210,16.300,UNK - Unknown,Unknown,Department of Water Resources,Voluntary,5,27,2005
Glenn_01.01.2003-06.21.2013.csv,Glenn,39.7473,-122.1559,W003,2013-09-18 13:29:54,397473N1221559W003,22N03W24E003M,6/23/2005,00:00,,,17.800,0.000,17.800,232.410,230.510,214.610,15.900,UNK - Unknown,Unknown,Department of Water Resources,Voluntary,6,23,2005
Glenn_01.01.2003-06.21.2013.csv,Glenn,39.7473,-122.1559,W003,2013-09-18 13:29:54,397473N1221559W003,22N03W24E003M,7/28/2005,00:00,,,18.500,0.000,18.500,232.410,230.510,213.910,16.600,UNK - Unknown,Unknown,Department of Water Resources,Voluntary,7,28,2005
Glenn_01.01.2003-06.21.2013.csv,Glenn,39.7473,-122.1559,W003,2013-09-18 13:29:54,397473N1221559W003,22N03W24E003M,8/26/2005,00:00,,,18.300,0.000,18.300,232.410,230.510,214.110,16.400,UNK - Unknown,Unknown,Department of Water Resources,Voluntary,8,26,2005
Glenn_01.01.2003-06.21.2013.csv,Glenn,39.7473,-122.1559,W003,2013-09-18 13:29:54,397473N1221559W003,22N03W24E003M,9/29/2005,00:00,,,19.500,0.000,19.500,232.410,230.510,212.910,17.600,UNK - Unknown,Unknown,Department of Water Resources,Voluntary,9,29,2005
Glenn_01.01.2003-06.21.2013.csv,Glenn,39.7473,-122.1559,W003,2013-09-18 13:29:54,397473N1221559W003,22N03W24E003M,10/21/2005,00:00,,,20.300,0.000,20.300,232.410,230.510,212.110,18.400,UNK - Unknown,Unknown,Department of Water Resources,Voluntary,10,21,2005
Glenn_01.01.2003-06.21.2013.csv,Glenn,39.7473,-122.1559,W003,2013-09-18 13:29:54,397473N1221559W003,22N03W24E003M,3/29/2006,00:00,,,15.500,0.000,15.500,232.410,230.510,216.910,13.600,UNK - Unknown,Unknown,Department of Water Resources,Voluntary,3,29,2006
Glenn_01.01.2003-06.21.2013.csv,Glenn,39.7473,-122.1559,W003,2013-09-18 13:29:54,397473N1221559W003,22N03W24E003M,5/19/2006,00:00,,,14.500,0.000,14.500,232.410,230.510,217.910,12.600,UNK - Unknown,Unknown,Department of Water Resources,Voluntary,5,19,2006
Glenn_01.01.2003-06.21.2013.csv,Glenn,39.7473,-122.1559,W003,2013-09-18 13:29:54,397473N1221559W003,22N03W24E003M,8/4/2006,00:00,,,18.900,0.000,18.900,232.410,230.510,213.510,17.000,UNK - Unknown,Unknown,Department of Water Resources,Voluntary,8,4,2006
Glenn_01.01.2003-06.21.2013.csv,Glenn,39.7473,-122.1559,W003,2013-09-18 13:29:54,397473N1221559W003,22N03W24E003M,10/12/2006,00:00,,,21.600,0.000,21.600,232.410,230.510,210.810,19.700,UNK - Unknown,Unknown,Department of Water Resources,Voluntary,10,12,2006
Glenn_01.01.2003-06.21.2013.csv,Glenn,39.7473,-122.1559,W003,2013-09-18 13:29:54,397473N1221559W003,22N03W24E003M,3/20/2007,00:00,,,23.290,0.000,23.290,232.410,230.510,209.120,21.390,UNK - Unknown,Unknown,Department of Water Resources,Voluntary,3,20,2007
Glenn_01.01.2003-06.21.2013.csv,Glenn,39.7473,-122.1559,W003,2013-09-18 13:29:54,397473N1221559W003,22N03W24E003M,5/3/2007,00:00,,,23.300,0.000,23.300,232.410,230.510,209.110,21.400,UNK - Unknown,Unknown,Department of Water Resources,Voluntary,5,3,2007
Glenn_01.01.2003-06.21.2013.csv,Glenn,39.7473,-122.1559,W003,2013-09-18 13:29:54,397473N1221559W003,22N03W24E003M,5/18/2007,00:00,,,23.500,0.000,23.500,232.410,230.510,208.910,21.600,UNK - Unknown,Unknown,Department of Water Resources,Voluntary,5,18,2007
Glenn_01.01.2003-06.21.2013.csv,Glenn,39.7473,-122.1559,W003,2013-09-18 13:29:54,397473N1221559W003,22N03W24E003M,5/30/2007,00:00,,,23.300,0.000,23.300,232.410,230.510,209.110,21.400,UNK - Unknown,Unknown,Department of Water Resources,Voluntary,5,30,2007
Glenn_01.01.2003-06.21.2013.csv,Glenn,39.7473,-122.1559,W003,2013-09-18 13:29:54,397473N1221559W003,22N03W24E003M,6/20/2007,00:00,,,22.900,0.000,22.900,232.410,230.510,209.510,21.000,UNK - Unknown,Unknown,Department of Water Resources,Voluntary,6,20,2007
Glenn_01.01.2003-06.21.2013.csv,Glenn,39.7473,-122.1559,W003,2013-09-18 13:29:54,397473N1221559W003,22N03W24E003M,8/9/2007,00:00,,,23.880,0.000,23.880,232.410,230.510,208.530,21.980,UNK - Unknown,Unknown,Department of Water Resources,Voluntary,8,9,2007
Glenn_01.01.2003-06.21.2013.csv,Glenn,39.7473,-122.1559,W003,2013-09-18 13:29:54,397473N1221559W003,22N03W24E003M,10/15/2007,00:00,,,23.190,0.000,23.190,232.410,230.510,209.220,21.290,UNK - Unknown,Unknown,Department of Water Resources,Voluntary,10,15,2007
Glenn_01.01.2003-06.21.2013.csv,Glenn,39.7473,-122.1559,W003,2013-09-18 13:29:54,397473N1221559W003,22N03W24E003M,1/15/2008,00:00,,,23.990,0.000,23.990,232.410,230.510,208.420,22.090,UNK - Unknown,Unknown,Department of Water Resources,Voluntary,1,15,2008
Glenn_01.01.2003-06.21.2013.csv,Glenn,39.7473,-122.1559,W003,2013-09-18 13:29:54,397473N1221559W003,22N03W24E003M,3/13/2008,00:00,,,18.490,0.000,18.490,232.410,230.510,213.920,16.590,UNK - Unknown,Unknown,Department of Water Resources,Voluntary,3,13,2008
Glenn_01.01.2003-06.21.2013.csv,Glenn,39.7473,-122.1559,W003,2013-09-18 13:29:54,397473N1221559W003,22N03W24E003M,6/27/2008,00:00,,,21.700,0.000,21.700,232.410,230.510,210.710,19.800,UNK - Unknown,Unknown,County of Glenn,Voluntary,6,27,2008
Glenn_01.01.2003-06.21.2013.csv,Glenn,39.7473,-122.1559,W003,2013-09-18 13:29:54,397473N1221559W003,22N03W24E003M,7/8/2008,00:00,,,21.810,0.000,21.810,232.410,230.510,210.600,19.910,UNK - Unknown,Unknown,County of Glenn,Voluntary,7,8,2008
Glenn_01.01.2003-06.21.2013.csv,Glenn,39.7473,-122.1559,W003,2013-09-18 13:29:54,397473N1221559W003,22N03W24E003M,8/5/2008,00:00,,,21.400,0.000,21.400,232.410,230.510,211.010,19.500,UNK - Unknown,Unknown,Department of Water Resources,Voluntary,8,5,2008
Glenn_01.01.2003-06.21.2013.csv,Glenn,39.7473,-122.1559,W003,2013-09-18 13:29:54,397473N1221559W003,22N03W24E003M,10/23/2008,00:00,,,22.470,0.000,22.470,232.410,230.510,209.940,20.570,UNK - Unknown,Unknown,Department of Water Resources,Voluntary,10,23,2008
Glenn_01.01.2003-06.21.2013.csv,Glenn,39.7473,-122.1559,W003,2013-09-18 13:29:54,397473N1221559W003,22N03W24E003M,1/12/2009,00:00,,,24.540,0.000,24.540,232.410,230.510,207.870,22.640,UNK - Unknown,Unknown,Department of Water Resources,Voluntary,1,12,2009
Glenn_01.01.2003-06.21.2013.csv,Glenn,39.7473,-122.1559,W003,2013-09-18 13:29:54,397473N1221559W003,22N03W24E003M,3/23/2009,00:00,,,19.780,0.000,19.780,232.410,230.510,212.630,17.880,UNK - Unknown,Unknown,Department of Water Resources,Voluntary,3,23,2009
Glenn_01.01.2003-06.21.2013.csv,Glenn,39.7473,-122.1559,W003,2013-09-18 13:29:54,397473N1221559W003,22N03W24E003M,5/15/2009,00:00,,,22.310,0.000,22.310,232.410,230.510,210.100,20.410,UNK - Unknown,Unknown,Department of Water Resources,Voluntary,5,15,2009
Glenn_01.01.2003-06.21.2013.csv,Glenn,39.7473,-122.1559,W003,2013-09-18 13:29:54,397473N1221559W003,22N03W24E003M,6/23/2009,00:00,,,22.150,0.000,22.150,232.410,230.510,210.260,20.250,UNK - Unknown,Unknown,Department of Water Resources,Voluntary,6,23,2009
Glenn_01.01.2003-06.21.2013.csv,Glenn,39.7473,-122.1559,W003,2013-09-18 13:29:54,397473N1221559W003,22N03W24E003M,8/6/2009,00:00,,,22.230,0.000,22.230,232.410,230.510,210.180,20.330,UNK - Unknown,Unknown,Department of Water Resources,Voluntary,8,6,2009
Glenn_01.01.2003-06.21.2013.csv,Glenn,39.7473,-122.1559,W003,2013-09-18 13:29:54,397473N1221559W003,22N03W24E003M,9/16/2009,00:00,,,22.620,0.000,22.620,232.410,230.510,209.790,20.720,UNK - Unknown,Unknown,Department of Water Resources,Voluntary,9,16,2009
Glenn_01.01.2003-06.21.2013.csv,Glenn,39.7473,-122.1559,W003,2013-09-18 13:29:54,397473N1221559W003,22N03W24E003M,10/22/2009,00:00,,,23.130,0.000,23.130,232.410,230.510,209.280,21.230,UNK - Unknown,Unknown,Department of Water Resources,Voluntary,10,22,2009
Glenn_01.01.2003-06.21.2013.csv,Glenn,39.7473,-122.1559,W003,2013-09-18 13:29:54,397473N1221559W003,22N03W24E003M,3/24/2010,00:00,,,17.730,0.000,17.730,232.410,230.510,214.680,15.830,UNK - Unknown,Unknown,Department of Water Resources,Voluntary,3,24,2010
Glenn_01.01.2003-06.21.2013.csv,Glenn,39.7473,-122.1559,W003,2013-09-18 13:29:54,397473N1221559W003,22N03W24E003M,8/2/2010,00:00,,,20.290,0.000,20.290,232.410,230.510,212.120,18.390,UNK - Unknown,Unknown,Department of Water Resources,Voluntary,8,2,2010
Glenn_01.01.2003-06.21.2013.csv,Glenn,39.7473,-122.1559,W003,2013-09-18 13:29:54,397473N1221559W003,22N03W24E003M,10/18/2010,00:00,,,21.300,0.000,21.300,232.410,230.510,211.110,19.400,UNK - Unknown,Unknown,Department of Water Resources,Voluntary,10,18,2010
Glenn_01.01.2003-06.21.2013.csv,Glenn,39.7473,-122.1559,W003,2013-09-18 13:29:54,397473N1221559W003,22N03W24E003M,1/18/2011,00:00,,,20.580,0.000,20.580,232.410,230.510,211.830,18.680,UNK - Unknown,Unknown,Department of Water Resources,Voluntary,1,18,2011
Glenn_01.01.2003-06.21.2013.csv,Glenn,39.7473,-122.1559,W003,2013-09-18 13:29:54,397473N1221559W003,22N03W24E003M,2/11/2011,00:00,,,21.500,0.000,21.500,232.410,230.510,210.910,19.600,UNK - Unknown,Unknown,Department of Water Resources,Voluntary,2,11,2011
Glenn_01.01.2003-06.21.2013.csv,Glenn,39.7473,-122.1559,W003,2013-09-18 13:29:54,397473N1221559W003,22N03W24E003M,2/14/2011,00:00,,,21.660,0.000,21.660,232.410,230.510,210.750,19.760,UNK - Unknown,Unknown,Department of Water Resources,Voluntary,2,14,2011
Glenn_01.01.2003-06.21.2013.csv,Glenn,39.7473,-122.1559,W003,2013-09-18 13:29:54,397473N1221559W003,22N03W24E003M,4/5/2011,00:00,,,17.580,0.000,17.580,232.410,230.510,214.830,15.680,UNK - Unknown,Unknown,Department of Water Resources,Voluntary,4,5,2011
Glenn_01.01.2003-06.21.2013.csv,Glenn,39.7473,-122.1559,W003,2013-09-18 13:29:54,397473N1221559W003,22N03W24E003M,8/1/2011,00:00,,,19.310,0.000,19.310,232.410,230.510,213.100,17.410,UNK - Unknown,Unknown,Department of Water Resources,Voluntary,8,1,2011
Glenn_01.01.2003-06.21.2013.csv,Glenn,39.7473,-122.1559,W003,2013-09-18 13:29:54,397473N1221559W003,22N03W24E003M,11/28/2011,00:00,,,22.930,0.000,22.930,232.410,230.510,209.480,21.030,UNK - Unknown,Unknown,Department of Water Resources,Voluntary,11,28,2011
Glenn_01.01.2003-06.21.2013.csv,Glenn,39.7475,-122.0221,W001,2013-09-18 13:29:54,397475N1220221W001,22N01W19K005M,10/12/2011,00:00,,1 - Pumping,254.920,0.000,254.920,153.000,154.200,-101.920,256.120,ES - Electric sounder measurement,0.01 Ft,Department of Water Resources,Voluntary,10,12,2011
Glenn_01.01.2003-06.21.2013.csv,Glenn,39.7475,-122.0221,W001,2013-09-18 13:29:54,397475N1220221W001,22N01W19K005M,3/29/2012,00:00,,,27.100,0.000,27.100,153.000,154.200,125.900,28.300,ES - Electric sounder measurement,0.01 Ft,Department of Water Resources,Voluntary,3,29,2012
Glenn_01.01.2003-06.21.2013.csv,Glenn,39.7475,-122.0221,W001,2013-09-18 13:29:54,397475N1220221W001,22N01W19K005M,8/1/2012,00:00,,,38.430,0.000,38.430,153.000,154.200,114.570,39.630,ES - Electric sounder measurement,0.01 Ft,Department of Water Resources,Voluntary,8,1,2012
Glenn_01.01.2003-06.21.2013.csv,Glenn,39.7475,-122.0221,W001,2013-09-18 13:29:54,397475N1220221W001,22N01W19K005M,10/18/2012,00:00,,,38.310,0.000,38.310,153.000,154.200,114.690,39.510,ES - Electric sounder measurement,0.01 Ft,Department of Water Resources,Voluntary,10,18,2012
Glenn_01.01.2003-06.21.2013.csv,Glenn,39.7475,-122.0221,W001,2013-09-18 13:29:54,397475N1220221W001,22N01W19K005M,8/3/2011,00:00,,1 - Pumping,244.740,0.000,244.740,153.000,154.200,-91.740,245.940,UNK - Unknown,Unknown,Department of Water Resources,Voluntary,8,3,2011
Glenn_01.01.2003-06.21.2013.csv,Glenn,39.7475,-122.0221,W001,2013-09-18 13:29:54,397475N1220221W001,22N01W19K005M,10/12/2011,00:00,,1 - Pumping,254.920,0.000,254.920,153.000,154.200,-101.920,256.120,UNK - Unknown,Unknown,Department of Water Resources,Voluntary,10,12,2011
Glenn_01.01.2003-06.21.2013.csv,Glenn,39.7475,-122.0221,W001,2013-09-18 13:29:54,397475N1220221W001,22N01W19K005M,4/5/2011,00:00,,,24.610,0.000,24.610,153.000,154.200,128.390,25.810,UNK - Unknown,Unknown,Department of Water Resources,Voluntary,4,5,2011
Glenn_01.01.2003-06.21.2013.csv,Glenn,39.7475,-122.0221,W001,2013-09-18 13:29:54,397475N1220221W001,22N01W19K005M,6/24/2011,00:00,,1 - Pumping,220.020,0.000,220.020,153.000,154.200,-67.020,221.220,UNK - Unknown,Unknown,Department of Water Resources,Voluntary,6,24,2011
Glenn_01.01.2003-06.21.2013.csv,Glenn,39.7475,-122.0221,W001,2013-09-18 13:29:54,397475N1220221W001,22N01W19K005M,11/28/2011,00:00,,,55.710,0.000,55.710,153.000,154.200,97.290,56.910,UNK - Unknown,Unknown,Department of Water Resources,Voluntary,11,28,2011
Glenn_01.01.2003-06.21.2013.csv,Glenn,39.7475,-122.0221,W001,2013-09-18 13:29:54,397475N1220221W001,22N01W19K005M,3/18/2013,00:00,,,26.460,0.000,26.460,153.000,154.200,126.540,27.660,ES - Electric sounder measurement,0.01 Ft,Department of Water Resources,Voluntary,3,18,2013
Glenn_01.01.2003-06.21.2013.csv,Glenn,39.7478,-122.2092,W001,2013-09-18 13:29:54,397478N1222092W001,22N03W21F002M,10/12/2011,00:00,,,23.170,0.000,23.170,265.470,264.470,242.300,22.170,ES - Electric sounder measurement,0.01 Ft,Department of Water Resources,Voluntary,10,12,2011
Glenn_01.01.2003-06.21.2013.csv,Glenn,39.7478,-122.2092,W001,2013-09-18 13:29:54,397478N1222092W001,22N03W21F002M,3/30/2012,00:00,,,28.000,0.900,27.100,265.470,264.470,238.370,26.100,ST - Steel tape measurement,0.1 Ft,Department of Water Resources,Voluntary,3,30,2012
Glenn_01.01.2003-06.21.2013.csv,Glenn,39.7478,-122.2092,W001,2013-09-18 13:29:54,397478N1222092W001,22N03W21F002M,8/1/2012,00:00,,,25.890,0.000,25.890,265.470,264.470,239.580,24.890,ES - Electric sounder measurement,0.01 Ft,Department of Water Resources,Voluntary,8,1,2012
Glenn_01.01.2003-06.21.2013.csv,Glenn,39.7478,-122.2092,W001,2013-09-18 13:29:54,397478N1222092W001,22N03W21F002M,10/17/2012,00:00,,,21.860,0.000,21.860,265.470,264.470,243.610,20.860,ES - Electric sounder measurement,0.01 Ft,Department of Water Resources,Voluntary,10,17,2012
Glenn_01.01.2003-06.21.2013.csv,Glenn,39.7478,-122.2092,W001,2013-09-18 13:29:54,397478N1222092W001,22N03W21F002M,2/18/2003,00:00,,,18.100,0.000,18.100,265.470,264.470,247.370,17.100,UNK - Unknown,Unknown,Department of Water Resources,Voluntary,2,18,2003
Glenn_01.01.2003-06.21.2013.csv,Glenn,39.7478,-122.2092,W001,2013-09-18 13:29:54,397478N1222092W001,22N03W21F002M,1/8/2003,00:00,,,18.700,0.000,18.700,265.470,264.470,246.770,17.700,UNK - Unknown,Unknown,Department of Water Resources,Voluntary,1,8,2003
Glenn_01.01.2003-06.21.2013.csv,Glenn,39.7478,-122.2092,W001,2013-09-18 13:29:54,397478N1222092W001,22N03W21F002M,3/13/2003,00:00,,,19.600,0.000,19.600,265.470,264.470,245.870,18.600,UNK - Unknown,Unknown,Department of Water Resources,Voluntary,3,13,2003
Glenn_01.01.2003-06.21.2013.csv,Glenn,39.7478,-122.2092,W001,2013-09-18 13:29:54,397478N1222092W001,22N03W21F002M,4/9/2003,00:00,,,20.000,0.000,20.000,265.470,264.470,245.470,19.000,UNK - Unknown,Unknown,Department of Water Resources,Voluntary,4,9,2003
Glenn_01.01.2003-06.21.2013.csv,Glenn,39.7478,-122.2092,W001,2013-09-18 13:29:54,397478N1222092W001,22N03W21F002M,5/28/2003,00:00,7 - Special/Other,,NULL,NULL,NULL,265.470,264.470,NULL,NULL,,,Department of Water Resources,Voluntary,5,28,2003
Glenn_01.01.2003-06.21.2013.csv,Glenn,39.7478,-122.2092,W001,2013-09-18 13:29:54,397478N1222092W001,22N03W21F002M,6/19/2003,00:00,,,22.300,0.000,22.300,265.470,264.470,243.170,21.300,UNK - Unknown,Unknown,Department of Water Resources,Voluntary,6,19,2003
Glenn_01.01.2003-06.21.2013.csv,Glenn,39.7478,-122.2092,W001,2013-09-18 13:29:54,397478N1222092W001,22N03W21F002M,7/11/2003,00:00,,,22.400,0.000,22.400,265.470,264.470,243.070,21.400,UNK - Unknown,Unknown,Department of Water Resources,Voluntary,7,11,2003
Glenn_01.01.2003-06.21.2013.csv,Glenn,39.7478,-122.2092,W001,2013-09-18 13:29:54,397478N1222092W001,22N03W21F002M,7/18/2003,00:00,,,21.700,0.000,21.700,265.470,264.470,243.770,20.700,UNK - Unknown,Unknown,Department of Water Resources,Voluntary,7,18,2003
Glenn_01.01.2003-06.21.2013.csv,Glenn,39.7478,-122.2092,W001,2013-09-18 13:29:54,397478N1222092W001,22N03W21F002M,7/24/2003,00:00,,,21.600,0.000,21.600,265.470,264.470,243.870,20.600,UNK - Unknown,Unknown,Department of Water Resources,Voluntary,7,24,2003
Glenn_01.01.2003-06.21.2013.csv,Glenn,39.7478,-122.2092,W001,2013-09-18 13:29:54,397478N1222092W001,22N03W21F002M,7/31/2003,00:00,,,21.400,0.000,21.400,265.470,264.470,244.070,20.400,UNK - Unknown,Unknown,Department of Water Resources,Voluntary,7,31,2003
Glenn_01.01.2003-06.21.2013.csv,Glenn,39.7478,-122.2092,W001,2013-09-18 13:29:54,397478N1222092W001,22N03W21F002M,8/26/2003,00:00,,,20.300,0.000,20.300,265.470,264.470,245.170,19.300,UNK - Unknown,Unknown,Department of Water Resources,Voluntary,8,26,2003
Glenn_01.01.2003-06.21.2013.csv,Glenn,39.7478,-122.2092,W001,2013-09-18 13:29:54,397478N1222092W001,22N03W21F002M,8/7/2003,00:00,,,20.300,0.000,20.300,265.470,264.470,245.170,19.300,UNK - Unknown,Unknown,Department of Water Resources,Voluntary,8,7,2003
Glenn_01.01.2003-06.21.2013.csv,Glenn,39.7478,-122.2092,W001,2013-09-18 13:29:54,397478N1222092W001,22N03W21F002M,8/14/2003,00:00,,,23.100,0.000,23.100,265.470,264.470,242.370,22.100,UNK - Unknown,Unknown,Department of Water Resources,Voluntary,8,14,2003
Glenn_01.01.2003-06.21.2013.csv,Glenn,39.7478,-122.2092,W001,2013-09-18 13:29:54,397478N1222092W001,22N03W21F002M,8/21/2003,00:00,,,21.800,0.000,21.800,265.470,264.470,243.670,20.800,UNK - Unknown,Unknown,Department of Water Resources,Voluntary,8,21,2003
Glenn_01.01.2003-06.21.2013.csv,Glenn,39.7478,-122.2092,W001,2013-09-18 13:29:54,397478N1222092W001,22N03W21F002M,9/4/2003,00:00,,,19.900,0.000,19.900,265.470,264.470,245.570,18.900,UNK - Unknown,Unknown,Department of Water Resources,Voluntary,9,4,2003
Glenn_01.01.2003-06.21.2013.csv,Glenn,39.7478,-122.2092,W001,2013-09-18 13:29:54,397478N1222092W001,22N03W21F002M,9/22/2003,00:00,,,20.100,0.000,20.100,265.470,264.470,245.370,19.100,UNK - Unknown,Unknown,Department of Water Resources,Voluntary,9,22,2003
Glenn_01.01.2003-06.21.2013.csv,Glenn,39.7478,-122.2092,W001,2013-09-18 13:29:54,397478N1222092W001,22N03W21F002M,9/25/2003,00:00,,,21.200,0.000,21.200,265.470,264.470,244.270,20.200,UNK - Unknown,Unknown,Department of Water Resources,Voluntary,9,25,2003
Glenn_01.01.2003-06.21.2013.csv,Glenn,39.7478,-122.2092,W001,2013-09-18 13:29:54,397478N1222092W001,22N03W21F002M,10/2/2003,00:00,,,19.400,0.000,19.400,265.470,264.470,246.070,18.400,UNK - Unknown,Unknown,Department of Water Resources,Voluntary,10,2,2003
Glenn_01.01.2003-06.21.2013.csv,Glenn,39.7478,-122.2092,W001,2013-09-18 13:29:54,397478N1222092W001,22N03W21F002M,10/16/2003,00:00,,,21.400,0.000,21.400,265.470,264.470,244.070,20.400,UNK - Unknown,Unknown,Department of Water Resources,Voluntary,10,16,2003
Glenn_01.01.2003-06.21.2013.csv,Glenn,39.7478,-122.2092,W001,2013-09-18 13:29:54,397478N1222092W001,22N03W21F002M,10/9/2003,00:00,,,19.800,0.000,19.800,265.470,264.470,245.670,18.800,UNK - Unknown,Unknown,Department of Water Resources,Voluntary,10,9,2003
Glenn_01.01.2003-06.21.2013.csv,Glenn,39.7478,-122.2092,W001,2013-09-18 13:29:54,397478N1222092W001,22N03W21F002M,10/23/2003,00:00,,,21.600,0.000,21.600,265.470,264.470,243.870,20.600,UNK - Unknown,Unknown,Department of Water Resources,Voluntary,10,23,2003
Glenn_01.01.2003-06.21.2013.csv,Glenn,39.7478,-122.2092,W001,2013-09-18 13:29:54,397478N1222092W001,22N03W21F002M,10/30/2003,00:00,,,21.600,0.000,21.600,265.470,264.470,243.870,20.600,UNK - Unknown,Unknown,Department of Water Resources,Voluntary,10,30,2003
Glenn_01.01.2003-06.21.2013.csv,Glenn,39.7478,-122.2092,W001,2013-09-18 13:29:54,397478N1222092W001,22N03W21F002M,11/25/2003,00:00,,,21.400,0.000,21.400,265.470,264.470,244.070,20.400,UNK - Unknown,Unknown,Department of Water Resources,Voluntary,11,25,2003
Glenn_01.01.2003-06.21.2013.csv,Glenn,39.7478,-122.2092,W001,2013-09-18 13:29:54,397478N1222092W001,22N03W21F002M,11/6/2003,00:00,,,20.000,0.000,20.000,265.470,264.470,245.470,19.000,UNK - Unknown,Unknown,Department of Water Resources,Voluntary,11,6,2003
Glenn_01.01.2003-06.21.2013.csv,Glenn,39.7478,-122.2092,W001,2013-09-18 13:29:54,397478N1222092W001,22N03W21F002M,11/13/2003,00:00,,,20.200,0.000,20.200,265.470,264.470,245.270,19.200,UNK - Unknown,Unknown,Department of Water Resources,Voluntary,11,13,2003
Glenn_01.01.2003-06.21.2013.csv,Glenn,39.7478,-122.2092,W001,2013-09-18 13:29:54,397478N1222092W001,22N03W21F002M,12/9/2003,00:00,,4 - Pumped recently,21.900,0.000,21.900,265.470,264.470,243.570,20.900,UNK - Unknown,Unknown,Department of Water Resources,Voluntary,12,9,2003
Glenn_01.01.2003-06.21.2013.csv,Glenn,39.7478,-122.2092,W001,2013-09-18 13:29:54,397478N1222092W001,22N03W21F002M,3/31/2004,00:00,,,18.300,0.000,18.300,265.470,264.470,247.170,17.300,UNK - Unknown,Unknown,Department of Water Resources,Voluntary,3,31,2004
Glenn_01.01.2003-06.21.2013.csv,Glenn,39.7478,-122.2092,W001,2013-09-18 13:29:54,397478N1222092W001,22N03W21F002M,4/26/2004,00:00,,,20.100,0.000,20.100,265.470,264.470,245.370,19.100,UNK - Unknown,Unknown,Department of Water Resources,Voluntary,4,26,2004
Glenn_01.01.2003-06.21.2013.csv,Glenn,39.7478,-122.2092,W001,2013-09-18 13:29:54,397478N1222092W001,22N03W21F002M,5/21/2004,00:00,,,21.300,0.000,21.300,265.470,264.470,244.170,20.300,UNK - Unknown,Unknown,Department of Water Resources,Voluntary,5,21,2004
Glenn_01.01.2003-06.21.2013.csv,Glenn,39.7478,-122.2092,W001,2013-09-18 13:29:54,397478N1222092W001,22N03W21F002M,2/10/2004,00:00,,,19.100,0.000,19.100,265.470,264.470,246.370,18.100,UNK - Unknown,Unknown,Department of Water Resources,Voluntary,2,10,2004
Glenn_01.01.2003-06.21.2013.csv,Glenn,39.7478,-122.2092,W001,2013-09-18 13:29:54,397478N1222092W001,22N03W21F002M,7/27/2004,00:00,,,21.500,0.000,21.500,265.470,264.470,243.970,20.500,UNK - Unknown,Unknown,Department of Water Resources,Voluntary,7,27,2004
Glenn_01.01.2003-06.21.2013.csv,Glenn,39.7478,-122.2092,W001,2013-09-18 13:29:54,397478N1222092W001,22N03W21F002M,6/21/2004,00:00,,,21.700,0.000,21.700,265.470,264.470,243.770,20.700,UNK - Unknown,Unknown,Department of Water Resources,Voluntary,6,21,2004
Glenn_01.01.2003-06.21.2013.csv,Glenn,39.7478,-122.2092,W001,2013-09-18 13:29:54,397478N1222092W001,22N03W21F002M,8/24/2004,00:00,,4 - Pumped recently,22.600,0.000,22.600,265.470,264.470,242.870,21.600,UNK - Unknown,Unknown,Department of Water Resources,Voluntary,8,24,2004
Glenn_01.01.2003-06.21.2013.csv,Glenn,39.7478,-122.2092,W001,2013-09-18 13:29:54,397478N1222092W001,22N03W21F002M,9/21/2004,00:00,,,21.300,0.000,21.300,265.470,264.470,244.170,20.300,UNK - Unknown,Unknown,Department of Water Resources,Voluntary,9,21,2004
Glenn_01.01.2003-06.21.2013.csv,Glenn,39.7478,-122.2092,W001,2013-09-18 13:29:54,397478N1222092W001,22N03W21F002M,10/19/2004,00:00,,,21.400,0.000,21.400,265.470,264.470,244.070,20.400,UNK - Unknown,Unknown,Department of Water Resources,Voluntary,10,19,2004
Glenn_01.01.2003-06.21.2013.csv,Glenn,39.7478,-122.2092,W001,2013-09-18 13:29:54,397478N1222092W001,22N03W21F002M,11/22/2004,00:00,,,21.900,0.000,21.900,265.470,264.470,243.570,20.900,UNK - Unknown,Unknown,Department of Water Resources,Voluntary,11,22,2004
Glenn_01.01.2003-06.21.2013.csv,Glenn,39.7478,-122.2092,W001,2013-09-18 13:29:54,397478N1222092W001,22N03W21F002M,3/31/2005,00:00,,,17.800,0.000,17.800,265.470,264.470,247.670,16.800,UNK - Unknown,Unknown,Department of Water Resources,Voluntary,3,31,2005
Glenn_01.01.2003-06.21.2013.csv,Glenn,39.7478,-122.2092,W001,2013-09-18 13:29:54,397478N1222092W001,22N03W21F002M,4/28/2005,00:00,,,20.600,0.000,20.600,265.470,264.470,244.870,19.600,UNK - Unknown,Unknown,Department of Water Resources,Voluntary,4,28,2005
Glenn_01.01.2003-06.21.2013.csv,Glenn,39.7478,-122.2092,W001,2013-09-18 13:29:54,397478N1222092W001,22N03W21F002M,5/25/2005,00:00,,,22.000,0.000,22.000,265.470,264.470,243.470,21.000,UNK - Unknown,Unknown,Department of Water Resources,Voluntary,5,25,2005
Glenn_01.01.2003-06.21.2013.csv,Glenn,39.7478,-122.2092,W001,2013-09-18 13:29:54,397478N1222092W001,22N03W21F002M,6/24/2005,00:00,,,21.400,0.000,21.400,265.470,264.470,244.070,20.400,UNK - Unknown,Unknown,Department of Water Resources,Voluntary,6,24,2005
Glenn_01.01.2003-06.21.2013.csv,Glenn,39.7478,-122.2092,W001,2013-09-18 13:29:54,397478N1222092W001,22N03W21F002M,7/1/2005,00:00,,,22.200,0.000,22.200,265.470,264.470,243.270,21.200,UNK - Unknown,Unknown,Department of Water Resources,Voluntary,7,1,2005
Glenn_01.01.2003-06.21.2013.csv,Glenn,39.7478,-122.2092,W001,2013-09-18 13:29:54,397478N1222092W001,22N03W21F002M,7/7/2005,00:00,,,22.300,0.000,22.300,265.470,264.470,243.170,21.300,UNK - Unknown,Unknown,Department of Water Resources,Voluntary,7,7,2005
Glenn_01.01.2003-06.21.2013.csv,Glenn,39.7478,-122.2092,W001,2013-09-18 13:29:54,397478N1222092W001,22N03W21F002M,7/14/2005,00:00,,2 - Nearby pump operating,22.900,0.000,22.900,265.470,264.470,242.570,21.900,UNK - Unknown,Unknown,Department of Water Resources,Voluntary,WATERING LAWN BY W/ OTHER WELL7,14,2005
Glenn_01.01.2003-06.21.2013.csv,Glenn,39.7478,-122.2092,W001,2013-09-18 13:29:54,397478N1222092W001,22N03W21F002M,7/21/2005,00:00,,,23.500,0.000,23.500,265.470,264.470,241.970,22.500,UNK - Unknown,Unknown,Department of Water Resources,Voluntary,7,21,2005
Glenn_01.01.2003-06.21.2013.csv,Glenn,39.7478,-122.2092,W001,2013-09-18 13:29:54,397478N1222092W001,22N03W21F002M,7/27/2005,00:00,,,24.900,0.000,24.900,265.470,264.470,240.570,23.900,UNK - Unknown,Unknown,Department of Water Resources,Voluntary,7,27,2005
Glenn_01.01.2003-06.21.2013.csv,Glenn,39.7478,-122.2092,W001,2013-09-18 13:29:54,397478N1222092W001,22N03W21F002M,8/4/2005,00:00,,,23.700,0.000,23.700,265.470,264.470,241.770,22.700,UNK - Unknown,Unknown,Department of Water Resources,Voluntary,8,4,2005
Glenn_01.01.2003-06.21.2013.csv,Glenn,39.7478,-122.2092,W001,2013-09-18 13:29:54,397478N1222092W001,22N03W21F002M,8/11/2005,00:00,,,24.550,0.000,24.550,265.470,264.470,240.920,23.550,UNK - Unknown,Unknown,Department of Water Resources,Voluntary,8,11,2005
Glenn_01.01.2003-06.21.2013.csv,Glenn,39.7478,-122.2092,W001,2013-09-18 13:29:54,397478N1222092W001,22N03W21F002M,8/18/2005,00:00,,,21.850,0.000,21.850,265.470,264.470,243.620,20.850,UNK - Unknown,Unknown,Department of Water Resources,Voluntary,8,18,2005
Glenn_01.01.2003-06.21.2013.csv,Glenn,39.7478,-122.2092,W001,2013-09-18 13:29:54,397478N1222092W001,22N03W21F002M,8/24/2005,00:00,,,23.200,0.000,23.200,265.470,264.470,242.270,22.200,UNK - Unknown,Unknown,Department of Water Resources,Voluntary,8,24,2005
Glenn_01.01.2003-06.21.2013.csv,Glenn,39.7478,-122.2092,W001,2013-09-18 13:29:54,397478N1222092W001,22N03W21F002M,8/11/2005,00:00,,,24.600,0.000,24.600,265.470,264.470,240.870,23.600,UNK - Unknown,Unknown,Department of Water Resources,Voluntary,8,11,2005
Glenn_01.01.2003-06.21.2013.csv,Glenn,39.7478,-122.2092,W001,2013-09-18 13:29:54,397478N1222092W001,22N03W21F002M,8/18/2005,00:00,,,21.900,0.000,21.900,265.470,264.470,243.570,20.900,UNK - Unknown,Unknown,Department of Water Resources,Voluntary,8,18,2005
Glenn_01.01.2003-06.21.2013.csv,Glenn,39.7478,-122.2092,W001,2013-09-18 13:29:54,397478N1222092W001,22N03W21F002M,9/1/2005,00:00,,,23.100,0.000,23.100,265.470,264.470,242.370,22.100,UNK - Unknown,Unknown,Department of Water Resources,Voluntary,9,1,2005
Glenn_01.01.2003-06.21.2013.csv,Glenn,39.7478,-122.2092,W001,2013-09-18 13:29:54,397478N1222092W001,22N03W21F002M,9/9/2005,00:00,,,22.500,0.000,22.500,265.470,264.470,242.970,21.500,UNK - Unknown,Unknown,Department of Water Resources,Voluntary,9,9,2005
Glenn_01.01.2003-06.21.2013.csv,Glenn,39.7478,-122.2092,W001,2013-09-18 13:29:54,397478N1222092W001,22N03W21F002M,9/15/2005,00:00,,,28.100,0.000,28.100,265.470,264.470,237.370,27.100,UNK - Unknown,Unknown,Department of Water Resources,Voluntary,9,15,2005
Glenn_01.01.2003-06.21.2013.csv,Glenn,39.7478,-122.2092,W001,2013-09-18 13:29:54,397478N1222092W001,22N03W21F002M,8/25/2005,00:00,,,23.200,0.000,23.200,265.470,264.470,242.270,22.200,UNK - Unknown,Unknown,Department of Water Resources,Voluntary,8,25,2005
Glenn_01.01.2003-06.21.2013.csv,Glenn,39.7478,-122.2092,W001,2013-09-18 13:29:54,397478N1222092W001,22N03W21F002M,9/30/2005,00:00,,,21.300,0.000,21.300,265.470,264.470,244.170,20.300,UNK - Unknown,Unknown,Department of Water Resources,Voluntary,9,30,2005
Glenn_01.01.2003-06.21.2013.csv,Glenn,39.7478,-122.2092,W001,2013-09-18 13:29:54,397478N1222092W001,22N03W21F002M,10/14/2005,00:00,,,20.800,0.000,20.800,265.470,264.470,244.670,19.800,UNK - Unknown,Unknown,Department of Water Resources,Voluntary,10,14,2005
Glenn_01.01.2003-06.21.2013.csv,Glenn,39.7478,-122.2092,W001,2013-09-18 13:29:54,397478N1222092W001,22N03W21F002M,10/6/2005,00:00,,,21.500,0.000,21.500,265.470,264.470,243.970,20.500,UNK - Unknown,Unknown,Department of Water Resources,Voluntary,10,6,2005
Glenn_01.01.2003-06.21.2013.csv,Glenn,39.7478,-122.2092,W001,2013-09-18 13:29:54,397478N1222092W001,22N03W21F002M,9/20/2005,00:00,,,20.900,0.000,20.900,265.470,264.470,244.570,19.900,UNK - Unknown,Unknown,Department of Water Resources,Voluntary,9,20,2005
Glenn_01.01.2003-06.21.2013.csv,Glenn,39.7478,-122.2092,W001,2013-09-18 13:29:54,397478N1222092W001,22N03W21F002M,10/19/2005,00:00,,,21.200,0.000,21.200,265.470,264.470,244.270,20.200,UNK - Unknown,Unknown,Department of Water Resources,Voluntary,10,19,2005
Glenn_01.01.2003-06.21.2013.csv,Glenn,39.7478,-122.2092,W001,2013-09-18 13:29:54,397478N1222092W001,22N03W21F002M,10/27/2005,00:00,,,21.000,0.000,21.000,265.470,264.470,244.470,20.000,UNK - Unknown,Unknown,Department of Water Resources,Voluntary,10,27,2005
Glenn_01.01.2003-06.21.2013.csv,Glenn,39.7478,-122.2092,W001,2013-09-18 13:29:54,397478N1222092W001,22N03W21F002M,3/28/2006,00:00,,,18.400,0.000,18.400,265.470,264.470,247.070,17.400,UNK - Unknown,Unknown,Department of Water Resources,Voluntary,3,28,2006
Glenn_01.01.2003-06.21.2013.csv,Glenn,39.7478,-122.2092,W001,2013-09-18 13:29:54,397478N1222092W001,22N03W21F002M,5/18/2006,00:00,,,19.200,0.000,19.200,265.470,264.470,246.270,18.200,UNK - Unknown,Unknown,Department of Water Resources,Voluntary,5,18,2006
Glenn_01.01.2003-06.21.2013.csv,Glenn,39.7478,-122.2092,W001,2013-09-18 13:29:54,397478N1222092W001,22N03W21F002M,8/2/2006,00:00,,,22.300,0.000,22.300,265.470,264.470,243.170,21.300,UNK - Unknown,Unknown,Department of Water Resources,Voluntary,8,2,2006
Glenn_01.01.2003-06.21.2013.csv,Glenn,39.7478,-122.2092,W001,2013-09-18 13:29:54,397478N1222092W001,22N03W21F002M,10/10/2006,00:00,,,22.600,0.000,22.600,265.470,264.470,242.870,21.600,UNK - Unknown,Unknown,Department of Water Resources,Voluntary,10,10,2006
Glenn_01.01.2003-06.21.2013.csv,Glenn,39.7478,-122.2092,W001,2013-09-18 13:29:54,397478N1222092W001,22N03W21F002M,3/19/2007,00:00,,,27.600,0.000,27.600,265.470,264.470,237.870,26.600,UNK - Unknown,Unknown,Department of Water Resources,Voluntary,3,19,2007
Glenn_01.01.2003-06.21.2013.csv,Glenn,39.7478,-122.2092,W001,2013-09-18 13:29:54,397478N1222092W001,22N03W21F002M,4/9/2007,00:00,,,25.700,0.000,25.700,265.470,264.470,239.770,24.700,UNK - Unknown,Unknown,County of Glenn,Voluntary,MEASURED BY L.MESSINA GLENN COUNTY4,9,2007
Glenn_01.01.2003-06.21.2013.csv,Glenn,39.7478,-122.2092,W001,2013-09-18 13:29:54,397478N1222092W001,22N03W21F002M,8/6/2007,00:00,,,24.000,0.000,24.000,265.470,264.470,241.470,23.000,UNK - Unknown,Unknown,County of Glenn,Voluntary,8,6,2007
Glenn_01.01.2003-06.21.2013.csv,Glenn,39.7478,-122.2092,W001,2013-09-18 13:29:54,397478N1222092W001,22N03W21F002M,10/16/2007,00:00,,,21.800,0.000,21.800,265.470,264.470,243.670,20.800,UNK - Unknown,Unknown,County of Glenn,Voluntary,10,16,2007
Glenn_01.01.2003-06.21.2013.csv,Glenn,39.7478,-122.2092,W001,2013-09-18 13:29:54,397478N1222092W001,22N03W21F002M,3/13/2008,00:00,,,21.300,0.000,21.300,265.470,264.470,244.170,20.300,UNK - Unknown,Unknown,County of Glenn,Voluntary,3,13,2008
Glenn_01.01.2003-06.21.2013.csv,Glenn,39.7478,-122.2092,W001,2013-09-18 13:29:54,397478N1222092W001,22N03W21F002M,8/5/2008,00:00,,,23.300,0.000,23.300,265.470,264.470,242.170,22.300,UNK - Unknown,Unknown,Department of Water Resources,Voluntary,8,5,2008
Glenn_01.01.2003-06.21.2013.csv,Glenn,39.7478,-122.2092,W001,2013-09-18 13:29:54,397478N1222092W001,22N03W21F002M,10/22/2008,00:00,,,22.900,0.000,22.900,265.470,264.470,242.570,21.900,UNK - Unknown,Unknown,Department of Water Resources,Voluntary,10,22,2008
Glenn_01.01.2003-06.21.2013.csv,Glenn,39.7478,-122.2092,W001,2013-09-18 13:29:54,397478N1222092W001,22N03W21F002M,1/12/2009,00:00,,,28.100,0.000,28.100,265.470,264.470,237.370,27.100,UNK - Unknown,Unknown,Department of Water Resources,Voluntary,1,12,2009
Glenn_01.01.2003-06.21.2013.csv,Glenn,39.7478,-122.2092,W001,2013-09-18 13:29:54,397478N1222092W001,22N03W21F002M,3/23/2009,00:00,,,22.800,0.000,22.800,265.470,264.470,242.670,21.800,UNK - Unknown,Unknown,Department of Water Resources,Voluntary,3,23,2009
Glenn_01.01.2003-06.21.2013.csv,Glenn,39.7478,-122.2092,W001,2013-09-18 13:29:54,397478N1222092W001,22N03W21F002M,5/13/2009,00:00,,,23.900,0.000,23.900,265.470,264.470,241.570,22.900,UNK - Unknown,Unknown,Department of Water Resources,Voluntary,5,13,2009
Glenn_01.01.2003-06.21.2013.csv,Glenn,39.7478,-122.2092,W001,2013-09-18 13:29:54,397478N1222092W001,22N03W21F002M,6/24/2009,00:00,,,25.600,0.000,25.600,265.470,264.470,239.870,24.600,UNK - Unknown,Unknown,Department of Water Resources,Voluntary,6,24,2009
Glenn_01.01.2003-06.21.2013.csv,Glenn,39.7478,-122.2092,W001,2013-09-18 13:29:54,397478N1222092W001,22N03W21F002M,8/5/2009,00:00,,,27.000,0.000,27.000,265.470,264.470,238.470,26.000,UNK - Unknown,Unknown,Department of Water Resources,Voluntary,8,5,2009
Glenn_01.01.2003-06.21.2013.csv,Glenn,39.7478,-122.2092,W001,2013-09-18 13:29:54,397478N1222092W001,22N03W21F002M,9/15/2009,00:00,9 - Temporarily inaccessible,,NULL,NULL,NULL,265.470,264.470,NULL,NULL,,,Department of Water Resources,Voluntary,9,15,2009
Glenn_01.01.2003-06.21.2013.csv,Glenn,39.7478,-122.2092,W001,2013-09-18 13:29:54,397478N1222092W001,22N03W21F002M,10/23/2009,00:00,,,23.300,0.000,23.300,265.470,264.470,242.170,22.300,UNK - Unknown,Unknown,Department of Water Resources,Voluntary,10,23,2009
Glenn_01.01.2003-06.21.2013.csv,Glenn,39.7478,-122.2092,W001,2013-09-18 13:29:54,397478N1222092W001,22N03W21F002M,3/22/2010,00:00,,,20.200,0.000,20.200,265.470,264.470,245.270,19.200,UNK - Unknown,Unknown,Department of Water Resources,Voluntary,3,22,2010
Glenn_01.01.2003-06.21.2013.csv,Glenn,39.7478,-122.2092,W001,2013-09-18 13:29:54,397478N1222092W001,22N03W21F002M,8/2/2010,00:00,,,23.400,0.000,23.400,265.470,264.470,242.070,22.400,UNK - Unknown,Unknown,Department of Water Resources,Voluntary,8,2,2010
Glenn_01.01.2003-06.21.2013.csv,Glenn,39.7478,-122.2092,W001,2013-09-18 13:29:54,397478N1222092W001,22N03W21F002M,10/18/2010,00:00,,,21.510,0.000,21.510,265.470,264.470,243.960,20.510,UNK - Unknown,Unknown,Department of Water Resources,Voluntary,10,18,2010
Glenn_01.01.2003-06.21.2013.csv,Glenn,39.7478,-122.2092,W001,2013-09-18 13:29:54,397478N1222092W001,22N03W21F002M,4/5/2011,00:00,,,21.370,0.000,21.370,265.470,264.470,244.100,20.370,UNK - Unknown,Unknown,Department of Water Resources,Voluntary,4,5,2011
Glenn_01.01.2003-06.21.2013.csv,Glenn,39.7478,-122.2092,W001,2013-09-18 13:29:54,397478N1222092W001,22N03W21F002M,8/3/2011,00:00,,,25.320,0.000,25.320,265.470,264.470,240.150,24.320,UNK - Unknown,Unknown,Department of Water Resources,Voluntary,8,3,2011
Glenn_01.01.2003-06.21.2013.csv,Glenn,39.7478,-122.2092,W001,2013-09-18 13:29:54,397478N1222092W001,22N03W21F002M,10/12/2011,00:00,,,23.170,0.000,23.170,265.470,264.470,242.300,22.170,UNK - Unknown,Unknown,Department of Water Resources,Voluntary,10,12,2011
Glenn_01.01.2003-06.21.2013.csv,Glenn,39.7478,-122.2092,W001,2013-09-18 13:29:54,397478N1222092W001,22N03W21F002M,3/19/2013,00:00,,,22.150,0.000,22.150,265.470,264.470,243.320,21.150,ES - Electric sounder measurement,0.01 Ft,Department of Water Resources,Voluntary,3,19,2013
Glenn_01.01.2003-06.21.2013.csv,Glenn,39.7501,-122.0267,W001,2013-09-18 13:29:54,397501N1220267W001,22N02W19E003M,10/12/2011,00:00,,,24.400,0.000,24.400,157.790,155.390,133.390,22.000,ST - Steel tape measurement,0.1 Ft,Department of Water Resources,Voluntary,10,12,2011
Glenn_01.01.2003-06.21.2013.csv,Glenn,39.7501,-122.0267,W001,2013-09-18 13:29:54,397501N1220267W001,22N02W19E003M,3/29/2012,00:00,,,40.000,18.000,22.000,157.790,155.390,135.790,19.600,ST - Steel tape measurement,0.1 Ft,Department of Water Resources,Voluntary,3,29,2012
Glenn_01.01.2003-06.21.2013.csv,Glenn,39.7501,-122.0267,W001,2013-09-18 13:29:54,397501N1220267W001,22N02W19E003M,8/1/2012,00:00,1 - Pumping,,NULL,NULL,NULL,157.790,155.390,NULL,NULL,,,Department of Water Resources,Voluntary,8,1,2012
Glenn_01.01.2003-06.21.2013.csv,Glenn,39.7501,-122.0267,W001,2013-09-18 13:29:54,397501N1220267W001,22N02W19E003M,10/17/2012,00:00,,,30.000,0.100,29.900,157.790,155.390,127.890,27.500,ST - Steel tape measurement,0.1 Ft,Department of Water Resources,Voluntary,10,17,2012
Glenn_01.01.2003-06.21.2013.csv,Glenn,39.7501,-122.0267,W001,2013-09-18 13:29:54,397501N1220267W001,22N02W19E003M,3/10/2003,00:00,,,20.500,0.000,20.500,157.790,155.390,137.290,18.100,UNK - Unknown,Unknown,Department of Water Resources,Voluntary,3,10,2003
Glenn_01.01.2003-06.21.2013.csv,Glenn,39.7501,-122.0267,W001,2013-09-18 13:29:54,397501N1220267W001,22N02W19E003M,4/8/2003,00:00,,,20.600,0.000,20.600,157.790,155.390,137.190,18.200,UNK - Unknown,Unknown,Department of Water Resources,Voluntary,4,8,2003
Glenn_01.01.2003-06.21.2013.csv,Glenn,39.7501,-122.0267,W001,2013-09-18 13:29:54,397501N1220267W001,22N02W19E003M,5/21/2003,00:00,,,24.900,0.000,24.900,157.790,155.390,132.890,22.500,UNK - Unknown,Unknown,Department of Water Resources,Voluntary,5,21,2003
Glenn_01.01.2003-06.21.2013.csv,Glenn,39.7501,-122.0267,W001,2013-09-18 13:29:54,397501N1220267W001,22N02W19E003M,6/25/2003,00:00,,1 - Pumping,43.500,0.000,43.500,157.790,155.390,114.290,41.100,UNK - Unknown,Unknown,Department of Water Resources,Voluntary,6,25,2003
Glenn_01.01.2003-06.21.2013.csv,Glenn,39.7501,-122.0267,W001,2013-09-18 13:29:54,397501N1220267W001,22N02W19E003M,7/30/2003,00:00,,1 - Pumping,45.300,0.000,45.300,157.790,155.390,112.490,42.900,UNK - Unknown,Unknown,Department of Water Resources,Voluntary,7,30,2003
Glenn_01.01.2003-06.21.2013.csv,Glenn,39.7501,-122.0267,W001,2013-09-18 13:29:54,397501N1220267W001,22N02W19E003M,8/27/2003,00:00,,1 - Pumping,40.500,0.000,40.500,157.790,155.390,117.290,38.100,UNK - Unknown,Unknown,Department of Water Resources,Voluntary,8,27,2003
Glenn_01.01.2003-06.21.2013.csv,Glenn,39.7501,-122.0267,W001,2013-09-18 13:29:54,397501N1220267W001,22N02W19E003M,9/17/2003,00:00,,1 - Pumping,39.700,0.000,39.700,157.790,155.390,118.090,37.300,UNK - Unknown,Unknown,Department of Water Resources,Voluntary,9,17,2003
Glenn_01.01.2003-06.21.2013.csv,Glenn,39.7501,-122.0267,W001,2013-09-18 13:29:54,397501N1220267W001,22N02W19E003M,10/16/2003,00:00,,,27.500,0.000,27.500,157.790,155.390,130.290,25.100,UNK - Unknown,Unknown,Department of Water Resources,Voluntary,10,16,2003
Glenn_01.01.2003-06.21.2013.csv,Glenn,39.7501,-122.0267,W001,2013-09-18 13:29:54,397501N1220267W001,22N02W19E003M,11/17/2003,00:00,,,24.010,0.000,24.010,157.790,155.390,133.780,21.610,UNK - Unknown,Unknown,Department of Water Resources,Voluntary,11,17,2003
Glenn_01.01.2003-06.21.2013.csv,Glenn,39.7501,-122.0267,W001,2013-09-18 13:29:54,397501N1220267W001,22N02W19E003M,3/31/2004,00:00,,,19.300,0.000,19.300,157.790,155.390,138.490,16.900,UNK - Unknown,Unknown,Department of Water Resources,Voluntary,3,31,2004
Glenn_01.01.2003-06.21.2013.csv,Glenn,39.7501,-122.0267,W001,2013-09-18 13:29:54,397501N1220267W001,22N02W19E003M,4/26/2004,00:00,,,38.300,0.000,38.300,157.790,155.390,119.490,35.900,UNK - Unknown,Unknown,Department of Water Resources,Voluntary,4,26,2004
Glenn_01.01.2003-06.21.2013.csv,Glenn,39.7501,-122.0267,W001,2013-09-18 13:29:54,397501N1220267W001,22N02W19E003M,5/24/2004,00:00,,1 - Pumping,42.400,0.000,42.400,157.790,155.390,115.390,40.000,UNK - Unknown,Unknown,Department of Water Resources,Voluntary,5,24,2004
Glenn_01.01.2003-06.21.2013.csv,Glenn,39.7501,-122.0267,W001,2013-09-18 13:29:54,397501N1220267W001,22N02W19E003M,6/21/2004,00:00,,1 - Pumping,48.800,0.000,48.800,157.790,155.390,108.990,46.400,UNK - Unknown,Unknown,Department of Water Resources,Voluntary,6,21,2004
Glenn_01.01.2003-06.21.2013.csv,Glenn,39.7501,-122.0267,W001,2013-09-18 13:29:54,397501N1220267W001,22N02W19E003M,7/26/2004,00:00,,1 - Pumping,50.100,0.000,50.100,157.790,155.390,107.690,47.700,UNK - Unknown,Unknown,Department of Water Resources,Voluntary,7,26,2004
Glenn_01.01.2003-06.21.2013.csv,Glenn,39.7501,-122.0267,W001,2013-09-18 13:29:54,397501N1220267W001,22N02W19E003M,8/25/2004,00:00,,1 - Pumping,44.500,0.000,44.500,157.790,155.390,113.290,42.100,UNK - Unknown,Unknown,Department of Water Resources,Voluntary,8,25,2004
Glenn_01.01.2003-06.21.2013.csv,Glenn,39.7501,-122.0267,W001,2013-09-18 13:29:54,397501N1220267W001,22N02W19E003M,9/22/2004,00:00,,,31.200,0.000,31.200,157.790,155.390,126.590,28.800,UNK - Unknown,Unknown,Department of Water Resources,Voluntary,9,22,2004
Glenn_01.01.2003-06.21.2013.csv,Glenn,39.7501,-122.0267,W001,2013-09-18 13:29:54,397501N1220267W001,22N02W19E003M,10/18/2004,00:00,,,26.000,0.000,26.000,157.790,155.390,131.790,23.600,UNK - Unknown,Unknown,Department of Water Resources,Voluntary,10,18,2004
Glenn_01.01.2003-06.21.2013.csv,Glenn,39.7501,-122.0267,W001,2013-09-18 13:29:54,397501N1220267W001,22N02W19E003M,11/16/2004,00:00,,,23.700,0.000,23.700,157.790,155.390,134.090,21.300,UNK - Unknown,Unknown,Department of Water Resources,Voluntary,11,16,2004
Glenn_01.01.2003-06.21.2013.csv,Glenn,39.7501,-122.0267,W001,2013-09-18 13:29:54,397501N1220267W001,22N02W19E003M,3/29/2005,00:00,,,19.600,0.000,19.600,157.790,155.390,138.190,17.200,UNK - Unknown,Unknown,Department of Water Resources,Voluntary,3,29,2005
Glenn_01.01.2003-06.21.2013.csv,Glenn,39.7501,-122.0267,W001,2013-09-18 13:29:54,397501N1220267W001,22N02W19E003M,4/28/2005,00:00,,,21.300,0.000,21.300,157.790,155.390,136.490,18.900,UNK - Unknown,Unknown,Department of Water Resources,Voluntary,4,28,2005
Glenn_01.01.2003-06.21.2013.csv,Glenn,39.7501,-122.0267,W001,2013-09-18 13:29:54,397501N1220267W001,22N02W19E003M,5/27/2005,00:00,,,27.400,0.000,27.400,157.790,155.390,130.390,25.000,UNK - Unknown,Unknown,Department of Water Resources,Voluntary,5,27,2005
Glenn_01.01.2003-06.21.2013.csv,Glenn,39.7501,-122.0267,W001,2013-09-18 13:29:54,397501N1220267W001,22N02W19E003M,6/23/2005,00:00,,1 - Pumping,46.000,0.000,46.000,157.790,155.390,111.790,43.600,UNK - Unknown,Unknown,Department of Water Resources,Voluntary,6,23,2005
Glenn_01.01.2003-06.21.2013.csv,Glenn,39.7501,-122.0267,W001,2013-09-18 13:29:54,397501N1220267W001,22N02W19E003M,7/29/2005,00:00,,,49.000,0.000,49.000,157.790,155.390,108.790,46.600,UNK - Unknown,Unknown,Department of Water Resources,Voluntary,7,29,2005
Glenn_01.01.2003-06.21.2013.csv,Glenn,39.7501,-122.0267,W001,2013-09-18 13:29:54,397501N1220267W001,22N02W19E003M,8/26/2005,00:00,,,34.800,0.000,34.800,157.790,155.390,122.990,32.400,UNK - Unknown,Unknown,Department of Water Resources,Voluntary,8,26,2005
Glenn_01.01.2003-06.21.2013.csv,Glenn,39.7501,-122.0267,W001,2013-09-18 13:29:54,397501N1220267W001,22N02W19E003M,9/29/2005,00:00,,,30.700,0.000,30.700,157.790,155.390,127.090,28.300,UNK - Unknown,Unknown,Department of Water Resources,Voluntary,9,29,2005
Glenn_01.01.2003-06.21.2013.csv,Glenn,39.7501,-122.0267,W001,2013-09-18 13:29:54,397501N1220267W001,22N02W19E003M,10/21/2005,00:00,,,25.400,0.000,25.400,157.790,155.390,132.390,23.000,UNK - Unknown,Unknown,Department of Water Resources,Voluntary,10,21,2005
Glenn_01.01.2003-06.21.2013.csv,Glenn,39.7501,-122.0267,W001,2013-09-18 13:29:54,397501N1220267W001,22N02W19E003M,3/29/2006,00:00,,,15.100,0.000,15.100,157.790,155.390,142.690,12.700,UNK - Unknown,Unknown,Department of Water Resources,Voluntary,3,29,2006
Glenn_01.01.2003-06.21.2013.csv,Glenn,39.7501,-122.0267,W001,2013-09-18 13:29:54,397501N1220267W001,22N02W19E003M,5/19/2006,00:00,,,30.800,0.000,30.800,157.790,155.390,126.990,28.400,UNK - Unknown,Unknown,Department of Water Resources,Voluntary,5,19,2006
Glenn_01.01.2003-06.21.2013.csv,Glenn,39.7501,-122.0267,W001,2013-09-18 13:29:54,397501N1220267W001,22N02W19E003M,8/3/2006,00:00,1 - Pumping,,NULL,NULL,NULL,157.790,155.390,NULL,NULL,,,Department of Water Resources,Voluntary,8,3,2006
Glenn_01.01.2003-06.21.2013.csv,Glenn,39.7501,-122.0267,W001,2013-09-18 13:29:54,397501N1220267W001,22N02W19E003M,10/12/2006,00:00,7 - Special/Other,,NULL,NULL,NULL,157.790,155.390,NULL,NULL,,,Department of Water Resources,Voluntary,10,12,2006
Glenn_01.01.2003-06.21.2013.csv,Glenn,39.7501,-122.0267,W001,2013-09-18 13:29:54,397501N1220267W001,22N02W19E003M,3/20/2007,00:00,,,23.480,0.000,23.480,157.790,155.390,134.310,21.080,UNK - Unknown,Unknown,Department of Water Resources,Voluntary,3,20,2007
Glenn_01.01.2003-06.21.2013.csv,Glenn,39.7501,-122.0267,W001,2013-09-18 13:29:54,397501N1220267W001,22N02W19E003M,8/10/2007,00:00,,,43.850,0.000,43.850,157.790,155.390,113.940,41.450,UNK - Unknown,Unknown,Department of Water Resources,Voluntary,8,10,2007
Glenn_01.01.2003-06.21.2013.csv,Glenn,39.7501,-122.0267,W001,2013-09-18 13:29:54,397501N1220267W001,22N02W19E003M,10/15/2007,00:00,,,27.270,0.000,27.270,157.790,155.390,130.520,24.870,UNK - Unknown,Unknown,Department of Water Resources,Voluntary,10,15,2007
Glenn_01.01.2003-06.21.2013.csv,Glenn,39.7501,-122.0267,W001,2013-09-18 13:29:54,397501N1220267W001,22N02W19E003M,3/13/2008,00:00,,,27.800,0.000,27.800,157.790,155.390,129.990,25.400,UNK - Unknown,Unknown,Department of Water Resources,Voluntary,3,13,2008
Glenn_01.01.2003-06.21.2013.csv,Glenn,39.7501,-122.0267,W001,2013-09-18 13:29:54,397501N1220267W001,22N02W19E003M,8/5/2008,00:00,,8 - Oil or foreign substance in casing,52.600,0.000,52.600,157.790,155.390,105.190,50.200,UNK - Unknown,Unknown,Department of Water Resources,Voluntary,8,5,2008
Glenn_01.01.2003-06.21.2013.csv,Glenn,39.7501,-122.0267,W001,2013-09-18 13:29:54,397501N1220267W001,22N02W19E003M,10/22/2008,00:00,,,28.900,0.000,28.900,157.790,155.390,128.890,26.500,UNK - Unknown,Unknown,Department of Water Resources,Voluntary,10,22,2008
Glenn_01.01.2003-06.21.2013.csv,Glenn,39.7501,-122.0267,W001,2013-09-18 13:29:54,397501N1220267W001,22N02W19E003M,1/12/2009,00:00,,,26.400,0.000,26.400,157.790,155.390,131.390,24.000,UNK - Unknown,Unknown,Department of Water Resources,Voluntary,1,12,2009
Glenn_01.01.2003-06.21.2013.csv,Glenn,39.7501,-122.0267,W001,2013-09-18 13:29:54,397501N1220267W001,22N02W19E003M,3/23/2009,00:00,,6 - Other,21.800,0.000,21.800,157.790,155.390,135.990,19.400,UNK - Unknown,Unknown,Department of Water Resources,Voluntary,3,23,2009
Glenn_01.01.2003-06.21.2013.csv,Glenn,39.7501,-122.0267,W001,2013-09-18 13:29:54,397501N1220267W001,22N02W19E003M,5/15/2009,00:00,1 - Pumping,,NULL,NULL,NULL,157.790,155.390,NULL,NULL,,,Department of Water Resources,Voluntary,5,15,2009
Glenn_01.01.2003-06.21.2013.csv,Glenn,39.7501,-122.0267,W001,2013-09-18 13:29:54,397501N1220267W001,22N02W19E003M,6/23/2009,00:00,1 - Pumping,,NULL,NULL,NULL,157.790,155.390,NULL,NULL,,,Department of Water Resources,Voluntary,6,23,2009
Glenn_01.01.2003-06.21.2013.csv,Glenn,39.7501,-122.0267,W001,2013-09-18 13:29:54,397501N1220267W001,22N02W19E003M,8/10/2009,00:00,1 - Pumping,,NULL,NULL,NULL,157.790,155.390,NULL,NULL,,,Department of Water Resources,Voluntary,8,10,2009
Glenn_01.01.2003-06.21.2013.csv,Glenn,39.7501,-122.0267,W001,2013-09-18 13:29:54,397501N1220267W001,22N02W19E003M,9/17/2009,00:00,,8 - Oil or foreign substance in casing,32.300,0.000,32.300,157.790,155.390,125.490,29.900,UNK - Unknown,Unknown,Department of Water Resources,Voluntary,9,17,2009
Glenn_01.01.2003-06.21.2013.csv,Glenn,39.7501,-122.0267,W001,2013-09-18 13:29:54,397501N1220267W001,22N02W19E003M,10/22/2009,00:00,,,29.000,0.000,29.000,157.790,155.390,128.790,26.600,UNK - Unknown,Unknown,Department of Water Resources,Voluntary,10,22,2009
Glenn_01.01.2003-06.21.2013.csv,Glenn,39.7501,-122.0267,W001,2013-09-18 13:29:54,397501N1220267W001,22N02W19E003M,3/22/2010,00:00,,,22.300,0.000,22.300,157.790,155.390,135.490,19.900,UNK - Unknown,Unknown,Department of Water Resources,Voluntary,3,22,2010
Glenn_01.01.2003-06.21.2013.csv,Glenn,39.7501,-122.0267,W001,2013-09-18 13:29:54,397501N1220267W001,22N02W19E003M,8/2/2010,00:00,,,40.900,0.000,40.900,157.790,155.390,116.890,38.500,UNK - Unknown,Unknown,Department of Water Resources,Voluntary,8,2,2010
Glenn_01.01.2003-06.21.2013.csv,Glenn,39.7501,-122.0267,W001,2013-09-18 13:29:54,397501N1220267W001,22N02W19E003M,10/18/2010,00:00,,,29.400,0.000,29.400,157.790,155.390,128.390,27.000,UNK - Unknown,Unknown,Department of Water Resources,Voluntary,10,18,2010
Glenn_01.01.2003-06.21.2013.csv,Glenn,39.7501,-122.0267,W001,2013-09-18 13:29:54,397501N1220267W001,22N02W19E003M,4/5/2011,00:00,,,15.500,0.000,15.500,157.790,155.390,142.290,13.100,UNK - Unknown,Unknown,Department of Water Resources,Voluntary,4,5,2011
Glenn_01.01.2003-06.21.2013.csv,Glenn,39.7501,-122.0267,W001,2013-09-18 13:29:54,397501N1220267W001,22N02W19E003M,8/3/2011,00:00,1 - Pumping,,NULL,NULL,NULL,157.790,155.390,NULL,NULL,,,Department of Water Resources,Voluntary,8,3,2011
Glenn_01.01.2003-06.21.2013.csv,Glenn,39.7501,-122.0267,W001,2013-09-18 13:29:54,397501N1220267W001,22N02W19E003M,10/12/2011,00:00,,,24.400,0.000,24.400,157.790,155.390,133.390,22.000,UNK - Unknown,Unknown,Department of Water Resources,Voluntary,10,12,2011
Glenn_01.01.2003-06.21.2013.csv,Glenn,39.7501,-122.0267,W001,2013-09-18 13:29:54,397501N1220267W001,22N02W19E003M,3/19/2013,00:00,,,30.000,5.300,24.700,157.790,155.390,133.090,22.300,ST - Steel tape measurement,0.1 Ft,Department of Water Resources,Voluntary,3,19,2013
Glenn_01.01.2003-06.21.2013.csv,Glenn,39.7501,-122.183,W001,2013-09-18 13:29:54,397501N1221830W001,Woodward St. Well,10/24/2011,00:00,,,25.400,0.000,25.400,253.260,251.460,227.860,23.600,ES - Electric sounder measurement,0.01 Ft,Department of Water Resources,Voluntary,10,24,2011
Glenn_01.01.2003-06.21.2013.csv,Glenn,39.7501,-122.183,W001,2013-09-18 13:29:54,397501N1221830W001,Woodward St. Well,3/26/2012,00:00,,,30.700,0.000,30.700,253.260,251.460,222.560,28.900,ES - Electric sounder measurement,0.01 Ft,Department of Water Resources,Voluntary,3,26,2012
Glenn_01.01.2003-06.21.2013.csv,Glenn,39.7504,-122.1,W001,2013-09-18 13:29:54,397504N1221000W001,22N02W21D001M,10/12/2011,00:00,,,27.560,0.000,27.560,200.920,200.420,173.360,27.060,ES - Electric sounder measurement,0.01 Ft,Department of Water Resources,Voluntary,10,12,2011
Glenn_01.01.2003-06.21.2013.csv,Glenn,39.7504,-122.1,W001,2013-09-18 13:29:54,397504N1221000W001,22N02W21D001M,3/30/2012,00:00,,,26.290,0.000,26.290,200.920,200.420,174.630,25.790,ES - Electric sounder measurement,0.01 Ft,Department of Water Resources,Voluntary,3,30,2012
Glenn_01.01.2003-06.21.2013.csv,Glenn,39.7504,-122.1,W001,2013-09-18 13:29:54,397504N1221000W001,22N02W21D001M,8/2/2012,00:00,1 - Pumping,,NULL,NULL,NULL,200.920,200.420,NULL,NULL,,,Department of Water Resources,Voluntary,8,2,2012
Glenn_01.01.2003-06.21.2013.csv,Glenn,39.7504,-122.1,W001,2013-09-18 13:29:54,397504N1221000W001,22N02W21D001M,10/17/2012,00:00,,,29.830,0.000,29.830,200.920,200.420,171.090,29.330,ES - Electric sounder measurement,0.01 Ft,Department of Water Resources,Voluntary,10,17,2012
Glenn_01.01.2003-06.21.2013.csv,Glenn,39.7504,-122.1,W001,2013-09-18 13:29:54,397504N1221000W001,22N02W21D001M,3/21/2013,00:00,,,26.460,0.000,26.460,200.920,200.420,174.460,25.960,ES - Electric sounder measurement,0.01 Ft,Department of Water Resources,Voluntary,3,21,2013
Glenn_01.01.2003-06.21.2013.csv,Glenn,39.752,-122.0737,W001,2013-09-18 13:29:54,397520N1220737W001,22N02W15P001M,10/12/2011,00:00,,,39.510,0.000,39.510,187.710,186.410,148.200,38.210,ES - Electric sounder measurement,0.01 Ft,Department of Water Resources,Voluntary,10,12,2011
Glenn_01.01.2003-06.21.2013.csv,Glenn,39.752,-122.0737,W001,2013-09-18 13:29:54,397520N1220737W001,22N02W15P001M,3/30/2012,00:00,,,33.690,0.000,33.690,187.710,186.410,154.020,32.390,ES - Electric sounder measurement,0.01 Ft,Department of Water Resources,Voluntary,3,30,2012
Glenn_01.01.2003-06.21.2013.csv,Glenn,39.752,-122.0737,W001,2013-09-18 13:29:54,397520N1220737W001,22N02W15P001M,8/1/2012,00:00,1 - Pumping,,NULL,NULL,NULL,187.710,186.410,NULL,NULL,,,Department of Water Resources,Voluntary,8,1,2012
Glenn_01.01.2003-06.21.2013.csv,Glenn,39.752,-122.0737,W001,2013-09-18 13:29:54,397520N1220737W001,22N02W15P001M,10/17/2012,00:00,,,49.900,0.000,49.900,187.710,186.410,137.810,48.600,ES - Electric sounder measurement,0.01 Ft,Department of Water Resources,Voluntary,10,17,2012
Glenn_01.01.2003-06.21.2013.csv,Glenn,39.752,-122.0737,W001,2013-09-18 13:29:54,397520N1220737W001,22N02W15P001M,3/19/2013,00:00,,,36.120,0.000,36.120,187.710,186.410,151.590,34.820,ES - Electric sounder measurement,0.01 Ft,Department of Water Resources,Voluntary,3,19,2013
Glenn_01.01.2003-06.21.2013.csv,Glenn,39.7534,-122.1964,W001,2013-09-18 13:29:54,397534N1221964W001,Suisun St. Well,10/24/2011,00:00,,,68.700,0.000,68.700,257.960,256.460,189.260,67.200,ES - Electric sounder measurement,0.01 Ft,Department of Water Resources,Voluntary,10,24,2011
Glenn_01.01.2003-06.21.2013.csv,Glenn,39.7534,-122.1964,W001,2013-09-18 13:29:54,397534N1221964W001,Suisun St. Well,3/26/2012,00:00,,,62.400,0.000,62.400,257.960,256.460,195.560,60.900,ES - Electric sounder measurement,0.01 Ft,Department of Water Resources,Voluntary,3,26,2012
Glenn_01.01.2003-06.21.2013.csv,Glenn,39.7538,-122.1904,W001,2013-09-18 13:29:54,397538N1221904W001,Roosevelt St. Well,10/24/2011,00:00,,,70.600,0.000,70.600,259.160,256.460,188.560,67.900,ES - Electric sounder measurement,0.01 Ft,Department of Water Resources,Voluntary,10,24,2011
Glenn_01.01.2003-06.21.2013.csv,Glenn,39.7538,-122.1904,W001,2013-09-18 13:29:54,397538N1221904W001,Roosevelt St. Well,3/26/2012,00:00,,,63.200,0.000,63.200,259.160,256.460,195.960,60.500,ES - Electric sounder measurement,0.01 Ft,Department of Water Resources,Voluntary,3,26,2012
Glenn_01.01.2003-06.21.2013.csv,Glenn,39.7634,-122.0771,W001,2013-09-18 13:29:54,397634N1220771W001,22N02W15C002M,10/10/2011,00:00,,,86.920,0.000,86.920,192.365,189.465,105.445,84.020,ES - Electric sounder measurement,0.01 Ft,Department of Water Resources,CASGEM,10,10,2011
Glenn_01.01.2003-06.21.2013.csv,Glenn,39.7634,-122.0771,W001,2013-09-18 13:29:54,397634N1220771W001,22N02W15C002M,3/26/2012,00:00,,,63.000,0.000,63.000,192.365,189.465,129.365,60.100,ES - Electric sounder measurement,0.01 Ft,Department of Water Resources,CASGEM,3,26,2012
Glenn_01.01.2003-06.21.2013.csv,Glenn,39.7634,-122.0771,W001,2013-09-18 13:29:54,397634N1220771W001,22N02W15C002M,7/30/2012,00:00,,,68.530,0.000,68.530,192.365,189.465,123.835,65.630,ES - Electric sounder measurement,0.1 Ft,Department of Water Resources,CASGEM,7,30,2012
Glenn_01.01.2003-06.21.2013.csv,Glenn,39.7634,-122.0771,W001,2013-09-18 13:29:54,397634N1220771W001,22N02W15C002M,10/15/2012,07:45,,,70.000,-0.730,70.730,192.365,189.465,121.635,67.830,ST - Steel tape measurement,0.1 Ft,Department of Water Resources,CASGEM,10,15,2012
Glenn_01.01.2003-06.21.2013.csv,Glenn,39.7634,-122.0771,W001,2013-09-18 13:29:54,397634N1220771W001,22N02W15C002M,3/20/2013,10:13,,,60.000,-0.270,60.270,192.365,189.465,132.095,57.370,ST - Steel tape measurement,0.1 Ft,Department of Water Resources,CASGEM,3,20,2013
Glenn_01.01.2003-06.21.2013.csv,Glenn,39.7634,-122.0771,W001,2013-09-18 13:29:54,397634N1220771W001,22N02W15C002M,7/18/2003,00:00,,,49.100,0.000,49.100,192.365,189.465,143.265,46.200,UNK - Unknown,Unknown,Department of Water Resources,Voluntary,7,18,2003
Glenn_01.01.2003-06.21.2013.csv,Glenn,39.7634,-122.0771,W001,2013-09-18 13:29:54,397634N1220771W001,22N02W15C002M,7/24/2003,00:00,,,49.200,0.000,49.200,192.365,189.465,143.165,46.300,UNK - Unknown,Unknown,Department of Water Resources,Voluntary,7,24,2003
Glenn_01.01.2003-06.21.2013.csv,Glenn,39.7634,-122.0771,W001,2013-09-18 13:29:54,397634N1220771W001,22N02W15C002M,7/31/2003,00:00,,,50.000,0.000,50.000,192.365,189.465,142.365,47.100,UNK - Unknown,Unknown,Department of Water Resources,Voluntary,7,31,2003
Glenn_01.01.2003-06.21.2013.csv,Glenn,39.7634,-122.0771,W001,2013-09-18 13:29:54,397634N1220771W001,22N02W15C002M,8/26/2003,00:00,,,49.800,0.000,49.800,192.365,189.465,142.565,46.900,UNK - Unknown,Unknown,Department of Water Resources,Voluntary,8,26,2003
Glenn_01.01.2003-06.21.2013.csv,Glenn,39.7634,-122.0771,W001,2013-09-18 13:29:54,397634N1220771W001,22N02W15C002M,8/7/2003,00:00,,,49.700,0.000,49.700,192.365,189.465,142.665,46.800,UNK - Unknown,Unknown,Department of Water Resources,Voluntary,8,7,2003
Glenn_01.01.2003-06.21.2013.csv,Glenn,39.7634,-122.0771,W001,2013-09-18 13:29:54,397634N1220771W001,22N02W15C002M,8/14/2003,00:00,,,50.300,0.000,50.300,192.365,189.465,142.065,47.400,UNK - Unknown,Unknown,Department of Water Resources,Voluntary,8,14,2003
Glenn_01.01.2003-06.21.2013.csv,Glenn,39.7634,-122.0771,W001,2013-09-18 13:29:54,397634N1220771W001,22N02W15C002M,8/21/2003,00:00,,,50.100,0.000,50.100,192.365,189.465,142.265,47.200,UNK - Unknown,Unknown,Department of Water Resources,Voluntary,8,21,2003
Glenn_01.01.2003-06.21.2013.csv,Glenn,39.7634,-122.0771,W001,2013-09-18 13:29:54,397634N1220771W001,22N02W15C002M,9/4/2003,00:00,,,49.900,0.000,49.900,192.365,189.465,142.465,47.000,UNK - Unknown,Unknown,Department of Water Resources,Voluntary,9,4,2003
Glenn_01.01.2003-06.21.2013.csv,Glenn,39.7634,-122.0771,W001,2013-09-18 13:29:54,397634N1220771W001,22N02W15C002M,2/18/2003,00:00,,,52.250,0.000,52.250,192.365,189.465,140.115,49.350,UNK - Unknown,Unknown,Department of Water Resources,Voluntary,2,18,2003
Glenn_01.01.2003-06.21.2013.csv,Glenn,39.7634,-122.0771,W001,2013-09-18 13:29:54,397634N1220771W001,22N02W15C002M,3/13/2003,00:00,,,51.140,0.000,51.140,192.365,189.465,141.225,48.240,UNK - Unknown,Unknown,Department of Water Resources,Voluntary,3,13,2003
Glenn_01.01.2003-06.21.2013.csv,Glenn,39.7634,-122.0771,W001,2013-09-18 13:29:54,397634N1220771W001,22N02W15C002M,4/2/2003,00:00,,,50.190,0.000,50.190,192.365,189.465,142.175,47.290,UNK - Unknown,Unknown,Department of Water Resources,Voluntary,4,2,2003
Glenn_01.01.2003-06.21.2013.csv,Glenn,39.7634,-122.0771,W001,2013-09-18 13:29:54,397634N1220771W001,22N02W15C002M,5/21/2003,00:00,,,47.810,0.000,47.810,192.365,189.465,144.555,44.910,UNK - Unknown,Unknown,Department of Water Resources,Voluntary,5,21,2003
Glenn_01.01.2003-06.21.2013.csv,Glenn,39.7634,-122.0771,W001,2013-09-18 13:29:54,397634N1220771W001,22N02W15C002M,5/28/2003,00:00,,,47.350,0.000,47.350,192.365,189.465,145.015,44.450,UNK - Unknown,Unknown,Department of Water Resources,Voluntary,5,28,2003
Glenn_01.01.2003-06.21.2013.csv,Glenn,39.7634,-122.0771,W001,2013-09-18 13:29:54,397634N1220771W001,22N02W15C002M,6/20/2003,00:00,,,48.530,0.000,48.530,192.365,189.465,143.835,45.630,UNK - Unknown,Unknown,Department of Water Resources,Voluntary,6,20,2003
Glenn_01.01.2003-06.21.2013.csv,Glenn,39.7634,-122.0771,W001,2013-09-18 13:29:54,397634N1220771W001,22N02W15C002M,9/22/2003,00:00,,,49.100,0.000,49.100,192.365,189.465,143.265,46.200,UNK - Unknown,Unknown,Department of Water Resources,Voluntary,9,22,2003
Glenn_01.01.2003-06.21.2013.csv,Glenn,39.7634,-122.0771,W001,2013-09-18 13:29:54,397634N1220771W001,22N02W15C002M,9/25/2003,00:00,,,50.100,0.000,50.100,192.365,189.465,142.265,47.200,UNK - Unknown,Unknown,Department of Water Resources,Voluntary,9,25,2003
Glenn_01.01.2003-06.21.2013.csv,Glenn,39.7634,-122.0771,W001,2013-09-18 13:29:54,397634N1220771W001,22N02W15C002M,10/2/2003,00:00,,,47.800,0.000,47.800,192.365,189.465,144.565,44.900,UNK - Unknown,Unknown,Department of Water Resources,Voluntary,10,2,2003
Glenn_01.01.2003-06.21.2013.csv,Glenn,39.7634,-122.0771,W001,2013-09-18 13:29:54,397634N1220771W001,22N02W15C002M,10/16/2003,00:00,,,46.800,0.000,46.800,192.365,189.465,145.565,43.900,UNK - Unknown,Unknown,Department of Water Resources,Voluntary,10,16,2003
Glenn_01.01.2003-06.21.2013.csv,Glenn,39.7634,-122.0771,W001,2013-09-18 13:29:54,397634N1220771W001,22N02W15C002M,10/9/2003,00:00,,,47.900,0.000,47.900,192.365,189.465,144.465,45.000,UNK - Unknown,Unknown,Department of Water Resources,Voluntary,10,9,2003
Glenn_01.01.2003-06.21.2013.csv,Glenn,39.7634,-122.0771,W001,2013-09-18 13:29:54,397634N1220771W001,22N02W15C002M,10/23/2003,00:00,,,45.900,0.000,45.900,192.365,189.465,146.465,43.000,UNK - Unknown,Unknown,Department of Water Resources,Voluntary,10,23,2003
Glenn_01.01.2003-06.21.2013.csv,Glenn,39.7634,-122.0771,W001,2013-09-18 13:29:54,397634N1220771W001,22N02W15C002M,10/30/2003,00:00,,,45.000,0.000,45.000,192.365,189.465,147.365,42.100,UNK - Unknown,Unknown,Department of Water Resources,Voluntary,10,30,2003
Glenn_01.01.2003-06.21.2013.csv,Glenn,39.7634,-122.0771,W001,2013-09-18 13:29:54,397634N1220771W001,22N02W15C002M,11/25/2003,00:00,,,42.700,0.000,42.700,192.365,189.465,149.665,39.800,UNK - Unknown,Unknown,Department of Water Resources,Voluntary,11,25,2003
Glenn_01.01.2003-06.21.2013.csv,Glenn,39.7634,-122.0771,W001,2013-09-18 13:29:54,397634N1220771W001,22N02W15C002M,11/6/2003,00:00,,,44.200,0.000,44.200,192.365,189.465,148.165,41.300,UNK - Unknown,Unknown,Department of Water Resources,Voluntary,11,6,2003
Glenn_01.01.2003-06.21.2013.csv,Glenn,39.7634,-122.0771,W001,2013-09-18 13:29:54,397634N1220771W001,22N02W15C002M,11/13/2003,00:00,,,43.500,0.000,43.500,192.365,189.465,148.865,40.600,UNK - Unknown,Unknown,Department of Water Resources,Voluntary,11,13,2003
Glenn_01.01.2003-06.21.2013.csv,Glenn,39.7634,-122.0771,W001,2013-09-18 13:29:54,397634N1220771W001,22N02W15C002M,12/9/2003,00:00,,,40.500,0.000,40.500,192.365,189.465,151.865,37.600,UNK - Unknown,Unknown,Department of Water Resources,Voluntary,12,9,2003
Glenn_01.01.2003-06.21.2013.csv,Glenn,39.7634,-122.0771,W001,2013-09-18 13:29:54,397634N1220771W001,22N02W15C002M,3/31/2004,00:00,,,24.080,0.000,24.080,192.365,189.465,168.285,21.180,UNK - Unknown,Unknown,Department of Water Resources,Voluntary,3,31,2004
Glenn_01.01.2003-06.21.2013.csv,Glenn,39.7634,-122.0771,W001,2013-09-18 13:29:54,397634N1220771W001,22N02W15C002M,4/26/2004,00:00,,,30.200,0.000,30.200,192.365,189.465,162.165,27.300,UNK - Unknown,Unknown,Department of Water Resources,Voluntary,4,26,2004
Glenn_01.01.2003-06.21.2013.csv,Glenn,39.7634,-122.0771,W001,2013-09-18 13:29:54,397634N1220771W001,22N02W15C002M,5/21/2004,00:00,,,32.200,0.000,32.200,192.365,189.465,160.165,29.300,UNK - Unknown,Unknown,Department of Water Resources,Voluntary,5,21,2004
Glenn_01.01.2003-06.21.2013.csv,Glenn,39.7634,-122.0771,W001,2013-09-18 13:29:54,397634N1220771W001,22N02W15C002M,2/10/2004,00:00,,,30.100,0.000,30.100,192.365,189.465,162.265,27.200,UNK - Unknown,Unknown,Department of Water Resources,Voluntary,2,10,2004
Glenn_01.01.2003-06.21.2013.csv,Glenn,39.7634,-122.0771,W001,2013-09-18 13:29:54,397634N1220771W001,22N02W15C002M,7/27/2004,00:00,,,46.400,0.000,46.400,192.365,189.465,145.965,43.500,UNK - Unknown,Unknown,Department of Water Resources,Voluntary,7,27,2004
Glenn_01.01.2003-06.21.2013.csv,Glenn,39.7634,-122.0771,W001,2013-09-18 13:29:54,397634N1220771W001,22N02W15C002M,6/21/2004,00:00,,,39.000,0.000,39.000,192.365,189.465,153.365,36.100,UNK - Unknown,Unknown,Department of Water Resources,Voluntary,6,21,2004
Glenn_01.01.2003-06.21.2013.csv,Glenn,39.7634,-122.0771,W001,2013-09-18 13:29:54,397634N1220771W001,22N02W15C002M,8/24/2004,00:00,,,45.600,0.000,45.600,192.365,189.465,146.765,42.700,UNK - Unknown,Unknown,Department of Water Resources,Voluntary,8,24,2004
Glenn_01.01.2003-06.21.2013.csv,Glenn,39.7634,-122.0771,W001,2013-09-18 13:29:54,397634N1220771W001,22N02W15C002M,9/21/2004,00:00,,,47.700,0.000,47.700,192.365,189.465,144.665,44.800,UNK - Unknown,Unknown,Department of Water Resources,Voluntary,9,21,2004
Glenn_01.01.2003-06.21.2013.csv,Glenn,39.7634,-122.0771,W001,2013-09-18 13:29:54,397634N1220771W001,22N02W15C002M,10/19/2004,00:00,,,58.200,0.000,58.200,192.365,189.465,134.165,55.300,UNK - Unknown,Unknown,Department of Water Resources,Voluntary,10,19,2004
Glenn_01.01.2003-06.21.2013.csv,Glenn,39.7634,-122.0771,W001,2013-09-18 13:29:54,397634N1220771W001,22N02W15C002M,11/22/2004,00:00,,,56.400,0.000,56.400,192.365,189.465,135.965,53.500,UNK - Unknown,Unknown,Department of Water Resources,Voluntary,11,22,2004
Glenn_01.01.2003-06.21.2013.csv,Glenn,39.7634,-122.0771,W001,2013-09-18 13:29:54,397634N1220771W001,22N02W15C002M,3/31/2005,00:00,,,49.000,0.000,49.000,192.365,189.465,143.365,46.100,UNK - Unknown,Unknown,Department of Water Resources,Voluntary,3,31,2005
Glenn_01.01.2003-06.21.2013.csv,Glenn,39.7634,-122.0771,W001,2013-09-18 13:29:54,397634N1220771W001,22N02W15C002M,4/29/2005,00:00,,,47.900,0.000,47.900,192.365,189.465,144.465,45.000,UNK - Unknown,Unknown,Department of Water Resources,Voluntary,4,29,2005
Glenn_01.01.2003-06.21.2013.csv,Glenn,39.7634,-122.0771,W001,2013-09-18 13:29:54,397634N1220771W001,22N02W15C002M,4/13/2005,00:00,,,48.380,0.000,48.380,192.365,189.465,143.985,45.480,UNK - Unknown,Unknown,Department of Water Resources,Voluntary,4,13,2005
Glenn_01.01.2003-06.21.2013.csv,Glenn,39.7634,-122.0771,W001,2013-09-18 13:29:54,397634N1220771W001,22N02W15C002M,5/10/2005,00:00,,,47.480,0.000,47.480,192.365,189.465,144.885,44.580,UNK - Unknown,Unknown,Department of Water Resources,Voluntary,5,10,2005
Glenn_01.01.2003-06.21.2013.csv,Glenn,39.7634,-122.0771,W001,2013-09-18 13:29:54,397634N1220771W001,22N02W15C002M,5/27/2005,00:00,,,47.100,0.000,47.100,192.365,189.465,145.265,44.200,UNK - Unknown,Unknown,Department of Water Resources,Voluntary,5,27,2005
Glenn_01.01.2003-06.21.2013.csv,Glenn,39.7634,-122.0771,W001,2013-09-18 13:29:54,397634N1220771W001,22N02W15C002M,6/15/2005,00:00,,,48.460,0.000,48.460,192.365,189.465,143.905,45.560,UNK - Unknown,Unknown,Department of Water Resources,Voluntary,6,15,2005
Glenn_01.01.2003-06.21.2013.csv,Glenn,39.7634,-122.0771,W001,2013-09-18 13:29:54,397634N1220771W001,22N02W15C002M,6/23/2005,00:00,,,49.200,0.000,49.200,192.365,189.465,143.165,46.300,UNK - Unknown,Unknown,Department of Water Resources,Voluntary,6,23,2005
Glenn_01.01.2003-06.21.2013.csv,Glenn,39.7634,-122.0771,W001,2013-09-18 13:29:54,397634N1220771W001,22N02W15C002M,7/29/2005,00:00,,,54.120,0.000,54.120,192.365,189.465,138.245,51.220,UNK - Unknown,Unknown,Department of Water Resources,Voluntary,7,29,2005
Glenn_01.01.2003-06.21.2013.csv,Glenn,39.7634,-122.0771,W001,2013-09-18 13:29:54,397634N1220771W001,22N02W15C002M,7/21/2005,00:00,,,52.900,0.000,52.900,192.365,189.465,139.465,50.000,UNK - Unknown,Unknown,Department of Water Resources,Voluntary,7,21,2005
Glenn_01.01.2003-06.21.2013.csv,Glenn,39.7634,-122.0771,W001,2013-09-18 13:29:54,397634N1220771W001,22N02W15C002M,8/11/2005,00:00,,,56.400,0.000,56.400,192.365,189.465,135.965,53.500,UNK - Unknown,Unknown,Department of Water Resources,Voluntary,8,11,2005
Glenn_01.01.2003-06.21.2013.csv,Glenn,39.7634,-122.0771,W001,2013-09-18 13:29:54,397634N1220771W001,22N02W15C002M,8/26/2005,00:00,,,58.200,0.000,58.200,192.365,189.465,134.165,55.300,UNK - Unknown,Unknown,Department of Water Resources,Voluntary,8,26,2005
Glenn_01.01.2003-06.21.2013.csv,Glenn,39.7634,-122.0771,W001,2013-09-18 13:29:54,397634N1220771W001,22N02W15C002M,2/3/2005,00:00,,,52.090,0.000,52.090,192.365,189.465,140.275,49.190,UNK - Unknown,Unknown,Department of Water Resources,Voluntary,2,3,2005
Glenn_01.01.2003-06.21.2013.csv,Glenn,39.7634,-122.0771,W001,2013-09-18 13:29:54,397634N1220771W001,22N02W15C002M,9/29/2005,00:00,,,60.560,0.000,60.560,192.365,189.465,131.805,57.660,UNK - Unknown,Unknown,Department of Water Resources,Voluntary,9,29,2005
Glenn_01.01.2003-06.21.2013.csv,Glenn,39.7634,-122.0771,W001,2013-09-18 13:29:54,397634N1220771W001,22N02W15C002M,10/7/2005,00:00,,,60.480,0.000,60.480,192.365,189.465,131.885,57.580,UNK - Unknown,Unknown,Department of Water Resources,Voluntary,10,7,2005
Glenn_01.01.2003-06.21.2013.csv,Glenn,39.7634,-122.0771,W001,2013-09-18 13:29:54,397634N1220771W001,22N02W15C002M,10/21/2005,00:00,,,60.270,0.000,60.270,192.365,189.465,132.095,57.370,UNK - Unknown,Unknown,Department of Water Resources,Voluntary,10,21,2005
Glenn_01.01.2003-06.21.2013.csv,Glenn,39.7634,-122.0771,W001,2013-09-18 13:29:54,397634N1220771W001,22N02W15C002M,11/2/2005,00:00,,,59.790,0.000,59.790,192.365,189.465,132.575,56.890,UNK - Unknown,Unknown,Department of Water Resources,Voluntary,11,2,2005
Glenn_01.01.2003-06.21.2013.csv,Glenn,39.7634,-122.0771,W001,2013-09-18 13:29:54,397634N1220771W001,22N02W15C002M,12/1/2005,00:00,,,58.030,0.000,58.030,192.365,189.465,134.335,55.130,UNK - Unknown,Unknown,Department of Water Resources,Voluntary,12,1,2005
Glenn_01.01.2003-06.21.2013.csv,Glenn,39.7634,-122.0771,W001,2013-09-18 13:29:54,397634N1220771W001,22N02W15C002M,1/17/2006,00:00,,,55.040,0.000,55.040,192.365,189.465,137.325,52.140,UNK - Unknown,Unknown,Department of Water Resources,Voluntary,1,17,2006
Glenn_01.01.2003-06.21.2013.csv,Glenn,39.7634,-122.0771,W001,2013-09-18 13:29:54,397634N1220771W001,22N02W15C002M,2/21/2006,00:00,,,52.180,0.000,52.180,192.365,189.465,140.185,49.280,UNK - Unknown,Unknown,Department of Water Resources,Voluntary,2,21,2006
Glenn_01.01.2003-06.21.2013.csv,Glenn,39.7634,-122.0771,W001,2013-09-18 13:29:54,397634N1220771W001,22N02W15C002M,3/24/2006,00:00,,,50.010,0.000,50.010,192.365,189.465,142.355,47.110,UNK - Unknown,Unknown,Department of Water Resources,Voluntary,3,24,2006
Glenn_01.01.2003-06.21.2013.csv,Glenn,39.7634,-122.0771,W001,2013-09-18 13:29:54,397634N1220771W001,22N02W15C002M,5/10/2006,00:00,,,46.780,0.000,46.780,192.365,189.465,145.585,43.880,UNK - Unknown,Unknown,Department of Water Resources,Voluntary,5,10,2006
Glenn_01.01.2003-06.21.2013.csv,Glenn,39.7634,-122.0771,W001,2013-09-18 13:29:54,397634N1220771W001,22N02W15C002M,5/19/2006,00:00,,,46.250,0.000,46.250,192.365,189.465,146.115,43.350,UNK - Unknown,Unknown,Department of Water Resources,Voluntary,5,19,2006
Glenn_01.01.2003-06.21.2013.csv,Glenn,39.7634,-122.0771,W001,2013-09-18 13:29:54,397634N1220771W001,22N02W15C002M,6/16/2006,00:00,,,47.990,0.000,47.990,192.365,189.465,144.375,45.090,UNK - Unknown,Unknown,Department of Water Resources,Voluntary,6,16,2006
Glenn_01.01.2003-06.21.2013.csv,Glenn,39.7634,-122.0771,W001,2013-09-18 13:29:54,397634N1220771W001,22N02W15C002M,7/31/2006,00:00,,,53.250,0.000,53.250,192.365,189.465,139.115,50.350,UNK - Unknown,Unknown,Department of Water Resources,Voluntary,7,31,2006
Glenn_01.01.2003-06.21.2013.csv,Glenn,39.7634,-122.0771,W001,2013-09-18 13:29:54,397634N1220771W001,22N02W15C002M,9/5/2006,00:00,,,57.480,0.000,57.480,192.365,189.465,134.885,54.580,UNK - Unknown,Unknown,Department of Water Resources,Voluntary,9,5,2006
Glenn_01.01.2003-06.21.2013.csv,Glenn,39.7634,-122.0771,W001,2013-09-18 13:29:54,397634N1220771W001,22N02W15C002M,10/12/2006,00:00,,,58.400,0.000,58.400,192.365,189.465,133.965,55.500,UNK - Unknown,Unknown,Department of Water Resources,Voluntary,10,12,2006
Glenn_01.01.2003-06.21.2013.csv,Glenn,39.7634,-122.0771,W001,2013-09-18 13:29:54,397634N1220771W001,22N02W15C002M,11/21/2006,00:00,,,56.850,0.000,56.850,192.365,189.465,135.515,53.950,UNK - Unknown,Unknown,Department of Water Resources,Voluntary,11,21,2006
Glenn_01.01.2003-06.21.2013.csv,Glenn,39.7634,-122.0771,W001,2013-09-18 13:29:54,397634N1220771W001,22N02W15C002M,1/18/2007,00:00,,,53.600,0.000,53.600,192.365,189.465,138.765,50.700,UNK - Unknown,Unknown,Department of Water Resources,Voluntary,1,18,2007
Glenn_01.01.2003-06.21.2013.csv,Glenn,39.7634,-122.0771,W001,2013-09-18 13:29:54,397634N1220771W001,22N02W15C002M,3/7/2007,00:00,,,51.740,0.000,51.740,192.365,189.465,140.625,48.840,UNK - Unknown,Unknown,Department of Water Resources,Voluntary,3,7,2007
Glenn_01.01.2003-06.21.2013.csv,Glenn,39.7634,-122.0771,W001,2013-09-18 13:29:54,397634N1220771W001,22N02W15C002M,3/20/2007,00:00,,,51.290,0.000,51.290,192.365,189.465,141.075,48.390,UNK - Unknown,Unknown,Department of Water Resources,Voluntary,3,20,2007
Glenn_01.01.2003-06.21.2013.csv,Glenn,39.7634,-122.0771,W001,2013-09-18 13:29:54,397634N1220771W001,22N02W15C002M,4/26/2007,00:00,,,57.140,0.000,57.140,192.365,189.465,135.225,54.240,UNK - Unknown,Unknown,Department of Water Resources,Voluntary,4,26,2007
Glenn_01.01.2003-06.21.2013.csv,Glenn,39.7634,-122.0771,W001,2013-09-18 13:29:54,397634N1220771W001,22N02W15C002M,5/2/2007,00:00,,,62.400,0.000,62.400,192.365,189.465,129.965,59.500,UNK - Unknown,Unknown,Department of Water Resources,Voluntary,5,2,2007
Glenn_01.01.2003-06.21.2013.csv,Glenn,39.7634,-122.0771,W001,2013-09-18 13:29:54,397634N1220771W001,22N02W15C002M,4/16/2007,00:00,,,51.900,0.000,51.900,192.365,189.465,140.465,49.000,UNK - Unknown,Unknown,Department of Water Resources,Voluntary,4,16,2007
Glenn_01.01.2003-06.21.2013.csv,Glenn,39.7634,-122.0771,W001,2013-09-18 13:29:54,397634N1220771W001,22N02W15C002M,5/18/2007,00:00,,,71.900,0.000,71.900,192.365,189.465,120.465,69.000,UNK - Unknown,Unknown,Department of Water Resources,Voluntary,5,18,2007
Glenn_01.01.2003-06.21.2013.csv,Glenn,39.7634,-122.0771,W001,2013-09-18 13:29:54,397634N1220771W001,22N02W15C002M,5/31/2007,00:00,,,67.300,0.000,67.300,192.365,189.465,125.065,64.400,UNK - Unknown,Unknown,Department of Water Resources,Voluntary,5,31,2007
Glenn_01.01.2003-06.21.2013.csv,Glenn,39.7634,-122.0771,W001,2013-09-18 13:29:54,397634N1220771W001,22N02W15C002M,7/18/2007,00:00,,,65.330,0.000,65.330,192.365,189.465,127.035,62.430,UNK - Unknown,Unknown,Department of Water Resources,Voluntary,7,18,2007
Glenn_01.01.2003-06.21.2013.csv,Glenn,39.7634,-122.0771,W001,2013-09-18 13:29:54,397634N1220771W001,22N02W15C002M,8/31/2007,00:00,,,67.800,0.000,67.800,192.365,189.465,124.565,64.900,UNK - Unknown,Unknown,Department of Water Resources,Voluntary,8,31,2007
Glenn_01.01.2003-06.21.2013.csv,Glenn,39.7634,-122.0771,W001,2013-09-18 13:29:54,397634N1220771W001,22N02W15C002M,10/1/2007,00:00,,,68.170,0.000,68.170,192.365,189.465,124.195,65.270,UNK - Unknown,Unknown,Department of Water Resources,Voluntary,10,1,2007
Glenn_01.01.2003-06.21.2013.csv,Glenn,39.7634,-122.0771,W001,2013-09-18 13:29:54,397634N1220771W001,22N02W15C002M,10/15/2007,00:00,,,67.370,0.000,67.370,192.365,189.465,124.995,64.470,UNK - Unknown,Unknown,Department of Water Resources,Voluntary,10,15,2007
Glenn_01.01.2003-06.21.2013.csv,Glenn,39.7634,-122.0771,W001,2013-09-18 13:29:54,397634N1220771W001,22N02W15C002M,11/29/2007,00:00,,,64.050,0.000,64.050,192.365,189.465,128.315,61.150,UNK - Unknown,Unknown,Department of Water Resources,Voluntary,11,29,2007
Glenn_01.01.2003-06.21.2013.csv,Glenn,39.7634,-122.0771,W001,2013-09-18 13:29:54,397634N1220771W001,22N02W15C002M,1/15/2008,00:00,,,60.410,0.000,60.410,192.365,189.465,131.955,57.510,UNK - Unknown,Unknown,Department of Water Resources,Voluntary,1,15,2008
Glenn_01.01.2003-06.21.2013.csv,Glenn,39.7634,-122.0771,W001,2013-09-18 13:29:54,397634N1220771W001,22N02W15C002M,3/10/2008,00:00,,,56.570,0.000,56.570,192.365,189.465,135.795,53.670,UNK - Unknown,Unknown,Department of Water Resources,Voluntary,3,10,2008
Glenn_01.01.2003-06.21.2013.csv,Glenn,39.7634,-122.0771,W001,2013-09-18 13:29:54,397634N1220771W001,22N02W15C002M,7/25/2008,00:00,,,80.020,0.000,80.020,192.365,189.465,112.345,77.120,UNK - Unknown,Unknown,Department of Water Resources,Voluntary,7,25,2008
Glenn_01.01.2003-06.21.2013.csv,Glenn,39.7634,-122.0771,W001,2013-09-18 13:29:54,397634N1220771W001,22N02W15C002M,8/4/2008,00:00,,,84.310,0.000,84.310,192.365,189.465,108.055,81.410,UNK - Unknown,Unknown,Department of Water Resources,Voluntary,8,4,2008
Glenn_01.01.2003-06.21.2013.csv,Glenn,39.7634,-122.0771,W001,2013-09-18 13:29:54,397634N1220771W001,22N02W15C002M,8/8/2007,00:00,,,66.150,0.000,66.150,192.365,189.465,126.215,63.250,UNK - Unknown,Unknown,Department of Water Resources,Voluntary,TROLL DATA POINT8,8,2007
Glenn_01.01.2003-06.21.2013.csv,Glenn,39.7634,-122.0771,W001,2013-09-18 13:29:54,397634N1220771W001,22N02W15C002M,10/22/2008,00:00,,,72.050,0.000,72.050,192.365,189.465,120.315,69.150,UNK - Unknown,Unknown,Department of Water Resources,Voluntary,10,22,2008
Glenn_01.01.2003-06.21.2013.csv,Glenn,39.7634,-122.0771,W001,2013-09-18 13:29:54,397634N1220771W001,22N02W15C002M,1/12/2009,00:00,,,64.780,0.000,64.780,192.365,189.465,127.585,61.880,UNK - Unknown,Unknown,Department of Water Resources,Voluntary,1,12,2009
Glenn_01.01.2003-06.21.2013.csv,Glenn,39.7634,-122.0771,W001,2013-09-18 13:29:54,397634N1220771W001,22N02W15C002M,1/23/2009,00:00,,,63.720,0.000,63.720,192.365,189.465,128.645,60.820,UNK - Unknown,Unknown,Department of Water Resources,Voluntary,1,23,2009
Glenn_01.01.2003-06.21.2013.csv,Glenn,39.7634,-122.0771,W001,2013-09-18 13:29:54,397634N1220771W001,22N02W15C002M,2/25/2009,00:00,,,61.280,0.000,61.280,192.365,189.465,131.085,58.380,UNK - Unknown,Unknown,Department of Water Resources,Voluntary,2,25,2009
Glenn_01.01.2003-06.21.2013.csv,Glenn,39.7634,-122.0771,W001,2013-09-18 13:29:54,397634N1220771W001,22N02W15C002M,3/23/2009,00:00,,,63.960,0.000,63.960,192.365,189.465,128.405,61.060,UNK - Unknown,Unknown,Department of Water Resources,Voluntary,3,23,2009
Glenn_01.01.2003-06.21.2013.csv,Glenn,39.7634,-122.0771,W001,2013-09-18 13:29:54,397634N1220771W001,22N02W15C002M,5/15/2009,00:00,,,59.950,0.000,59.950,192.365,189.465,132.415,57.050,UNK - Unknown,Unknown,Department of Water Resources,Voluntary,5,15,2009
Glenn_01.01.2003-06.21.2013.csv,Glenn,39.7634,-122.0771,W001,2013-09-18 13:29:54,397634N1220771W001,22N02W15C002M,6/22/2009,00:00,,,62.680,0.000,62.680,192.365,189.465,129.685,59.780,UNK - Unknown,Unknown,Department of Water Resources,Voluntary,6,22,2009
Glenn_01.01.2003-06.21.2013.csv,Glenn,39.7634,-122.0771,W001,2013-09-18 13:29:54,397634N1220771W001,22N02W15C002M,8/3/2009,00:00,,,86.750,0.000,86.750,192.365,189.465,105.615,83.850,UNK - Unknown,Unknown,Department of Water Resources,Voluntary,8,3,2009
Glenn_01.01.2003-06.21.2013.csv,Glenn,39.7634,-122.0771,W001,2013-09-18 13:29:54,397634N1220771W001,22N02W15C002M,9/17/2009,00:00,,,84.280,0.000,84.280,192.365,189.465,108.085,81.380,UNK - Unknown,Unknown,Department of Water Resources,Voluntary,9,17,2009
Glenn_01.01.2003-06.21.2013.csv,Glenn,39.7634,-122.0771,W001,2013-09-18 13:29:54,397634N1220771W001,22N02W15C002M,10/23/2009,00:00,,,77.040,0.000,77.040,192.365,189.465,115.325,74.140,UNK - Unknown,Unknown,Department of Water Resources,Voluntary,10,23,2009
Glenn_01.01.2003-06.21.2013.csv,Glenn,39.7634,-122.0771,W001,2013-09-18 13:29:54,397634N1220771W001,22N02W15C002M,2/17/2010,00:00,,,63.740,0.000,63.740,192.365,189.465,128.625,60.840,UNK - Unknown,Unknown,Department of Water Resources,Voluntary,2,17,2010
Glenn_01.01.2003-06.21.2013.csv,Glenn,39.7634,-122.0771,W001,2013-09-18 13:29:54,397634N1220771W001,22N02W15C002M,3/23/2010,00:00,,,61.030,0.000,61.030,192.365,189.465,131.335,58.130,UNK - Unknown,Unknown,Department of Water Resources,Voluntary,3,23,2010
Glenn_01.01.2003-06.21.2013.csv,Glenn,39.7634,-122.0771,W001,2013-09-18 13:29:54,397634N1220771W001,22N02W15C002M,8/2/2010,00:00,,,62.620,0.000,62.620,192.365,189.465,129.745,59.720,UNK - Unknown,Unknown,Department of Water Resources,Voluntary,8,2,2010
Glenn_01.01.2003-06.21.2013.csv,Glenn,39.7634,-122.0771,W001,2013-09-18 13:29:54,397634N1220771W001,22N02W15C002M,10/18/2010,00:00,,,65.720,0.000,65.720,192.365,189.465,126.645,62.820,UNK - Unknown,Unknown,Department of Water Resources,Voluntary,10,18,2010
Glenn_01.01.2003-06.21.2013.csv,Glenn,39.7634,-122.0771,W001,2013-09-18 13:29:54,397634N1220771W001,22N02W15C002M,2/23/2011,00:00,,,59.610,0.000,59.610,192.365,189.465,132.755,56.710,UNK - Unknown,Unknown,Department of Water Resources,Voluntary,2,23,2011
Glenn_01.01.2003-06.21.2013.csv,Glenn,39.7634,-122.0771,W001,2013-09-18 13:29:54,397634N1220771W001,22N02W15C002M,3/10/2011,00:00,,,61.130,0.000,61.130,192.365,189.465,131.235,58.230,UNK - Unknown,Unknown,Department of Water Resources,Voluntary,3,10,2011
Glenn_01.01.2003-06.21.2013.csv,Glenn,39.7634,-122.0771,W001,2013-09-18 13:29:54,397634N1220771W001,22N02W15C002M,3/1/2011,00:00,,,60.240,0.000,60.240,192.365,189.465,132.125,57.340,UNK - Unknown,Unknown,Department of Water Resources,Voluntary,REPLACED TROLL - NEW SN = 1588553,1,2011
Glenn_01.01.2003-06.21.2013.csv,Glenn,39.7634,-122.0771,W001,2013-09-18 13:29:54,397634N1220771W001,22N02W15C002M,4/5/2011,00:00,,,60.110,0.000,60.110,192.365,189.465,132.255,57.210,UNK - Unknown,Unknown,Department of Water Resources,Voluntary,4,5,2011
Glenn_01.01.2003-06.21.2013.csv,Glenn,39.7634,-122.0771,W001,2013-09-18 13:29:54,397634N1220771W001,22N02W15C002M,6/10/2011,00:00,,,64.460,0.000,64.460,192.365,189.465,127.905,61.560,UNK - Unknown,Unknown,Department of Water Resources,Voluntary,6,10,2011
Glenn_01.01.2003-06.21.2013.csv,Glenn,39.7634,-122.0771,W001,2013-09-18 13:29:54,397634N1220771W001,22N02W15C002M,8/3/2011,00:00,,,73.990,0.000,73.990,192.365,189.465,118.375,71.090,UNK - Unknown,Unknown,Department of Water Resources,Voluntary,8,3,2011
Glenn_01.01.2003-06.21.2013.csv,Glenn,39.7634,-122.0771,W001,2013-09-18 13:29:54,397634N1220771W001,22N02W15C002M,11/28/2011,00:00,,,85.880,0.000,85.880,192.365,189.465,106.485,82.980,UNK - Unknown,Unknown,Department of Water Resources,Voluntary,11,28,2011
Glenn_01.01.2003-06.21.2013.csv,Glenn,39.7634,-122.0771,W001,2013-09-18 13:29:54,397634N1220771W001,22N02W15C002M,5/23/2013,00:00,,,62.000,0.000,62.000,192.365,189.465,130.365,59.100,ES - Electric sounder measurement,0.1 Ft,Department of Water Resources,Voluntary,5,23,2013
Glenn_01.01.2003-06.21.2013.csv,Glenn,39.7634,-122.0771,W002,2013-09-18 13:29:54,397634N1220771W002,22N02W15C003M,10/10/2011,00:00,,,52.710,0.000,52.710,192.005,189.205,139.295,49.910,ES - Electric sounder measurement,0.01 Ft,Department of Water Resources,CASGEM,10,10,2011
Glenn_01.01.2003-06.21.2013.csv,Glenn,39.7634,-122.0771,W002,2013-09-18 13:29:54,397634N1220771W002,22N02W15C003M,3/26/2012,00:00,,,38.850,0.000,38.850,192.005,189.205,153.155,36.050,ES - Electric sounder measurement,0.01 Ft,Department of Water Resources,CASGEM,3,26,2012
Glenn_01.01.2003-06.21.2013.csv,Glenn,39.7634,-122.0771,W002,2013-09-18 13:29:54,397634N1220771W002,22N02W15C003M,7/30/2012,00:00,,,98.050,0.000,98.050,192.005,189.205,93.955,95.250,ES - Electric sounder measurement,0.1 Ft,Department of Water Resources,CASGEM,7,30,2012
Glenn_01.01.2003-06.21.2013.csv,Glenn,39.7634,-122.0771,W002,2013-09-18 13:29:54,397634N1220771W002,22N02W15C003M,10/15/2012,07:55,,,63.000,-0.240,63.240,192.005,189.205,128.765,60.440,ST - Steel tape measurement,0.1 Ft,Department of Water Resources,CASGEM,10,15,2012
Glenn_01.01.2003-06.21.2013.csv,Glenn,39.7634,-122.0771,W002,2013-09-18 13:29:54,397634N1220771W002,22N02W15C003M,3/20/2013,09:40,,,45.000,-0.460,45.460,192.005,189.205,146.545,42.660,ST - Steel tape measurement,0.1 Ft,Department of Water Resources,CASGEM,3,20,2013
Glenn_01.01.2003-06.21.2013.csv,Glenn,39.7634,-122.0771,W002,2013-09-18 13:29:54,397634N1220771W002,22N02W15C003M,7/18/2003,00:00,,,73.200,0.000,73.200,192.005,189.205,118.805,70.400,UNK - Unknown,Unknown,Department of Water Resources,Voluntary,7,18,2003
Glenn_01.01.2003-06.21.2013.csv,Glenn,39.7634,-122.0771,W002,2013-09-18 13:29:54,397634N1220771W002,22N02W15C003M,7/24/2003,00:00,,,73.600,0.000,73.600,192.005,189.205,118.405,70.800,UNK - Unknown,Unknown,Department of Water Resources,Voluntary,7,24,2003
Glenn_01.01.2003-06.21.2013.csv,Glenn,39.7634,-122.0771,W002,2013-09-18 13:29:54,397634N1220771W002,22N02W15C003M,7/31/2003,00:00,,,80.400,0.000,80.400,192.005,189.205,111.605,77.600,UNK - Unknown,Unknown,Department of Water Resources,Voluntary,7,31,2003
Glenn_01.01.2003-06.21.2013.csv,Glenn,39.7634,-122.0771,W002,2013-09-18 13:29:54,397634N1220771W002,22N02W15C003M,8/26/2003,00:00,,,65.100,0.000,65.100,192.005,189.205,126.905,62.300,UNK - Unknown,Unknown,Department of Water Resources,Voluntary,8,26,2003
Glenn_01.01.2003-06.21.2013.csv,Glenn,39.7634,-122.0771,W002,2013-09-18 13:29:54,397634N1220771W002,22N02W15C003M,8/7/2003,00:00,,,77.000,0.000,77.000,192.005,189.205,115.005,74.200,UNK - Unknown,Unknown,Department of Water Resources,Voluntary,8,7,2003
Glenn_01.01.2003-06.21.2013.csv,Glenn,39.7634,-122.0771,W002,2013-09-18 13:29:54,397634N1220771W002,22N02W15C003M,8/14/2003,00:00,,,79.400,0.000,79.400,192.005,189.205,112.605,76.600,UNK - Unknown,Unknown,Department of Water Resources,Voluntary,8,14,2003
Glenn_01.01.2003-06.21.2013.csv,Glenn,39.7634,-122.0771,W002,2013-09-18 13:29:54,397634N1220771W002,22N02W15C003M,8/21/2003,00:00,,,77.900,0.000,77.900,192.005,189.205,114.105,75.100,UNK - Unknown,Unknown,Department of Water Resources,Voluntary,8,21,2003
Glenn_01.01.2003-06.21.2013.csv,Glenn,39.7634,-122.0771,W002,2013-09-18 13:29:54,397634N1220771W002,22N02W15C003M,9/4/2003,00:00,,,62.500,0.000,62.500,192.005,189.205,129.505,59.700,UNK - Unknown,Unknown,Department of Water Resources,Voluntary,9,4,2003
Glenn_01.01.2003-06.21.2013.csv,Glenn,39.7634,-122.0771,W002,2013-09-18 13:29:54,397634N1220771W002,22N02W15C003M,2/18/2003,00:00,,,30.710,0.000,30.710,192.005,189.205,161.295,27.910,UNK - Unknown,Unknown,Department of Water Resources,Voluntary,2,18,2003
Glenn_01.01.2003-06.21.2013.csv,Glenn,39.7634,-122.0771,W002,2013-09-18 13:29:54,397634N1220771W002,22N02W15C003M,3/13/2003,00:00,,,33.630,0.000,33.630,192.005,189.205,158.375,30.830,UNK - Unknown,Unknown,Department of Water Resources,Voluntary,3,13,2003
Glenn_01.01.2003-06.21.2013.csv,Glenn,39.7634,-122.0771,W002,2013-09-18 13:29:54,397634N1220771W002,22N02W15C003M,4/2/2003,00:00,,,32.870,0.000,32.870,192.005,189.205,159.135,30.070,UNK - Unknown,Unknown,Department of Water Resources,Voluntary,4,2,2003
Glenn_01.01.2003-06.21.2013.csv,Glenn,39.7634,-122.0771,W002,2013-09-18 13:29:54,397634N1220771W002,22N02W15C003M,5/21/2003,00:00,,,39.540,0.000,39.540,192.005,189.205,152.465,36.740,UNK - Unknown,Unknown,Department of Water Resources,Voluntary,5,21,2003
Glenn_01.01.2003-06.21.2013.csv,Glenn,39.7634,-122.0771,W002,2013-09-18 13:29:54,397634N1220771W002,22N02W15C003M,5/28/2003,00:00,,,51.930,0.000,51.930,192.005,189.205,140.075,49.130,UNK - Unknown,Unknown,Department of Water Resources,Voluntary,5,28,2003
Glenn_01.01.2003-06.21.2013.csv,Glenn,39.7634,-122.0771,W002,2013-09-18 13:29:54,397634N1220771W002,22N02W15C003M,6/20/2003,00:00,,,64.230,0.000,64.230,192.005,189.205,127.775,61.430,UNK - Unknown,Unknown,Department of Water Resources,Voluntary,6,20,2003
Glenn_01.01.2003-06.21.2013.csv,Glenn,39.7634,-122.0771,W002,2013-09-18 13:29:54,397634N1220771W002,22N02W15C003M,9/22/2003,00:00,,,63.200,0.000,63.200,192.005,189.205,128.805,60.400,UNK - Unknown,Unknown,Department of Water Resources,Voluntary,9,22,2003
Glenn_01.01.2003-06.21.2013.csv,Glenn,39.7634,-122.0771,W002,2013-09-18 13:29:54,397634N1220771W002,22N02W15C003M,10/2/2003,00:00,,,57.500,0.000,57.500,192.005,189.205,134.505,54.700,UNK - Unknown,Unknown,Department of Water Resources,Voluntary,10,2,2003
Glenn_01.01.2003-06.21.2013.csv,Glenn,39.7634,-122.0771,W002,2013-09-18 13:29:54,397634N1220771W002,22N02W15C003M,10/16/2003,00:00,,,53.700,0.000,53.700,192.005,189.205,138.305,50.900,UNK - Unknown,Unknown,Department of Water Resources,Voluntary,10,16,2003
Glenn_01.01.2003-06.21.2013.csv,Glenn,39.7634,-122.0771,W002,2013-09-18 13:29:54,397634N1220771W002,22N02W15C003M,10/9/2003,00:00,,,53.800,0.000,53.800,192.005,189.205,138.205,51.000,UNK - Unknown,Unknown,Department of Water Resources,Voluntary,10,9,2003
Glenn_01.01.2003-06.21.2013.csv,Glenn,39.7634,-122.0771,W002,2013-09-18 13:29:54,397634N1220771W002,22N02W15C003M,10/23/2003,00:00,,,50.600,0.000,50.600,192.005,189.205,141.405,47.800,UNK - Unknown,Unknown,Department of Water Resources,Voluntary,10,23,2003
Glenn_01.01.2003-06.21.2013.csv,Glenn,39.7634,-122.0771,W002,2013-09-18 13:29:54,397634N1220771W002,22N02W15C003M,10/30/2003,00:00,,,47.900,0.000,47.900,192.005,189.205,144.105,45.100,UNK - Unknown,Unknown,Department of Water Resources,Voluntary,10,30,2003
Glenn_01.01.2003-06.21.2013.csv,Glenn,39.7634,-122.0771,W002,2013-09-18 13:29:54,397634N1220771W002,22N02W15C003M,11/25/2003,00:00,,,39.300,0.000,39.300,192.005,189.205,152.705,36.500,UNK - Unknown,Unknown,Department of Water Resources,Voluntary,11,25,2003
Glenn_01.01.2003-06.21.2013.csv,Glenn,39.7634,-122.0771,W002,2013-09-18 13:29:54,397634N1220771W002,22N02W15C003M,11/6/2003,00:00,,,44.100,0.000,44.100,192.005,189.205,147.905,41.300,UNK - Unknown,Unknown,Department of Water Resources,Voluntary,11,6,2003
Glenn_01.01.2003-06.21.2013.csv,Glenn,39.7634,-122.0771,W002,2013-09-18 13:29:54,397634N1220771W002,22N02W15C003M,11/13/2003,00:00,,,41.000,0.000,41.000,192.005,189.205,151.005,38.200,UNK - Unknown,Unknown,Department of Water Resources,Voluntary,11,13,2003
Glenn_01.01.2003-06.21.2013.csv,Glenn,39.7634,-122.0771,W002,2013-09-18 13:29:54,397634N1220771W002,22N02W15C003M,12/9/2003,00:00,,,37.300,0.000,37.300,192.005,189.205,154.705,34.500,UNK - Unknown,Unknown,Department of Water Resources,Voluntary,12,9,2003
Glenn_01.01.2003-06.21.2013.csv,Glenn,39.7634,-122.0771,W002,2013-09-18 13:29:54,397634N1220771W002,22N02W15C003M,3/31/2004,00:00,,,30.000,0.000,30.000,192.005,189.205,162.005,27.200,UNK - Unknown,Unknown,Department of Water Resources,Voluntary,3,31,2004
Glenn_01.01.2003-06.21.2013.csv,Glenn,39.7634,-122.0771,W002,2013-09-18 13:29:54,397634N1220771W002,22N02W15C003M,4/26/2004,00:00,,,47.500,0.000,47.500,192.005,189.205,144.505,44.700,UNK - Unknown,Unknown,Department of Water Resources,Voluntary,4,26,2004
Glenn_01.01.2003-06.21.2013.csv,Glenn,39.7634,-122.0771,W002,2013-09-18 13:29:54,397634N1220771W002,22N02W15C003M,5/21/2004,00:00,,,62.300,0.000,62.300,192.005,189.205,129.705,59.500,UNK - Unknown,Unknown,Department of Water Resources,Voluntary,5,21,2004
Glenn_01.01.2003-06.21.2013.csv,Glenn,39.7634,-122.0771,W002,2013-09-18 13:29:54,397634N1220771W002,22N02W15C003M,2/10/2004,00:00,,,30.900,0.000,30.900,192.005,189.205,161.105,28.100,UNK - Unknown,Unknown,Department of Water Resources,Voluntary,2,10,2004
Glenn_01.01.2003-06.21.2013.csv,Glenn,39.7634,-122.0771,W002,2013-09-18 13:29:54,397634N1220771W002,22N02W15C003M,7/27/2004,00:00,,,79.000,0.000,79.000,192.005,189.205,113.005,76.200,UNK - Unknown,Unknown,Department of Water Resources,Voluntary,7,27,2004
Glenn_01.01.2003-06.21.2013.csv,Glenn,39.7634,-122.0771,W002,2013-09-18 13:29:54,397634N1220771W002,22N02W15C003M,6/21/2004,00:00,,,72.900,0.000,72.900,192.005,189.205,119.105,70.100,UNK - Unknown,Unknown,Department of Water Resources,Voluntary,6,21,2004
Glenn_01.01.2003-06.21.2013.csv,Glenn,39.7634,-122.0771,W002,2013-09-18 13:29:54,397634N1220771W002,22N02W15C003M,8/24/2004,00:00,,,65.400,0.000,65.400,192.005,189.205,126.605,62.600,UNK - Unknown,Unknown,Department of Water Resources,Voluntary,8,24,2004
Glenn_01.01.2003-06.21.2013.csv,Glenn,39.7634,-122.0771,W002,2013-09-18 13:29:54,397634N1220771W002,22N02W15C003M,9/21/2004,00:00,,,66.100,0.000,66.100,192.005,189.205,125.905,63.300,UNK - Unknown,Unknown,Department of Water Resources,Voluntary,9,21,2004
Glenn_01.01.2003-06.21.2013.csv,Glenn,39.7634,-122.0771,W002,2013-09-18 13:29:54,397634N1220771W002,22N02W15C003M,10/19/2004,00:00,,,52.300,0.000,52.300,192.005,189.205,139.705,49.500,UNK - Unknown,Unknown,Department of Water Resources,Voluntary,10,19,2004
Glenn_01.01.2003-06.21.2013.csv,Glenn,39.7634,-122.0771,W002,2013-09-18 13:29:54,397634N1220771W002,22N02W15C003M,11/22/2004,00:00,,,38.100,0.000,38.100,192.005,189.205,153.905,35.300,UNK - Unknown,Unknown,Department of Water Resources,Voluntary,11,22,2004
Glenn_01.01.2003-06.21.2013.csv,Glenn,39.7634,-122.0771,W002,2013-09-18 13:29:54,397634N1220771W002,22N02W15C003M,3/31/2005,00:00,,,29.300,0.000,29.300,192.005,189.205,162.705,26.500,UNK - Unknown,Unknown,Department of Water Resources,Voluntary,3,31,2005
Glenn_01.01.2003-06.21.2013.csv,Glenn,39.7634,-122.0771,W002,2013-09-18 13:29:54,397634N1220771W002,22N02W15C003M,4/29/2005,00:00,,,35.100,0.000,35.100,192.005,189.205,156.905,32.300,UNK - Unknown,Unknown,Department of Water Resources,Voluntary,4,29,2005
Glenn_01.01.2003-06.21.2013.csv,Glenn,39.7634,-122.0771,W002,2013-09-18 13:29:54,397634N1220771W002,22N02W15C003M,4/13/2005,00:00,,,29.200,0.000,29.200,192.005,189.205,162.805,26.400,UNK - Unknown,Unknown,Department of Water Resources,Voluntary,4,13,2005
Glenn_01.01.2003-06.21.2013.csv,Glenn,39.7634,-122.0771,W002,2013-09-18 13:29:54,397634N1220771W002,22N02W15C003M,5/10/2005,00:00,,,35.100,0.000,35.100,192.005,189.205,156.905,32.300,UNK - Unknown,Unknown,Department of Water Resources,Voluntary,5,10,2005
Glenn_01.01.2003-06.21.2013.csv,Glenn,39.7634,-122.0771,W002,2013-09-18 13:29:54,397634N1220771W002,22N02W15C003M,5/27/2005,00:00,,,36.700,0.000,36.700,192.005,189.205,155.305,33.900,UNK - Unknown,Unknown,Department of Water Resources,Voluntary,5,27,2005
Glenn_01.01.2003-06.21.2013.csv,Glenn,39.7634,-122.0771,W002,2013-09-18 13:29:54,397634N1220771W002,22N02W15C003M,6/15/2005,00:00,,,60.220,0.000,60.220,192.005,189.205,131.785,57.420,UNK - Unknown,Unknown,Department of Water Resources,Voluntary,6,15,2005
Glenn_01.01.2003-06.21.2013.csv,Glenn,39.7634,-122.0771,W002,2013-09-18 13:29:54,397634N1220771W002,22N02W15C003M,6/23/2005,00:00,,,65.400,0.000,65.400,192.005,189.205,126.605,62.600,UNK - Unknown,Unknown,Department of Water Resources,Voluntary,6,23,2005
Glenn_01.01.2003-06.21.2013.csv,Glenn,39.7634,-122.0771,W002,2013-09-18 13:29:54,397634N1220771W002,22N02W15C003M,7/29/2005,00:00,,,85.490,0.000,85.490,192.005,189.205,106.515,82.690,UNK - Unknown,Unknown,Department of Water Resources,Voluntary,7,29,2005
Glenn_01.01.2003-06.21.2013.csv,Glenn,39.7634,-122.0771,W002,2013-09-18 13:29:54,397634N1220771W002,22N02W15C003M,7/21/2005,00:00,,,80.830,0.000,80.830,192.005,189.205,111.175,78.030,UNK - Unknown,Unknown,Department of Water Resources,Voluntary,7,21,2005
Glenn_01.01.2003-06.21.2013.csv,Glenn,39.7634,-122.0771,W002,2013-09-18 13:29:54,397634N1220771W002,22N02W15C003M,8/11/2005,00:00,,,88.330,0.000,88.330,192.005,189.205,103.675,85.530,UNK - Unknown,Unknown,Department of Water Resources,Voluntary,8,11,2005
Glenn_01.01.2003-06.21.2013.csv,Glenn,39.7634,-122.0771,W002,2013-09-18 13:29:54,397634N1220771W002,22N02W15C003M,8/26/2005,00:00,,,68.600,0.000,68.600,192.005,189.205,123.405,65.800,UNK - Unknown,Unknown,Department of Water Resources,Voluntary,8,26,2005
Glenn_01.01.2003-06.21.2013.csv,Glenn,39.7634,-122.0771,W002,2013-09-18 13:29:54,397634N1220771W002,22N02W15C003M,2/3/2005,00:00,,,31.060,0.000,31.060,192.005,189.205,160.945,28.260,UNK - Unknown,Unknown,Department of Water Resources,Voluntary,2,3,2005
Glenn_01.01.2003-06.21.2013.csv,Glenn,39.7634,-122.0771,W002,2013-09-18 13:29:54,397634N1220771W002,22N02W15C003M,9/29/2005,00:00,,,56.520,0.000,56.520,192.005,189.205,135.485,53.720,UNK - Unknown,Unknown,Department of Water Resources,Voluntary,9,29,2005
Glenn_01.01.2003-06.21.2013.csv,Glenn,39.7634,-122.0771,W002,2013-09-18 13:29:54,397634N1220771W002,22N02W15C003M,10/7/2005,00:00,,,53.770,0.000,53.770,192.005,189.205,138.235,50.970,UNK - Unknown,Unknown,Department of Water Resources,Voluntary,10,7,2005
Glenn_01.01.2003-06.21.2013.csv,Glenn,39.7634,-122.0771,W002,2013-09-18 13:29:54,397634N1220771W002,22N02W15C003M,10/21/2005,00:00,,,48.930,0.000,48.930,192.005,189.205,143.075,46.130,UNK - Unknown,Unknown,Department of Water Resources,Voluntary,10,21,2005
Glenn_01.01.2003-06.21.2013.csv,Glenn,39.7634,-122.0771,W002,2013-09-18 13:29:54,397634N1220771W002,22N02W15C003M,11/2/2005,00:00,,,45.980,0.000,45.980,192.005,189.205,146.025,43.180,UNK - Unknown,Unknown,Department of Water Resources,Voluntary,11,2,2005
Glenn_01.01.2003-06.21.2013.csv,Glenn,39.7634,-122.0771,W002,2013-09-18 13:29:54,397634N1220771W002,22N02W15C003M,12/1/2005,00:00,,,37.450,0.000,37.450,192.005,189.205,154.555,34.650,UNK - Unknown,Unknown,Department of Water Resources,Voluntary,12,1,2005
Glenn_01.01.2003-06.21.2013.csv,Glenn,39.7634,-122.0771,W002,2013-09-18 13:29:54,397634N1220771W002,22N02W15C003M,1/17/2006,00:00,,,30.840,0.000,30.840,192.005,189.205,161.165,28.040,UNK - Unknown,Unknown,Department of Water Resources,Voluntary,1,17,2006
Glenn_01.01.2003-06.21.2013.csv,Glenn,39.7634,-122.0771,W002,2013-09-18 13:29:54,397634N1220771W002,22N02W15C003M,1/18/2006,00:00,,,30.620,0.000,30.620,192.005,189.205,161.385,27.820,UNK - Unknown,Unknown,Department of Water Resources,Voluntary,1,18,2006
Glenn_01.01.2003-06.21.2013.csv,Glenn,39.7634,-122.0771,W002,2013-09-18 13:29:54,397634N1220771W002,22N02W15C003M,2/21/2006,00:00,,,36.360,0.000,36.360,192.005,189.205,155.645,33.560,UNK - Unknown,Unknown,Department of Water Resources,Voluntary,2,21,2006
Glenn_01.01.2003-06.21.2013.csv,Glenn,39.7634,-122.0771,W002,2013-09-18 13:29:54,397634N1220771W002,22N02W15C003M,3/24/2006,00:00,,,28.220,0.000,28.220,192.005,189.205,163.785,25.420,UNK - Unknown,Unknown,Department of Water Resources,Voluntary,3,24,2006
Glenn_01.01.2003-06.21.2013.csv,Glenn,39.7634,-122.0771,W002,2013-09-18 13:29:54,397634N1220771W002,22N02W15C003M,5/10/2006,00:00,,,34.810,0.000,34.810,192.005,189.205,157.195,32.010,UNK - Unknown,Unknown,Department of Water Resources,Voluntary,5,10,2006
Glenn_01.01.2003-06.21.2013.csv,Glenn,39.7634,-122.0771,W002,2013-09-18 13:29:54,397634N1220771W002,22N02W15C003M,5/19/2006,00:00,,,57.370,0.000,57.370,192.005,189.205,134.635,54.570,UNK - Unknown,Unknown,Department of Water Resources,Voluntary,5,19,2006
Glenn_01.01.2003-06.21.2013.csv,Glenn,39.7634,-122.0771,W002,2013-09-18 13:29:54,397634N1220771W002,22N02W15C003M,6/16/2006,00:00,,,68.000,0.000,68.000,192.005,189.205,124.005,65.200,UNK - Unknown,Unknown,Department of Water Resources,Voluntary,6,16,2006
Glenn_01.01.2003-06.21.2013.csv,Glenn,39.7634,-122.0771,W002,2013-09-18 13:29:54,397634N1220771W002,22N02W15C003M,7/31/2006,00:00,,,83.710,0.000,83.710,192.005,189.205,108.295,80.910,UNK - Unknown,Unknown,Department of Water Resources,Voluntary,7,31,2006
Glenn_01.01.2003-06.21.2013.csv,Glenn,39.7634,-122.0771,W002,2013-09-18 13:29:54,397634N1220771W002,22N02W15C003M,9/5/2006,00:00,,,64.470,0.000,64.470,192.005,189.205,127.535,61.670,UNK - Unknown,Unknown,Department of Water Resources,Voluntary,9,5,2006
Glenn_01.01.2003-06.21.2013.csv,Glenn,39.7634,-122.0771,W002,2013-09-18 13:29:54,397634N1220771W002,22N02W15C003M,10/12/2006,00:00,,,51.700,0.000,51.700,192.005,189.205,140.305,48.900,UNK - Unknown,Unknown,Department of Water Resources,Voluntary,10,12,2006
Glenn_01.01.2003-06.21.2013.csv,Glenn,39.7634,-122.0771,W002,2013-09-18 13:29:54,397634N1220771W002,22N02W15C003M,11/21/2006,00:00,,,38.670,0.000,38.670,192.005,189.205,153.335,35.870,UNK - Unknown,Unknown,Department of Water Resources,Voluntary,11,21,2006
Glenn_01.01.2003-06.21.2013.csv,Glenn,39.7634,-122.0771,W002,2013-09-18 13:29:54,397634N1220771W002,22N02W15C003M,1/18/2007,00:00,,,34.820,0.000,34.820,192.005,189.205,157.185,32.020,UNK - Unknown,Unknown,Department of Water Resources,Voluntary,1,18,2007
Glenn_01.01.2003-06.21.2013.csv,Glenn,39.7634,-122.0771,W002,2013-09-18 13:29:54,397634N1220771W002,22N02W15C003M,3/7/2007,00:00,,,34.230,0.000,34.230,192.005,189.205,157.775,31.430,UNK - Unknown,Unknown,Department of Water Resources,Voluntary,3,7,2007
Glenn_01.01.2003-06.21.2013.csv,Glenn,39.7634,-122.0771,W002,2013-09-18 13:29:54,397634N1220771W002,22N02W15C003M,3/20/2007,00:00,,,39.330,0.000,39.330,192.005,189.205,152.675,36.530,UNK - Unknown,Unknown,Department of Water Resources,Voluntary,3,20,2007
Glenn_01.01.2003-06.21.2013.csv,Glenn,39.7634,-122.0771,W002,2013-09-18 13:29:54,397634N1220771W002,22N02W15C003M,4/26/2007,00:00,,,47.460,0.000,47.460,192.005,189.205,144.545,44.660,UNK - Unknown,Unknown,Department of Water Resources,Voluntary,4,26,2007
Glenn_01.01.2003-06.21.2013.csv,Glenn,39.7634,-122.0771,W002,2013-09-18 13:29:54,397634N1220771W002,22N02W15C003M,4/16/2007,00:00,,,49.100,0.000,49.100,192.005,189.205,142.905,46.300,UNK - Unknown,Unknown,Department of Water Resources,Voluntary,4,16,2007
Glenn_01.01.2003-06.21.2013.csv,Glenn,39.7634,-122.0771,W002,2013-09-18 13:29:54,397634N1220771W002,22N02W15C003M,5/31/2007,00:00,,,80.200,0.000,80.200,192.005,189.205,111.805,77.400,UNK - Unknown,Unknown,Department of Water Resources,Voluntary,5,31,2007
Glenn_01.01.2003-06.21.2013.csv,Glenn,39.7634,-122.0771,W002,2013-09-18 13:29:54,397634N1220771W002,22N02W15C003M,7/18/2007,00:00,,,95.100,0.000,95.100,192.005,189.205,96.905,92.300,UNK - Unknown,Unknown,Department of Water Resources,Voluntary,7,18,2007
Glenn_01.01.2003-06.21.2013.csv,Glenn,39.7634,-122.0771,W002,2013-09-18 13:29:54,397634N1220771W002,22N02W15C003M,8/31/2007,00:00,,,79.060,0.000,79.060,192.005,189.205,112.945,76.260,UNK - Unknown,Unknown,Department of Water Resources,Voluntary,8,31,2007
Glenn_01.01.2003-06.21.2013.csv,Glenn,39.7634,-122.0771,W002,2013-09-18 13:29:54,397634N1220771W002,22N02W15C003M,10/1/2007,00:00,,,57.840,0.000,57.840,192.005,189.205,134.165,55.040,UNK - Unknown,Unknown,Department of Water Resources,Voluntary,10,1,2007
Glenn_01.01.2003-06.21.2013.csv,Glenn,39.7634,-122.0771,W002,2013-09-18 13:29:54,397634N1220771W002,22N02W15C003M,10/15/2007,00:00,,,50.590,0.000,50.590,192.005,189.205,141.415,47.790,UNK - Unknown,Unknown,Department of Water Resources,Voluntary,10,15,2007
Glenn_01.01.2003-06.21.2013.csv,Glenn,39.7634,-122.0771,W002,2013-09-18 13:29:54,397634N1220771W002,22N02W15C003M,11/29/2007,00:00,,,44.500,0.000,44.500,192.005,189.205,147.505,41.700,UNK - Unknown,Unknown,Department of Water Resources,Voluntary,11,29,2007
Glenn_01.01.2003-06.21.2013.csv,Glenn,39.7634,-122.0771,W002,2013-09-18 13:29:54,397634N1220771W002,22N02W15C003M,1/15/2008,00:00,,,39.960,0.000,39.960,192.005,189.205,152.045,37.160,UNK - Unknown,Unknown,Department of Water Resources,Voluntary,1,15,2008
Glenn_01.01.2003-06.21.2013.csv,Glenn,39.7634,-122.0771,W002,2013-09-18 13:29:54,397634N1220771W002,22N02W15C003M,3/10/2008,00:00,,,33.990,0.000,33.990,192.005,189.205,158.015,31.190,UNK - Unknown,Unknown,Department of Water Resources,Voluntary,3,10,2008
Glenn_01.01.2003-06.21.2013.csv,Glenn,39.7634,-122.0771,W002,2013-09-18 13:29:54,397634N1220771W002,22N02W15C003M,7/25/2008,00:00,,,92.380,0.000,92.380,192.005,189.205,99.625,89.580,UNK - Unknown,Unknown,Department of Water Resources,Voluntary,7,25,2008
Glenn_01.01.2003-06.21.2013.csv,Glenn,39.7634,-122.0771,W002,2013-09-18 13:29:54,397634N1220771W002,22N02W15C003M,8/4/2008,00:00,,,91.470,0.000,91.470,192.005,189.205,100.535,88.670,UNK - Unknown,Unknown,Department of Water Resources,Voluntary,8,4,2008
Glenn_01.01.2003-06.21.2013.csv,Glenn,39.7634,-122.0771,W002,2013-09-18 13:29:54,397634N1220771W002,22N02W15C003M,8/8/2007,00:00,,,89.380,0.000,89.380,192.005,189.205,102.625,86.580,UNK - Unknown,Unknown,Department of Water Resources,Voluntary,TROLL DATA POINT8,8,2007
Glenn_01.01.2003-06.21.2013.csv,Glenn,39.7634,-122.0771,W002,2013-09-18 13:29:54,397634N1220771W002,22N02W15C003M,10/22/2008,00:00,,,54.630,0.000,54.630,192.005,189.205,137.375,51.830,UNK - Unknown,Unknown,Department of Water Resources,Voluntary,10,22,2008
Glenn_01.01.2003-06.21.2013.csv,Glenn,39.7634,-122.0771,W002,2013-09-18 13:29:54,397634N1220771W002,22N02W15C003M,1/12/2009,00:00,,,40.580,0.000,40.580,192.005,189.205,151.425,37.780,UNK - Unknown,Unknown,Department of Water Resources,Voluntary,1,12,2009
Glenn_01.01.2003-06.21.2013.csv,Glenn,39.7634,-122.0771,W002,2013-09-18 13:29:54,397634N1220771W002,22N02W15C003M,1/23/2009,00:00,,,43.760,0.000,43.760,192.005,189.205,148.245,40.960,UNK - Unknown,Unknown,Department of Water Resources,Voluntary,1,23,2009
Glenn_01.01.2003-06.21.2013.csv,Glenn,39.7634,-122.0771,W002,2013-09-18 13:29:54,397634N1220771W002,22N02W15C003M,3/23/2009,00:00,,,35.910,0.000,35.910,192.005,189.205,156.095,33.110,UNK - Unknown,Unknown,Department of Water Resources,Voluntary,3,23,2009
Glenn_01.01.2003-06.21.2013.csv,Glenn,39.7634,-122.0771,W002,2013-09-18 13:29:54,397634N1220771W002,22N02W15C003M,5/15/2009,00:00,,,68.080,0.000,68.080,192.005,189.205,123.925,65.280,UNK - Unknown,Unknown,Department of Water Resources,Voluntary,5,15,2009
Glenn_01.01.2003-06.21.2013.csv,Glenn,39.7634,-122.0771,W002,2013-09-18 13:29:54,397634N1220771W002,22N02W15C003M,6/22/2009,00:00,,,82.520,0.000,82.520,192.005,189.205,109.485,79.720,UNK - Unknown,Unknown,Department of Water Resources,Voluntary,6,22,2009
Glenn_01.01.2003-06.21.2013.csv,Glenn,39.7634,-122.0771,W002,2013-09-18 13:29:54,397634N1220771W002,22N02W15C003M,8/3/2009,00:00,,,92.380,0.000,92.380,192.005,189.205,99.625,89.580,UNK - Unknown,Unknown,Department of Water Resources,Voluntary,8,3,2009
Glenn_01.01.2003-06.21.2013.csv,Glenn,39.7634,-122.0771,W002,2013-09-18 13:29:54,397634N1220771W002,22N02W15C003M,9/17/2009,00:00,,,71.220,0.000,71.220,192.005,189.205,120.785,68.420,UNK - Unknown,Unknown,Department of Water Resources,Voluntary,9,17,2009
Glenn_01.01.2003-06.21.2013.csv,Glenn,39.7634,-122.0771,W002,2013-09-18 13:29:54,397634N1220771W002,22N02W15C003M,10/23/2009,00:00,,,51.480,0.000,51.480,192.005,189.205,140.525,48.680,UNK - Unknown,Unknown,Department of Water Resources,Voluntary,10,23,2009
Glenn_01.01.2003-06.21.2013.csv,Glenn,39.7634,-122.0771,W002,2013-09-18 13:29:54,397634N1220771W002,22N02W15C003M,2/17/2010,00:00,,,36.930,0.000,36.930,192.005,189.205,155.075,34.130,UNK - Unknown,Unknown,Department of Water Resources,Voluntary,2,17,2010
Glenn_01.01.2003-06.21.2013.csv,Glenn,39.7634,-122.0771,W002,2013-09-18 13:29:54,397634N1220771W002,22N02W15C003M,3/23/2010,00:00,,,35.250,0.000,35.250,192.005,189.205,156.755,32.450,UNK - Unknown,Unknown,Department of Water Resources,Voluntary,3,23,2010
Glenn_01.01.2003-06.21.2013.csv,Glenn,39.7634,-122.0771,W002,2013-09-18 13:29:54,397634N1220771W002,22N02W15C003M,8/2/2010,00:00,,,90.500,0.000,90.500,192.005,189.205,101.505,87.700,UNK - Unknown,Unknown,Department of Water Resources,Voluntary,8,2,2010
Glenn_01.01.2003-06.21.2013.csv,Glenn,39.7634,-122.0771,W002,2013-09-18 13:29:54,397634N1220771W002,22N02W15C003M,10/18/2010,00:00,,,57.780,0.000,57.780,192.005,189.205,134.225,54.980,UNK - Unknown,Unknown,Department of Water Resources,Voluntary,10,18,2010
Glenn_01.01.2003-06.21.2013.csv,Glenn,39.7634,-122.0771,W002,2013-09-18 13:29:54,397634N1220771W002,22N02W15C003M,1/20/2011,00:00,,,36.330,0.000,36.330,192.005,189.205,155.675,33.530,UNK - Unknown,Unknown,Department of Water Resources,Voluntary,1,20,2011
Glenn_01.01.2003-06.21.2013.csv,Glenn,39.7634,-122.0771,W002,2013-09-18 13:29:54,397634N1220771W002,22N02W15C003M,2/14/2011,00:00,,,36.850,0.000,36.850,192.005,189.205,155.155,34.050,UNK - Unknown,Unknown,Department of Water Resources,Voluntary,2,14,2011
Glenn_01.01.2003-06.21.2013.csv,Glenn,39.7634,-122.0771,W002,2013-09-18 13:29:54,397634N1220771W002,22N02W15C003M,2/23/2011,00:00,,,36.580,0.000,36.580,192.005,189.205,155.425,33.780,UNK - Unknown,Unknown,Department of Water Resources,Voluntary,2,23,2011
Glenn_01.01.2003-06.21.2013.csv,Glenn,39.7634,-122.0771,W002,2013-09-18 13:29:54,397634N1220771W002,22N02W15C003M,3/1/2011,00:00,,,38.910,0.000,38.910,192.005,189.205,153.095,36.110,UNK - Unknown,Unknown,Department of Water Resources,Voluntary,3,1,2011
Glenn_01.01.2003-06.21.2013.csv,Glenn,39.7634,-122.0771,W002,2013-09-18 13:29:54,397634N1220771W002,22N02W15C003M,1/18/2011,00:00,,,36.330,0.000,36.330,192.005,189.205,155.675,33.530,UNK - Unknown,Unknown,Department of Water Resources,Voluntary,1,18,2011
Glenn_01.01.2003-06.21.2013.csv,Glenn,39.7634,-122.0771,W002,2013-09-18 13:29:54,397634N1220771W002,22N02W15C003M,3/10/2011,00:00,,,36.130,0.000,36.130,192.005,189.205,155.875,33.330,UNK - Unknown,Unknown,Department of Water Resources,Voluntary,3,10,2011
Glenn_01.01.2003-06.21.2013.csv,Glenn,39.7634,-122.0771,W002,2013-09-18 13:29:54,397634N1220771W002,22N02W15C003M,4/5/2011,00:00,,,32.120,0.000,32.120,192.005,189.205,159.885,29.320,UNK - Unknown,Unknown,Department of Water Resources,Voluntary,4,5,2011
Glenn_01.01.2003-06.21.2013.csv,Glenn,39.7634,-122.0771,W002,2013-09-18 13:29:54,397634N1220771W002,22N02W15C003M,6/10/2011,00:00,,,48.140,0.000,48.140,192.005,189.205,143.865,45.340,UNK - Unknown,Unknown,Department of Water Resources,Voluntary,6,10,2011
Glenn_01.01.2003-06.21.2013.csv,Glenn,39.7634,-122.0771,W002,2013-09-18 13:29:54,397634N1220771W002,22N02W15C003M,8/3/2011,00:00,,,84.830,0.000,84.830,192.005,189.205,107.175,82.030,UNK - Unknown,Unknown,Department of Water Resources,Voluntary,8,3,2011
Glenn_01.01.2003-06.21.2013.csv,Glenn,39.7634,-122.0771,W002,2013-09-18 13:29:54,397634N1220771W002,22N02W15C003M,11/28/2011,00:00,,,41.440,0.000,41.440,192.005,189.205,150.565,38.640,UNK - Unknown,Unknown,Department of Water Resources,Voluntary,11,28,2011
Glenn_01.01.2003-06.21.2013.csv,Glenn,39.7634,-122.0771,W002,2013-09-18 13:29:54,397634N1220771W002,22N02W15C003M,5/23/2013,00:00,,,78.250,0.000,78.250,192.005,189.205,113.755,75.450,ES - Electric sounder measurement,0.1 Ft,Department of Water Resources,Voluntary,5,23,2013
Glenn_01.01.2003-06.21.2013.csv,Glenn,39.7634,-122.0771,W003,2013-09-18 13:29:54,397634N1220771W003,22N02W15C004M,10/10/2011,00:00,,,45.450,0.000,45.450,192.245,189.245,146.795,42.450,ES - Electric sounder measurement,0.01 Ft,Department of Water Resources,CASGEM,10,10,2011
Glenn_01.01.2003-06.21.2013.csv,Glenn,39.7634,-122.0771,W003,2013-09-18 13:29:54,397634N1220771W003,22N02W15C004M,3/26/2012,00:00,,,39.000,0.000,39.000,192.245,189.245,153.245,36.000,ES - Electric sounder measurement,0.01 Ft,Department of Water Resources,CASGEM,3,26,2012
Glenn_01.01.2003-06.21.2013.csv,Glenn,39.7634,-122.0771,W003,2013-09-18 13:29:54,397634N1220771W003,22N02W15C004M,7/30/2012,00:00,,,87.970,0.000,87.970,192.245,189.245,104.275,84.970,ES - Electric sounder measurement,0.1 Ft,Department of Water Resources,CASGEM,7,30,2012
Glenn_01.01.2003-06.21.2013.csv,Glenn,39.7634,-122.0771,W003,2013-09-18 13:29:54,397634N1220771W003,22N02W15C004M,10/15/2012,08:01,,,57.000,-0.980,57.980,192.245,189.245,134.265,54.980,ST - Steel tape measurement,0.1 Ft,Department of Water Resources,CASGEM,typo...did not enter decimal at reading @ WS10,15,2012
Glenn_01.01.2003-06.21.2013.csv,Glenn,39.7634,-122.0771,W003,2013-09-18 13:29:54,397634N1220771W003,22N02W15C004M,3/20/2013,09:50,,,47.670,0.000,47.670,192.245,189.245,144.575,44.670,ES - Electric sounder measurement,0.1 Ft,Department of Water Resources,CASGEM,3,20,2013
Glenn_01.01.2003-06.21.2013.csv,Glenn,39.7634,-122.0771,W003,2013-09-18 13:29:54,397634N1220771W003,22N02W15C004M,7/18/2003,00:00,,,80.200,0.000,80.200,192.245,189.245,112.045,77.200,UNK - Unknown,Unknown,Department of Water Resources,Voluntary,7,18,2003
Glenn_01.01.2003-06.21.2013.csv,Glenn,39.7634,-122.0771,W003,2013-09-18 13:29:54,397634N1220771W003,22N02W15C004M,7/24/2003,00:00,,,83.400,0.000,83.400,192.245,189.245,108.845,80.400,UNK - Unknown,Unknown,Department of Water Resources,Voluntary,7,24,2003
Glenn_01.01.2003-06.21.2013.csv,Glenn,39.7634,-122.0771,W003,2013-09-18 13:29:54,397634N1220771W003,22N02W15C004M,7/31/2003,00:00,,,88.400,0.000,88.400,192.245,189.245,103.845,85.400,UNK - Unknown,Unknown,Department of Water Resources,Voluntary,7,31,2003
Glenn_01.01.2003-06.21.2013.csv,Glenn,39.7634,-122.0771,W003,2013-09-18 13:29:54,397634N1220771W003,22N02W15C004M,8/26/2003,00:00,,,61.200,0.000,61.200,192.245,189.245,131.045,58.200,UNK - Unknown,Unknown,Department of Water Resources,Voluntary,8,26,2003
Glenn_01.01.2003-06.21.2013.csv,Glenn,39.7634,-122.0771,W003,2013-09-18 13:29:54,397634N1220771W003,22N02W15C004M,8/7/2003,00:00,,,80.500,0.000,80.500,192.245,189.245,111.745,77.500,UNK - Unknown,Unknown,Department of Water Resources,Voluntary,8,7,2003
Glenn_01.01.2003-06.21.2013.csv,Glenn,39.7634,-122.0771,W003,2013-09-18 13:29:54,397634N1220771W003,22N02W15C004M,8/14/2003,00:00,,,83.300,0.000,83.300,192.245,189.245,108.945,80.300,UNK - Unknown,Unknown,Department of Water Resources,Voluntary,8,14,2003
Glenn_01.01.2003-06.21.2013.csv,Glenn,39.7634,-122.0771,W003,2013-09-18 13:29:54,397634N1220771W003,22N02W15C004M,8/21/2003,00:00,,,81.900,0.000,81.900,192.245,189.245,110.345,78.900,UNK - Unknown,Unknown,Department of Water Resources,Voluntary,8,21,2003
Glenn_01.01.2003-06.21.2013.csv,Glenn,39.7634,-122.0771,W003,2013-09-18 13:29:54,397634N1220771W003,22N02W15C004M,9/4/2003,00:00,,,63.800,0.000,63.800,192.245,189.245,128.445,60.800,UNK - Unknown,Unknown,Department of Water Resources,Voluntary,9,4,2003
Glenn_01.01.2003-06.21.2013.csv,Glenn,39.7634,-122.0771,W003,2013-09-18 13:29:54,397634N1220771W003,22N02W15C004M,2/18/2003,00:00,,,30.640,0.000,30.640,192.245,189.245,161.605,27.640,UNK - Unknown,Unknown,Department of Water Resources,Voluntary,2,18,2003
Glenn_01.01.2003-06.21.2013.csv,Glenn,39.7634,-122.0771,W003,2013-09-18 13:29:54,397634N1220771W003,22N02W15C004M,3/13/2003,00:00,,,32.620,0.000,32.620,192.245,189.245,159.625,29.620,UNK - Unknown,Unknown,Department of Water Resources,Voluntary,3,13,2003
Glenn_01.01.2003-06.21.2013.csv,Glenn,39.7634,-122.0771,W003,2013-09-18 13:29:54,397634N1220771W003,22N02W15C004M,4/2/2003,00:00,,,32.530,0.000,32.530,192.245,189.245,159.715,29.530,UNK - Unknown,Unknown,Department of Water Resources,Voluntary,4,2,2003
Glenn_01.01.2003-06.21.2013.csv,Glenn,39.7634,-122.0771,W003,2013-09-18 13:29:54,397634N1220771W003,22N02W15C004M,5/21/2003,00:00,,,50.460,0.000,50.460,192.245,189.245,141.785,47.460,UNK - Unknown,Unknown,Department of Water Resources,Voluntary,5,21,2003
Glenn_01.01.2003-06.21.2013.csv,Glenn,39.7634,-122.0771,W003,2013-09-18 13:29:54,397634N1220771W003,22N02W15C004M,5/28/2003,00:00,,,59.040,0.000,59.040,192.245,189.245,133.205,56.040,UNK - Unknown,Unknown,Department of Water Resources,Voluntary,5,28,2003
Glenn_01.01.2003-06.21.2013.csv,Glenn,39.7634,-122.0771,W003,2013-09-18 13:29:54,397634N1220771W003,22N02W15C004M,6/20/2003,00:00,,,64.150,0.000,64.150,192.245,189.245,128.095,61.150,UNK - Unknown,Unknown,Department of Water Resources,Voluntary,6,20,2003
Glenn_01.01.2003-06.21.2013.csv,Glenn,39.7634,-122.0771,W003,2013-09-18 13:29:54,397634N1220771W003,22N02W15C004M,9/22/2003,00:00,,,67.100,0.000,67.100,192.245,189.245,125.145,64.100,UNK - Unknown,Unknown,Department of Water Resources,Voluntary,9,22,2003
Glenn_01.01.2003-06.21.2013.csv,Glenn,39.7634,-122.0771,W003,2013-09-18 13:29:54,397634N1220771W003,22N02W15C004M,9/25/2003,00:00,,,67.700,0.000,67.700,192.245,189.245,124.545,64.700,UNK - Unknown,Unknown,Department of Water Resources,Voluntary,9,25,2003
Glenn_01.01.2003-06.21.2013.csv,Glenn,39.7634,-122.0771,W003,2013-09-18 13:29:54,397634N1220771W003,22N02W15C004M,10/2/2003,00:00,,,51.700,0.000,51.700,192.245,189.245,140.545,48.700,UNK - Unknown,Unknown,Department of Water Resources,Voluntary,10,2,2003
Glenn_01.01.2003-06.21.2013.csv,Glenn,39.7634,-122.0771,W003,2013-09-18 13:29:54,397634N1220771W003,22N02W15C004M,10/16/2003,00:00,,,51.800,0.000,51.800,192.245,189.245,140.445,48.800,UNK - Unknown,Unknown,Department of Water Resources,Voluntary,10,16,2003
Glenn_01.01.2003-06.21.2013.csv,Glenn,39.7634,-122.0771,W003,2013-09-18 13:29:54,397634N1220771W003,22N02W15C004M,10/9/2003,00:00,,,52.600,0.000,52.600,192.245,189.245,139.645,49.600,UNK - Unknown,Unknown,Department of Water Resources,Voluntary,10,9,2003
Glenn_01.01.2003-06.21.2013.csv,Glenn,39.7634,-122.0771,W003,2013-09-18 13:29:54,397634N1220771W003,22N02W15C004M,10/23/2003,00:00,,,45.100,0.000,45.100,192.245,189.245,147.145,42.100,UNK - Unknown,Unknown,Department of Water Resources,Voluntary,10,23,2003
Glenn_01.01.2003-06.21.2013.csv,Glenn,39.7634,-122.0771,W003,2013-09-18 13:29:54,397634N1220771W003,22N02W15C004M,10/30/2003,00:00,,,45.900,0.000,45.900,192.245,189.245,146.345,42.900,UNK - Unknown,Unknown,Department of Water Resources,Voluntary,10,30,2003
Glenn_01.01.2003-06.21.2013.csv,Glenn,39.7634,-122.0771,W003,2013-09-18 13:29:54,397634N1220771W003,22N02W15C004M,11/25/2003,00:00,,,38.400,0.000,38.400,192.245,189.245,153.845,35.400,UNK - Unknown,Unknown,Department of Water Resources,Voluntary,11,25,2003
Glenn_01.01.2003-06.21.2013.csv,Glenn,39.7634,-122.0771,W003,2013-09-18 13:29:54,397634N1220771W003,22N02W15C004M,11/6/2003,00:00,,,40.600,0.000,40.600,192.245,189.245,151.645,37.600,UNK - Unknown,Unknown,Department of Water Resources,Voluntary,11,6,2003
Glenn_01.01.2003-06.21.2013.csv,Glenn,39.7634,-122.0771,W003,2013-09-18 13:29:54,397634N1220771W003,22N02W15C004M,11/13/2003,00:00,,,39.200,0.000,39.200,192.245,189.245,153.045,36.200,UNK - Unknown,Unknown,Department of Water Resources,Voluntary,11,13,2003
Glenn_01.01.2003-06.21.2013.csv,Glenn,39.7634,-122.0771,W003,2013-09-18 13:29:54,397634N1220771W003,22N02W15C004M,12/9/2003,00:00,,,37.200,0.000,37.200,192.245,189.245,155.045,34.200,UNK - Unknown,Unknown,Department of Water Resources,Voluntary,12,9,2003
Glenn_01.01.2003-06.21.2013.csv,Glenn,39.7634,-122.0771,W003,2013-09-18 13:29:54,397634N1220771W003,22N02W15C004M,3/31/2004,00:00,,,30.000,0.000,30.000,192.245,189.245,162.245,27.000,UNK - Unknown,Unknown,Department of Water Resources,Voluntary,3,31,2004
Glenn_01.01.2003-06.21.2013.csv,Glenn,39.7634,-122.0771,W003,2013-09-18 13:29:54,397634N1220771W003,22N02W15C004M,4/26/2004,00:00,,,53.000,0.000,53.000,192.245,189.245,139.245,50.000,UNK - Unknown,Unknown,Department of Water Resources,Voluntary,4,26,2004
Glenn_01.01.2003-06.21.2013.csv,Glenn,39.7634,-122.0771,W003,2013-09-18 13:29:54,397634N1220771W003,22N02W15C004M,5/21/2004,00:00,,,63.900,0.000,63.900,192.245,189.245,128.345,60.900,UNK - Unknown,Unknown,Department of Water Resources,Voluntary,5,21,2004
Glenn_01.01.2003-06.21.2013.csv,Glenn,39.7634,-122.0771,W003,2013-09-18 13:29:54,397634N1220771W003,22N02W15C004M,2/10/2004,00:00,,,31.300,0.000,31.300,192.245,189.245,160.945,28.300,UNK - Unknown,Unknown,Department of Water Resources,Voluntary,2,10,2004
Glenn_01.01.2003-06.21.2013.csv,Glenn,39.7634,-122.0771,W003,2013-09-18 13:29:54,397634N1220771W003,22N02W15C004M,7/27/2004,00:00,,,79.100,0.000,79.100,192.245,189.245,113.145,76.100,UNK - Unknown,Unknown,Department of Water Resources,Voluntary,7,27,2004
Glenn_01.01.2003-06.21.2013.csv,Glenn,39.7634,-122.0771,W003,2013-09-18 13:29:54,397634N1220771W003,22N02W15C004M,6/21/2004,00:00,,,68.500,0.000,68.500,192.245,189.245,123.745,65.500,UNK - Unknown,Unknown,Department of Water Resources,Voluntary,6,21,2004
Glenn_01.01.2003-06.21.2013.csv,Glenn,39.7634,-122.0771,W003,2013-09-18 13:29:54,397634N1220771W003,22N02W15C004M,8/24/2004,00:00,,,66.300,0.000,66.300,192.245,189.245,125.945,63.300,UNK - Unknown,Unknown,Department of Water Resources,Voluntary,8,24,2004
Glenn_01.01.2003-06.21.2013.csv,Glenn,39.7634,-122.0771,W003,2013-09-18 13:29:54,397634N1220771W003,22N02W15C004M,9/21/2004,00:00,,,67.800,0.000,67.800,192.245,189.245,124.445,64.800,UNK - Unknown,Unknown,Department of Water Resources,Voluntary,9,21,2004
Glenn_01.01.2003-06.21.2013.csv,Glenn,39.7634,-122.0771,W003,2013-09-18 13:29:54,397634N1220771W003,22N02W15C004M,10/19/2004,00:00,,,47.600,0.000,47.600,192.245,189.245,144.645,44.600,UNK - Unknown,Unknown,Department of Water Resources,Voluntary,10,19,2004
Glenn_01.01.2003-06.21.2013.csv,Glenn,39.7634,-122.0771,W003,2013-09-18 13:29:54,397634N1220771W003,22N02W15C004M,11/22/2004,00:00,,,37.700,0.000,37.700,192.245,189.245,154.545,34.700,UNK - Unknown,Unknown,Department of Water Resources,Voluntary,11,22,2004
Glenn_01.01.2003-06.21.2013.csv,Glenn,39.7634,-122.0771,W003,2013-09-18 13:29:54,397634N1220771W003,22N02W15C004M,3/31/2005,00:00,,,29.800,0.000,29.800,192.245,189.245,162.445,26.800,UNK - Unknown,Unknown,Department of Water Resources,Voluntary,3,31,2005
Glenn_01.01.2003-06.21.2013.csv,Glenn,39.7634,-122.0771,W003,2013-09-18 13:29:54,397634N1220771W003,22N02W15C004M,4/29/2005,00:00,,,35.200,0.000,35.200,192.245,189.245,157.045,32.200,UNK - Unknown,Unknown,Department of Water Resources,Voluntary,4,29,2005
Glenn_01.01.2003-06.21.2013.csv,Glenn,39.7634,-122.0771,W003,2013-09-18 13:29:54,397634N1220771W003,22N02W15C004M,4/13/2005,00:00,,,30.080,0.000,30.080,192.245,189.245,162.165,27.080,UNK - Unknown,Unknown,Department of Water Resources,Voluntary,4,13,2005
Glenn_01.01.2003-06.21.2013.csv,Glenn,39.7634,-122.0771,W003,2013-09-18 13:29:54,397634N1220771W003,22N02W15C004M,5/10/2005,00:00,,,31.770,0.000,31.770,192.245,189.245,160.475,28.770,UNK - Unknown,Unknown,Department of Water Resources,Voluntary,5,10,2005
Glenn_01.01.2003-06.21.2013.csv,Glenn,39.7634,-122.0771,W003,2013-09-18 13:29:54,397634N1220771W003,22N02W15C004M,5/27/2005,00:00,,,61.700,0.000,61.700,192.245,189.245,130.545,58.700,UNK - Unknown,Unknown,Department of Water Resources,Voluntary,5,27,2005
Glenn_01.01.2003-06.21.2013.csv,Glenn,39.7634,-122.0771,W003,2013-09-18 13:29:54,397634N1220771W003,22N02W15C004M,6/15/2005,00:00,,,64.570,0.000,64.570,192.245,189.245,127.675,61.570,UNK - Unknown,Unknown,Department of Water Resources,Voluntary,6,15,2005
Glenn_01.01.2003-06.21.2013.csv,Glenn,39.7634,-122.0771,W003,2013-09-18 13:29:54,397634N1220771W003,22N02W15C004M,6/23/2005,00:00,,,84.300,0.000,84.300,192.245,189.245,107.945,81.300,UNK - Unknown,Unknown,Department of Water Resources,Voluntary,6,23,2005
Glenn_01.01.2003-06.21.2013.csv,Glenn,39.7634,-122.0771,W003,2013-09-18 13:29:54,397634N1220771W003,22N02W15C004M,7/29/2005,00:00,,,96.680,0.000,96.680,192.245,189.245,95.565,93.680,UNK - Unknown,Unknown,Department of Water Resources,Voluntary,7,29,2005
Glenn_01.01.2003-06.21.2013.csv,Glenn,39.7634,-122.0771,W003,2013-09-18 13:29:54,397634N1220771W003,22N02W15C004M,7/21/2005,00:00,,,98.880,0.000,98.880,192.245,189.245,93.365,95.880,UNK - Unknown,Unknown,Department of Water Resources,Voluntary,7,21,2005
Glenn_01.01.2003-06.21.2013.csv,Glenn,39.7634,-122.0771,W003,2013-09-18 13:29:54,397634N1220771W003,22N02W15C004M,8/11/2005,00:00,,,89.350,0.000,89.350,192.245,189.245,102.895,86.350,UNK - Unknown,Unknown,Department of Water Resources,Voluntary,8,11,2005
Glenn_01.01.2003-06.21.2013.csv,Glenn,39.7634,-122.0771,W003,2013-09-18 13:29:54,397634N1220771W003,22N02W15C004M,8/26/2005,00:00,,,67.200,0.000,67.200,192.245,189.245,125.045,64.200,UNK - Unknown,Unknown,Department of Water Resources,Voluntary,8,26,2005
Glenn_01.01.2003-06.21.2013.csv,Glenn,39.7634,-122.0771,W003,2013-09-18 13:29:54,397634N1220771W003,22N02W15C004M,2/3/2005,00:00,,,31.040,0.000,31.040,192.245,189.245,161.205,28.040,UNK - Unknown,Unknown,Department of Water Resources,Voluntary,2,3,2005
Glenn_01.01.2003-06.21.2013.csv,Glenn,39.7634,-122.0771,W003,2013-09-18 13:29:54,397634N1220771W003,22N02W15C004M,9/29/2005,00:00,,,57.140,0.000,57.140,192.245,189.245,135.105,54.140,UNK - Unknown,Unknown,Department of Water Resources,Voluntary,9,29,2005
Glenn_01.01.2003-06.21.2013.csv,Glenn,39.7634,-122.0771,W003,2013-09-18 13:29:54,397634N1220771W003,22N02W15C004M,10/7/2005,00:00,,,50.730,0.000,50.730,192.245,189.245,141.515,47.730,UNK - Unknown,Unknown,Department of Water Resources,Voluntary,10,7,2005
Glenn_01.01.2003-06.21.2013.csv,Glenn,39.7634,-122.0771,W003,2013-09-18 13:29:54,397634N1220771W003,22N02W15C004M,10/21/2005,00:00,,,46.040,0.000,46.040,192.245,189.245,146.205,43.040,UNK - Unknown,Unknown,Department of Water Resources,Voluntary,10,21,2005
Glenn_01.01.2003-06.21.2013.csv,Glenn,39.7634,-122.0771,W003,2013-09-18 13:29:54,397634N1220771W003,22N02W15C004M,11/2/2005,00:00,,,41.890,0.000,41.890,192.245,189.245,150.355,38.890,UNK - Unknown,Unknown,Department of Water Resources,Voluntary,11,2,2005
Glenn_01.01.2003-06.21.2013.csv,Glenn,39.7634,-122.0771,W003,2013-09-18 13:29:54,397634N1220771W003,22N02W15C004M,12/1/2005,00:00,,,36.960,0.000,36.960,192.245,189.245,155.285,33.960,UNK - Unknown,Unknown,Department of Water Resources,Voluntary,12,1,2005
Glenn_01.01.2003-06.21.2013.csv,Glenn,39.7634,-122.0771,W003,2013-09-18 13:29:54,397634N1220771W003,22N02W15C004M,1/17/2006,00:00,,,29.460,0.000,29.460,192.245,189.245,162.785,26.460,UNK - Unknown,Unknown,Department of Water Resources,Voluntary,1,17,2006
Glenn_01.01.2003-06.21.2013.csv,Glenn,39.7634,-122.0771,W003,2013-09-18 13:29:54,397634N1220771W003,22N02W15C004M,2/21/2006,00:00,,,39.000,0.000,39.000,192.245,189.245,153.245,36.000,UNK - Unknown,Unknown,Department of Water Resources,Voluntary,2,21,2006
Glenn_01.01.2003-06.21.2013.csv,Glenn,39.7634,-122.0771,W003,2013-09-18 13:29:54,397634N1220771W003,22N02W15C004M,3/24/2006,00:00,,,26.580,0.000,26.580,192.245,189.245,165.665,23.580,UNK - Unknown,Unknown,Department of Water Resources,Voluntary,3,24,2006
Glenn_01.01.2003-06.21.2013.csv,Glenn,39.7634,-122.0771,W003,2013-09-18 13:29:54,397634N1220771W003,22N02W15C004M,5/10/2006,00:00,,,37.740,0.000,37.740,192.245,189.245,154.505,34.740,UNK - Unknown,Unknown,Department of Water Resources,Voluntary,5,10,2006
Glenn_01.01.2003-06.21.2013.csv,Glenn,39.7634,-122.0771,W003,2013-09-18 13:29:54,397634N1220771W003,22N02W15C004M,5/19/2006,00:00,,,74.110,0.000,74.110,192.245,189.245,118.135,71.110,UNK - Unknown,Unknown,Department of Water Resources,Voluntary,5,19,2006
Glenn_01.01.2003-06.21.2013.csv,Glenn,39.7634,-122.0771,W003,2013-09-18 13:29:54,397634N1220771W003,22N02W15C004M,6/16/2006,00:00,,,82.230,0.000,82.230,192.245,189.245,110.015,79.230,UNK - Unknown,Unknown,Department of Water Resources,Voluntary,6,16,2006
Glenn_01.01.2003-06.21.2013.csv,Glenn,39.7634,-122.0771,W003,2013-09-18 13:29:54,397634N1220771W003,22N02W15C004M,7/31/2006,00:00,,,78.600,0.000,78.600,192.245,189.245,113.645,75.600,UNK - Unknown,Unknown,Department of Water Resources,Voluntary,7,31,2006
Glenn_01.01.2003-06.21.2013.csv,Glenn,39.7634,-122.0771,W003,2013-09-18 13:29:54,397634N1220771W003,22N02W15C004M,9/5/2006,00:00,,,63.070,0.000,63.070,192.245,189.245,129.175,60.070,UNK - Unknown,Unknown,Department of Water Resources,Voluntary,9,5,2006
Glenn_01.01.2003-06.21.2013.csv,Glenn,39.7634,-122.0771,W003,2013-09-18 13:29:54,397634N1220771W003,22N02W15C004M,10/12/2006,00:00,,,53.200,0.000,53.200,192.245,189.245,139.045,50.200,UNK - Unknown,Unknown,Department of Water Resources,Voluntary,10,12,2006
Glenn_01.01.2003-06.21.2013.csv,Glenn,39.7634,-122.0771,W003,2013-09-18 13:29:54,397634N1220771W003,22N02W15C004M,11/21/2006,00:00,,,36.920,0.000,36.920,192.245,189.245,155.325,33.920,UNK - Unknown,Unknown,Department of Water Resources,Voluntary,11,21,2006
Glenn_01.01.2003-06.21.2013.csv,Glenn,39.7634,-122.0771,W003,2013-09-18 13:29:54,397634N1220771W003,22N02W15C004M,1/18/2007,00:00,,,34.880,0.000,34.880,192.245,189.245,157.365,31.880,UNK - Unknown,Unknown,Department of Water Resources,Voluntary,1,18,2007
Glenn_01.01.2003-06.21.2013.csv,Glenn,39.7634,-122.0771,W003,2013-09-18 13:29:54,397634N1220771W003,22N02W15C004M,3/7/2007,00:00,,,33.970,0.000,33.970,192.245,189.245,158.275,30.970,UNK - Unknown,Unknown,Department of Water Resources,Voluntary,3,7,2007
Glenn_01.01.2003-06.21.2013.csv,Glenn,39.7634,-122.0771,W003,2013-09-18 13:29:54,397634N1220771W003,22N02W15C004M,3/20/2007,00:00,,,42.670,0.000,42.670,192.245,189.245,149.575,39.670,UNK - Unknown,Unknown,Department of Water Resources,Voluntary,3,20,2007
Glenn_01.01.2003-06.21.2013.csv,Glenn,39.7634,-122.0771,W003,2013-09-18 13:29:54,397634N1220771W003,22N02W15C004M,4/26/2007,00:00,,,44.280,0.000,44.280,192.245,189.245,147.965,41.280,UNK - Unknown,Unknown,Department of Water Resources,Voluntary,4,26,2007
Glenn_01.01.2003-06.21.2013.csv,Glenn,39.7634,-122.0771,W003,2013-09-18 13:29:54,397634N1220771W003,22N02W15C004M,4/16/2007,00:00,,,42.900,0.000,42.900,192.245,189.245,149.345,39.900,UNK - Unknown,Unknown,Department of Water Resources,Voluntary,4,16,2007
Glenn_01.01.2003-06.21.2013.csv,Glenn,39.7634,-122.0771,W003,2013-09-18 13:29:54,397634N1220771W003,22N02W15C004M,5/31/2007,00:00,,,91.400,0.000,91.400,192.245,189.245,100.845,88.400,UNK - Unknown,Unknown,Department of Water Resources,Voluntary,5,31,2007
Glenn_01.01.2003-06.21.2013.csv,Glenn,39.7634,-122.0771,W003,2013-09-18 13:29:54,397634N1220771W003,22N02W15C004M,7/18/2007,00:00,,,92.460,0.000,92.460,192.245,189.245,99.785,89.460,UNK - Unknown,Unknown,Department of Water Resources,Voluntary,7,18,2007
Glenn_01.01.2003-06.21.2013.csv,Glenn,39.7634,-122.0771,W003,2013-09-18 13:29:54,397634N1220771W003,22N02W15C004M,8/31/2007,00:00,,,86.030,0.000,86.030,192.245,189.245,106.215,83.030,UNK - Unknown,Unknown,Department of Water Resources,Voluntary,8,31,2007
Glenn_01.01.2003-06.21.2013.csv,Glenn,39.7634,-122.0771,W003,2013-09-18 13:29:54,397634N1220771W003,22N02W15C004M,10/1/2007,00:00,,,53.140,0.000,53.140,192.245,189.245,139.105,50.140,UNK - Unknown,Unknown,Department of Water Resources,Voluntary,10,1,2007
Glenn_01.01.2003-06.21.2013.csv,Glenn,39.7634,-122.0771,W003,2013-09-18 13:29:54,397634N1220771W003,22N02W15C004M,10/15/2007,00:00,,,45.230,0.000,45.230,192.245,189.245,147.015,42.230,UNK - Unknown,Unknown,Department of Water Resources,Voluntary,10,15,2007
Glenn_01.01.2003-06.21.2013.csv,Glenn,39.7634,-122.0771,W003,2013-09-18 13:29:54,397634N1220771W003,22N02W15C004M,11/29/2007,00:00,,,43.700,0.000,43.700,192.245,189.245,148.545,40.700,UNK - Unknown,Unknown,Department of Water Resources,Voluntary,11,29,2007
Glenn_01.01.2003-06.21.2013.csv,Glenn,39.7634,-122.0771,W003,2013-09-18 13:29:54,397634N1220771W003,22N02W15C004M,1/15/2008,00:00,,,39.240,0.000,39.240,192.245,189.245,153.005,36.240,UNK - Unknown,Unknown,Department of Water Resources,Voluntary,1,15,2008
Glenn_01.01.2003-06.21.2013.csv,Glenn,39.7634,-122.0771,W003,2013-09-18 13:29:54,397634N1220771W003,22N02W15C004M,3/10/2008,00:00,,,33.660,0.000,33.660,192.245,189.245,158.585,30.660,UNK - Unknown,Unknown,Department of Water Resources,Voluntary,3,10,2008
Glenn_01.01.2003-06.21.2013.csv,Glenn,39.7634,-122.0771,W003,2013-09-18 13:29:54,397634N1220771W003,22N02W15C004M,7/25/2008,00:00,,,98.480,0.000,98.480,192.245,189.245,93.765,95.480,UNK - Unknown,Unknown,Department of Water Resources,Voluntary,7,25,2008
Glenn_01.01.2003-06.21.2013.csv,Glenn,39.7634,-122.0771,W003,2013-09-18 13:29:54,397634N1220771W003,22N02W15C004M,8/4/2008,00:00,,,88.700,0.000,88.700,192.245,189.245,103.545,85.700,UNK - Unknown,Unknown,Department of Water Resources,Voluntary,8,4,2008
Glenn_01.01.2003-06.21.2013.csv,Glenn,39.7634,-122.0771,W003,2013-09-18 13:29:54,397634N1220771W003,22N02W15C004M,8/8/2007,00:00,,,91.880,0.000,91.880,192.245,189.245,100.365,88.880,UNK - Unknown,Unknown,Department of Water Resources,Voluntary,TROLL DATA POINT8,8,2007
Glenn_01.01.2003-06.21.2013.csv,Glenn,39.7634,-122.0771,W003,2013-09-18 13:29:54,397634N1220771W003,22N02W15C004M,10/22/2008,00:00,,,53.050,0.000,53.050,192.245,189.245,139.195,50.050,UNK - Unknown,Unknown,Department of Water Resources,Voluntary,10,22,2008
Glenn_01.01.2003-06.21.2013.csv,Glenn,39.7634,-122.0771,W003,2013-09-18 13:29:54,397634N1220771W003,22N02W15C004M,1/12/2009,00:00,,,40.100,0.000,40.100,192.245,189.245,152.145,37.100,UNK - Unknown,Unknown,Department of Water Resources,Voluntary,1,12,2009
Glenn_01.01.2003-06.21.2013.csv,Glenn,39.7634,-122.0771,W003,2013-09-18 13:29:54,397634N1220771W003,22N02W15C004M,1/23/2009,00:00,,,42.360,0.000,42.360,192.245,189.245,149.885,39.360,UNK - Unknown,Unknown,Department of Water Resources,Voluntary,1,23,2009
Glenn_01.01.2003-06.21.2013.csv,Glenn,39.7634,-122.0771,W003,2013-09-18 13:29:54,397634N1220771W003,22N02W15C004M,3/23/2009,00:00,,,34.980,0.000,34.980,192.245,189.245,157.265,31.980,UNK - Unknown,Unknown,Department of Water Resources,Voluntary,3,23,2009
Glenn_01.01.2003-06.21.2013.csv,Glenn,39.7634,-122.0771,W003,2013-09-18 13:29:54,397634N1220771W003,22N02W15C004M,5/15/2009,00:00,,,82.020,0.000,82.020,192.245,189.245,110.225,79.020,UNK - Unknown,Unknown,Department of Water Resources,Voluntary,5,15,2009
Glenn_01.01.2003-06.21.2013.csv,Glenn,39.7634,-122.0771,W003,2013-09-18 13:29:54,397634N1220771W003,22N02W15C004M,6/22/2009,00:00,,,85.230,0.000,85.230,192.245,189.245,107.015,82.230,UNK - Unknown,Unknown,Department of Water Resources,Voluntary,6,22,2009
Glenn_01.01.2003-06.21.2013.csv,Glenn,39.7634,-122.0771,W003,2013-09-18 13:29:54,397634N1220771W003,22N02W15C004M,8/3/2009,00:00,,,88.340,0.000,88.340,192.245,189.245,103.905,85.340,UNK - Unknown,Unknown,Department of Water Resources,Voluntary,8,3,2009
Glenn_01.01.2003-06.21.2013.csv,Glenn,39.7634,-122.0771,W003,2013-09-18 13:29:54,397634N1220771W003,22N02W15C004M,9/17/2009,00:00,,,63.340,0.000,63.340,192.245,189.245,128.905,60.340,UNK - Unknown,Unknown,Department of Water Resources,Voluntary,9,17,2009
Glenn_01.01.2003-06.21.2013.csv,Glenn,39.7634,-122.0771,W003,2013-09-18 13:29:54,397634N1220771W003,22N02W15C004M,10/23/2009,00:00,,,47.780,0.000,47.780,192.245,189.245,144.465,44.780,UNK - Unknown,Unknown,Department of Water Resources,Voluntary,10,23,2009
Glenn_01.01.2003-06.21.2013.csv,Glenn,39.7634,-122.0771,W003,2013-09-18 13:29:54,397634N1220771W003,22N02W15C004M,2/17/2010,00:00,,,35.810,0.000,35.810,192.245,189.245,156.435,32.810,UNK - Unknown,Unknown,Department of Water Resources,Voluntary,2,17,2010
Glenn_01.01.2003-06.21.2013.csv,Glenn,39.7634,-122.0771,W003,2013-09-18 13:29:54,397634N1220771W003,22N02W15C004M,3/23/2010,00:00,,,34.490,0.000,34.490,192.245,189.245,157.755,31.490,UNK - Unknown,Unknown,Department of Water Resources,Voluntary,3,23,2010
Glenn_01.01.2003-06.21.2013.csv,Glenn,39.7634,-122.0771,W003,2013-09-18 13:29:54,397634N1220771W003,22N02W15C004M,8/2/2010,00:00,,,88.880,0.000,88.880,192.245,189.245,103.365,85.880,UNK - Unknown,Unknown,Department of Water Resources,Voluntary,8,2,2010
Glenn_01.01.2003-06.21.2013.csv,Glenn,39.7634,-122.0771,W003,2013-09-18 13:29:54,397634N1220771W003,22N02W15C004M,10/18/2010,00:00,,,52.750,0.000,52.750,192.245,189.245,139.495,49.750,UNK - Unknown,Unknown,Department of Water Resources,Voluntary,10,18,2010
Glenn_01.01.2003-06.21.2013.csv,Glenn,39.7634,-122.0771,W003,2013-09-18 13:29:54,397634N1220771W003,22N02W15C004M,1/20/2011,00:00,,,36.330,0.000,36.330,192.245,189.245,155.915,33.330,UNK - Unknown,Unknown,Department of Water Resources,Voluntary,1,20,2011
Glenn_01.01.2003-06.21.2013.csv,Glenn,39.7634,-122.0771,W003,2013-09-18 13:29:54,397634N1220771W003,22N02W15C004M,2/14/2011,00:00,,,37.260,0.000,37.260,192.245,189.245,154.985,34.260,UNK - Unknown,Unknown,Department of Water Resources,Voluntary,2,14,2011
Glenn_01.01.2003-06.21.2013.csv,Glenn,39.7634,-122.0771,W003,2013-09-18 13:29:54,397634N1220771W003,22N02W15C004M,2/23/2011,00:00,,,39.780,0.000,39.780,192.245,189.245,152.465,36.780,UNK - Unknown,Unknown,Department of Water Resources,Voluntary,2,23,2011
Glenn_01.01.2003-06.21.2013.csv,Glenn,39.7634,-122.0771,W003,2013-09-18 13:29:54,397634N1220771W003,22N02W15C004M,3/1/2011,00:00,,,38.700,0.000,38.700,192.245,189.245,153.545,35.700,UNK - Unknown,Unknown,Department of Water Resources,Voluntary,3,1,2011
Glenn_01.01.2003-06.21.2013.csv,Glenn,39.7634,-122.0771,W003,2013-09-18 13:29:54,397634N1220771W003,22N02W15C004M,3/10/2011,00:00,,,35.520,0.000,35.520,192.245,189.245,156.725,32.520,UNK - Unknown,Unknown,Department of Water Resources,Voluntary,3,10,2011
Glenn_01.01.2003-06.21.2013.csv,Glenn,39.7634,-122.0771,W003,2013-09-18 13:29:54,397634N1220771W003,22N02W15C004M,1/18/2011,00:00,,,36.330,0.000,36.330,192.245,189.245,155.915,33.330,UNK - Unknown,Unknown,Department of Water Resources,Voluntary,1,18,2011
Glenn_01.01.2003-06.21.2013.csv,Glenn,39.7634,-122.0771,W003,2013-09-18 13:29:54,397634N1220771W003,22N02W15C004M,4/5/2011,00:00,,,31.510,0.000,31.510,192.245,189.245,160.735,28.510,UNK - Unknown,Unknown,Department of Water Resources,Voluntary,4,5,2011
Glenn_01.01.2003-06.21.2013.csv,Glenn,39.7634,-122.0771,W003,2013-09-18 13:29:54,397634N1220771W003,22N02W15C004M,6/10/2011,00:00,,,52.080,0.000,52.080,192.245,189.245,140.165,49.080,UNK - Unknown,Unknown,Department of Water Resources,Voluntary,6,10,2011
Glenn_01.01.2003-06.21.2013.csv,Glenn,39.7634,-122.0771,W003,2013-09-18 13:29:54,397634N1220771W003,22N02W15C004M,8/3/2011,00:00,,,82.110,0.000,82.110,192.245,189.245,110.135,79.110,UNK - Unknown,Unknown,Department of Water Resources,Voluntary,8,3,2011
Glenn_01.01.2003-06.21.2013.csv,Glenn,39.7634,-122.0771,W003,2013-09-18 13:29:54,397634N1220771W003,22N02W15C004M,11/28/2011,00:00,,,39.700,0.000,39.700,192.245,189.245,152.545,36.700,UNK - Unknown,Unknown,Department of Water Resources,Voluntary,11,28,2011
Glenn_01.01.2003-06.21.2013.csv,Glenn,39.7634,-122.0771,W003,2013-09-18 13:29:54,397634N1220771W003,22N02W15C004M,5/23/2013,00:00,,,77.150,0.000,77.150,192.245,189.245,115.095,74.150,ES - Electric sounder measurement,0.1 Ft,Department of Water Resources,Voluntary,5,23,2013
Glenn_01.01.2003-06.21.2013.csv,Glenn,39.7634,-122.0771,W004,2013-09-18 13:29:54,397634N1220771W004,22N02W15C005M,10/10/2011,00:00,,,32.320,0.000,32.320,192.705,189.405,160.385,29.020,ES - Electric sounder measurement,0.01 Ft,Department of Water Resources,CASGEM,10,10,2011
Glenn_01.01.2003-06.21.2013.csv,Glenn,39.7634,-122.0771,W004,2013-09-18 13:29:54,397634N1220771W004,22N02W15C005M,3/26/2012,00:00,,,28.260,0.000,28.260,192.705,189.405,164.445,24.960,ES - Electric sounder measurement,0.01 Ft,Department of Water Resources,CASGEM,3,26,2012
Glenn_01.01.2003-06.21.2013.csv,Glenn,39.7634,-122.0771,W004,2013-09-18 13:29:54,397634N1220771W004,22N02W15C005M,7/30/2012,00:00,,,40.590,0.000,40.590,192.705,189.405,152.115,37.290,ES - Electric sounder measurement,0.1 Ft,Department of Water Resources,CASGEM,7,30,2012
Glenn_01.01.2003-06.21.2013.csv,Glenn,39.7634,-122.0771,W004,2013-09-18 13:29:54,397634N1220771W004,22N02W15C005M,10/15/2012,08:05,,,36.000,-0.990,36.990,192.705,189.405,155.715,33.690,ST - Steel tape measurement,0.1 Ft,Department of Water Resources,CASGEM,10,15,2012
Glenn_01.01.2003-06.21.2013.csv,Glenn,39.7634,-122.0771,W004,2013-09-18 13:29:54,397634N1220771W004,22N02W15C005M,3/20/2013,09:50,,,27.000,-0.750,27.750,192.705,189.405,164.955,24.450,ST - Steel tape measurement,0.1 Ft,Department of Water Resources,CASGEM,3,20,2013
Glenn_01.01.2003-06.21.2013.csv,Glenn,39.7634,-122.0771,W004,2013-09-18 13:29:54,397634N1220771W004,22N02W15C005M,7/18/2003,00:00,,,33.300,0.000,33.300,192.705,189.405,159.405,30.000,UNK - Unknown,Unknown,Department of Water Resources,Voluntary,7,18,2003
Glenn_01.01.2003-06.21.2013.csv,Glenn,39.7634,-122.0771,W004,2013-09-18 13:29:54,397634N1220771W004,22N02W15C005M,7/24/2003,00:00,,,34.300,0.000,34.300,192.705,189.405,158.405,31.000,UNK - Unknown,Unknown,Department of Water Resources,Voluntary,7,24,2003
Glenn_01.01.2003-06.21.2013.csv,Glenn,39.7634,-122.0771,W004,2013-09-18 13:29:54,397634N1220771W004,22N02W15C005M,7/31/2003,00:00,,,34.800,0.000,34.800,192.705,189.405,157.905,31.500,UNK - Unknown,Unknown,Department of Water Resources,Voluntary,7,31,2003
Glenn_01.01.2003-06.21.2013.csv,Glenn,39.7634,-122.0771,W004,2013-09-18 13:29:54,397634N1220771W004,22N02W15C005M,8/26/2003,00:00,,,34.600,0.000,34.600,192.705,189.405,158.105,31.300,UNK - Unknown,Unknown,Department of Water Resources,Voluntary,8,26,2003
Glenn_01.01.2003-06.21.2013.csv,Glenn,39.7634,-122.0771,W004,2013-09-18 13:29:54,397634N1220771W004,22N02W15C005M,8/7/2003,00:00,,,34.700,0.000,34.700,192.705,189.405,158.005,31.400,UNK - Unknown,Unknown,Department of Water Resources,Voluntary,8,7,2003
Glenn_01.01.2003-06.21.2013.csv,Glenn,39.7634,-122.0771,W004,2013-09-18 13:29:54,397634N1220771W004,22N02W15C005M,8/14/2003,00:00,,,35.200,0.000,35.200,192.705,189.405,157.505,31.900,UNK - Unknown,Unknown,Department of Water Resources,Voluntary,8,14,2003
Glenn_01.01.2003-06.21.2013.csv,Glenn,39.7634,-122.0771,W004,2013-09-18 13:29:54,397634N1220771W004,22N02W15C005M,8/21/2003,00:00,,,35.400,0.000,35.400,192.705,189.405,157.305,32.100,UNK - Unknown,Unknown,Department of Water Resources,Voluntary,8,21,2003
Glenn_01.01.2003-06.21.2013.csv,Glenn,39.7634,-122.0771,W004,2013-09-18 13:29:54,397634N1220771W004,22N02W15C005M,9/4/2003,00:00,,,34.800,0.000,34.800,192.705,189.405,157.905,31.500,UNK - Unknown,Unknown,Department of Water Resources,Voluntary,9,4,2003
Glenn_01.01.2003-06.21.2013.csv,Glenn,39.7634,-122.0771,W004,2013-09-18 13:29:54,397634N1220771W004,22N02W15C005M,2/18/2003,00:00,,,20.760,0.000,20.760,192.705,189.405,171.945,17.460,UNK - Unknown,Unknown,Department of Water Resources,Voluntary,2,18,2003
Glenn_01.01.2003-06.21.2013.csv,Glenn,39.7634,-122.0771,W004,2013-09-18 13:29:54,397634N1220771W004,22N02W15C005M,3/13/2003,00:00,,,21.380,0.000,21.380,192.705,189.405,171.325,18.080,UNK - Unknown,Unknown,Department of Water Resources,Voluntary,3,13,2003
Glenn_01.01.2003-06.21.2013.csv,Glenn,39.7634,-122.0771,W004,2013-09-18 13:29:54,397634N1220771W004,22N02W15C005M,4/2/2003,00:00,,,21.430,0.000,21.430,192.705,189.405,171.275,18.130,UNK - Unknown,Unknown,Department of Water Resources,Voluntary,4,2,2003
Glenn_01.01.2003-06.21.2013.csv,Glenn,39.7634,-122.0771,W004,2013-09-18 13:29:54,397634N1220771W004,22N02W15C005M,5/21/2003,00:00,,,23.870,0.000,23.870,192.705,189.405,168.835,20.570,UNK - Unknown,Unknown,Department of Water Resources,Voluntary,5,21,2003
Glenn_01.01.2003-06.21.2013.csv,Glenn,39.7634,-122.0771,W004,2013-09-18 13:29:54,397634N1220771W004,22N02W15C005M,5/28/2003,00:00,,,25.290,0.000,25.290,192.705,189.405,167.415,21.990,UNK - Unknown,Unknown,Department of Water Resources,Voluntary,5,28,2003
Glenn_01.01.2003-06.21.2013.csv,Glenn,39.7634,-122.0771,W004,2013-09-18 13:29:54,397634N1220771W004,22N02W15C005M,6/20/2003,00:00,,,28.960,0.000,28.960,192.705,189.405,163.745,25.660,UNK - Unknown,Unknown,Department of Water Resources,Voluntary,6,20,2003
Glenn_01.01.2003-06.21.2013.csv,Glenn,39.7634,-122.0771,W004,2013-09-18 13:29:54,397634N1220771W004,22N02W15C005M,9/22/2003,00:00,,,34.000,0.000,34.000,192.705,189.405,158.705,30.700,UNK - Unknown,Unknown,Department of Water Resources,Voluntary,9,22,2003
Glenn_01.01.2003-06.21.2013.csv,Glenn,39.7634,-122.0771,W004,2013-09-18 13:29:54,397634N1220771W004,22N02W15C005M,9/25/2003,00:00,,,33.920,0.000,33.920,192.705,189.405,158.785,30.620,UNK - Unknown,Unknown,Department of Water Resources,Voluntary,9,25,2003
Glenn_01.01.2003-06.21.2013.csv,Glenn,39.7634,-122.0771,W004,2013-09-18 13:29:54,397634N1220771W004,22N02W15C005M,10/2/2003,00:00,,,33.000,0.000,33.000,192.705,189.405,159.705,29.700,UNK - Unknown,Unknown,Department of Water Resources,Voluntary,10,2,2003
Glenn_01.01.2003-06.21.2013.csv,Glenn,39.7634,-122.0771,W004,2013-09-18 13:29:54,397634N1220771W004,22N02W15C005M,10/16/2003,00:00,,,32.300,0.000,32.300,192.705,189.405,160.405,29.000,UNK - Unknown,Unknown,Department of Water Resources,Voluntary,10,16,2003
Glenn_01.01.2003-06.21.2013.csv,Glenn,39.7634,-122.0771,W004,2013-09-18 13:29:54,397634N1220771W004,22N02W15C005M,10/9/2003,00:00,,,32.900,0.000,32.900,192.705,189.405,159.805,29.600,UNK - Unknown,Unknown,Department of Water Resources,Voluntary,10,9,2003
Glenn_01.01.2003-06.21.2013.csv,Glenn,39.7634,-122.0771,W004,2013-09-18 13:29:54,397634N1220771W004,22N02W15C005M,10/23/2003,00:00,,,31.500,0.000,31.500,192.705,189.405,161.205,28.200,UNK - Unknown,Unknown,Department of Water Resources,Voluntary,10,23,2003
Glenn_01.01.2003-06.21.2013.csv,Glenn,39.7634,-122.0771,W004,2013-09-18 13:29:54,397634N1220771W004,22N02W15C005M,10/30/2003,00:00,,,31.000,0.000,31.000,192.705,189.405,161.705,27.700,UNK - Unknown,Unknown,Department of Water Resources,Voluntary,10,30,2003
Glenn_01.01.2003-06.21.2013.csv,Glenn,39.7634,-122.0771,W004,2013-09-18 13:29:54,397634N1220771W004,22N02W15C005M,11/25/2003,00:00,,,29.300,0.000,29.300,192.705,189.405,163.405,26.000,UNK - Unknown,Unknown,Department of Water Resources,Voluntary,11,25,2003
Glenn_01.01.2003-06.21.2013.csv,Glenn,39.7634,-122.0771,W004,2013-09-18 13:29:54,397634N1220771W004,22N02W15C005M,11/6/2003,00:00,,,30.400,0.000,30.400,192.705,189.405,162.305,27.100,UNK - Unknown,Unknown,Department of Water Resources,Voluntary,11,6,2003
Glenn_01.01.2003-06.21.2013.csv,Glenn,39.7634,-122.0771,W004,2013-09-18 13:29:54,397634N1220771W004,22N02W15C005M,11/13/2003,00:00,,,29.900,0.000,29.900,192.705,189.405,162.805,26.600,UNK - Unknown,Unknown,Department of Water Resources,Voluntary,11,13,2003
Glenn_01.01.2003-06.21.2013.csv,Glenn,39.7634,-122.0771,W004,2013-09-18 13:29:54,397634N1220771W004,22N02W15C005M,12/9/2003,00:00,,,28.700,0.000,28.700,192.705,189.405,164.005,25.400,UNK - Unknown,Unknown,Department of Water Resources,Voluntary,12,9,2003
Glenn_01.01.2003-06.21.2013.csv,Glenn,39.7634,-122.0771,W004,2013-09-18 13:29:54,397634N1220771W004,22N02W15C005M,3/31/2004,00:00,,,18.800,0.000,18.800,192.705,189.405,173.905,15.500,UNK - Unknown,Unknown,Department of Water Resources,Voluntary,3,31,2004
Glenn_01.01.2003-06.21.2013.csv,Glenn,39.7634,-122.0771,W004,2013-09-18 13:29:54,397634N1220771W004,22N02W15C005M,4/26/2004,00:00,,,22.700,0.000,22.700,192.705,189.405,170.005,19.400,UNK - Unknown,Unknown,Department of Water Resources,Voluntary,4,26,2004
Glenn_01.01.2003-06.21.2013.csv,Glenn,39.7634,-122.0771,W004,2013-09-18 13:29:54,397634N1220771W004,22N02W15C005M,5/21/2004,00:00,,,25.700,0.000,25.700,192.705,189.405,167.005,22.400,UNK - Unknown,Unknown,Department of Water Resources,Voluntary,5,21,2004
Glenn_01.01.2003-06.21.2013.csv,Glenn,39.7634,-122.0771,W004,2013-09-18 13:29:54,397634N1220771W004,22N02W15C005M,2/10/2004,00:00,,,22.000,0.000,22.000,192.705,189.405,170.705,18.700,UNK - Unknown,Unknown,Department of Water Resources,Voluntary,2,10,2004
Glenn_01.01.2003-06.21.2013.csv,Glenn,39.7634,-122.0771,W004,2013-09-18 13:29:54,397634N1220771W004,22N02W15C005M,7/27/2004,00:00,,,34.200,0.000,34.200,192.705,189.405,158.505,30.900,UNK - Unknown,Unknown,Department of Water Resources,Voluntary,7,27,2004
Glenn_01.01.2003-06.21.2013.csv,Glenn,39.7634,-122.0771,W004,2013-09-18 13:29:54,397634N1220771W004,22N02W15C005M,6/21/2004,00:00,,,30.200,0.000,30.200,192.705,189.405,162.505,26.900,UNK - Unknown,Unknown,Department of Water Resources,Voluntary,6,21,2004
Glenn_01.01.2003-06.21.2013.csv,Glenn,39.7634,-122.0771,W004,2013-09-18 13:29:54,397634N1220771W004,22N02W15C005M,8/24/2004,00:00,,,34.900,0.000,34.900,192.705,189.405,157.805,31.600,UNK - Unknown,Unknown,Department of Water Resources,Voluntary,8,24,2004
Glenn_01.01.2003-06.21.2013.csv,Glenn,39.7634,-122.0771,W004,2013-09-18 13:29:54,397634N1220771W004,22N02W15C005M,9/21/2004,00:00,,,34.100,0.000,34.100,192.705,189.405,158.605,30.800,UNK - Unknown,Unknown,Department of Water Resources,Voluntary,9,21,2004
Glenn_01.01.2003-06.21.2013.csv,Glenn,39.7634,-122.0771,W004,2013-09-18 13:29:54,397634N1220771W004,22N02W15C005M,10/19/2004,00:00,,,32.600,0.000,32.600,192.705,189.405,160.105,29.300,UNK - Unknown,Unknown,Department of Water Resources,Voluntary,10,19,2004
Glenn_01.01.2003-06.21.2013.csv,Glenn,39.7634,-122.0771,W004,2013-09-18 13:29:54,397634N1220771W004,22N02W15C005M,11/22/2004,00:00,,,28.900,0.000,28.900,192.705,189.405,163.805,25.600,UNK - Unknown,Unknown,Department of Water Resources,Voluntary,11,22,2004
Glenn_01.01.2003-06.21.2013.csv,Glenn,39.7634,-122.0771,W004,2013-09-18 13:29:54,397634N1220771W004,22N02W15C005M,3/31/2005,00:00,,,20.600,0.000,20.600,192.705,189.405,172.105,17.300,UNK - Unknown,Unknown,Department of Water Resources,Voluntary,3,31,2005
Glenn_01.01.2003-06.21.2013.csv,Glenn,39.7634,-122.0771,W004,2013-09-18 13:29:54,397634N1220771W004,22N02W15C005M,4/29/2005,00:00,,,21.800,0.000,21.800,192.705,189.405,170.905,18.500,UNK - Unknown,Unknown,Department of Water Resources,Voluntary,4,29,2005
Glenn_01.01.2003-06.21.2013.csv,Glenn,39.7634,-122.0771,W004,2013-09-18 13:29:54,397634N1220771W004,22N02W15C005M,4/13/2005,00:00,,,20.810,0.000,20.810,192.705,189.405,171.895,17.510,UNK - Unknown,Unknown,Department of Water Resources,Voluntary,4,13,2005
Glenn_01.01.2003-06.21.2013.csv,Glenn,39.7634,-122.0771,W004,2013-09-18 13:29:54,397634N1220771W004,22N02W15C005M,5/10/2005,00:00,,,22.350,0.000,22.350,192.705,189.405,170.355,19.050,UNK - Unknown,Unknown,Department of Water Resources,Voluntary,5,10,2005
Glenn_01.01.2003-06.21.2013.csv,Glenn,39.7634,-122.0771,W004,2013-09-18 13:29:54,397634N1220771W004,22N02W15C005M,5/27/2005,00:00,,,23.200,0.000,23.200,192.705,189.405,169.505,19.900,UNK - Unknown,Unknown,Department of Water Resources,Voluntary,5,27,2005
Glenn_01.01.2003-06.21.2013.csv,Glenn,39.7634,-122.0771,W004,2013-09-18 13:29:54,397634N1220771W004,22N02W15C005M,6/15/2005,00:00,,,26.260,0.000,26.260,192.705,189.405,166.445,22.960,UNK - Unknown,Unknown,Department of Water Resources,Voluntary,6,15,2005
Glenn_01.01.2003-06.21.2013.csv,Glenn,39.7634,-122.0771,W004,2013-09-18 13:29:54,397634N1220771W004,22N02W15C005M,6/23/2005,00:00,,,26.900,0.000,26.900,192.705,189.405,165.805,23.600,UNK - Unknown,Unknown,Department of Water Resources,Voluntary,6,23,2005
Glenn_01.01.2003-06.21.2013.csv,Glenn,39.7634,-122.0771,W004,2013-09-18 13:29:54,397634N1220771W004,22N02W15C005M,7/29/2005,00:00,,,32.030,0.000,32.030,192.705,189.405,160.675,28.730,UNK - Unknown,Unknown,Department of Water Resources,Voluntary,7,29,2005
Glenn_01.01.2003-06.21.2013.csv,Glenn,39.7634,-122.0771,W004,2013-09-18 13:29:54,397634N1220771W004,22N02W15C005M,7/21/2005,00:00,,,30.950,0.000,30.950,192.705,189.405,161.755,27.650,UNK - Unknown,Unknown,Department of Water Resources,Voluntary,7,21,2005
Glenn_01.01.2003-06.21.2013.csv,Glenn,39.7634,-122.0771,W004,2013-09-18 13:29:54,397634N1220771W004,22N02W15C005M,8/11/2005,00:00,,,33.150,0.000,33.150,192.705,189.405,159.555,29.850,UNK - Unknown,Unknown,Department of Water Resources,Voluntary,8,11,2005
Glenn_01.01.2003-06.21.2013.csv,Glenn,39.7634,-122.0771,W004,2013-09-18 13:29:54,397634N1220771W004,22N02W15C005M,8/26/2005,00:00,,,33.130,0.000,33.130,192.705,189.405,159.575,29.830,UNK - Unknown,Unknown,Department of Water Resources,Voluntary,8,26,2005
Glenn_01.01.2003-06.21.2013.csv,Glenn,39.7634,-122.0771,W004,2013-09-18 13:29:54,397634N1220771W004,22N02W15C005M,2/3/2005,00:00,,,21.870,0.000,21.870,192.705,189.405,170.835,18.570,UNK - Unknown,Unknown,Department of Water Resources,Voluntary,2,3,2005
Glenn_01.01.2003-06.21.2013.csv,Glenn,39.7634,-122.0771,W004,2013-09-18 13:29:54,397634N1220771W004,22N02W15C005M,9/29/2005,00:00,,,32.080,0.000,32.080,192.705,189.405,160.625,28.780,UNK - Unknown,Unknown,Department of Water Resources,Voluntary,9,29,2005
Glenn_01.01.2003-06.21.2013.csv,Glenn,39.7634,-122.0771,W004,2013-09-18 13:29:54,397634N1220771W004,22N02W15C005M,10/7/2005,00:00,,,31.980,0.000,31.980,192.705,189.405,160.725,28.680,UNK - Unknown,Unknown,Department of Water Resources,Voluntary,10,7,2005
Glenn_01.01.2003-06.21.2013.csv,Glenn,39.7634,-122.0771,W004,2013-09-18 13:29:54,397634N1220771W004,22N02W15C005M,10/21/2005,00:00,,,31.080,0.000,31.080,192.705,189.405,161.625,27.780,UNK - Unknown,Unknown,Department of Water Resources,Voluntary,10,21,2005
Glenn_01.01.2003-06.21.2013.csv,Glenn,39.7634,-122.0771,W004,2013-09-18 13:29:54,397634N1220771W004,22N02W15C005M,11/2/2005,00:00,,,30.130,0.000,30.130,192.705,189.405,162.575,26.830,UNK - Unknown,Unknown,Department of Water Resources,Voluntary,11,2,2005
Glenn_01.01.2003-06.21.2013.csv,Glenn,39.7634,-122.0771,W004,2013-09-18 13:29:54,397634N1220771W004,22N02W15C005M,12/1/2005,00:00,,,28.430,0.000,28.430,192.705,189.405,164.275,25.130,UNK - Unknown,Unknown,Department of Water Resources,Voluntary,12,1,2005
Glenn_01.01.2003-06.21.2013.csv,Glenn,39.7634,-122.0771,W004,2013-09-18 13:29:54,397634N1220771W004,22N02W15C005M,1/17/2006,00:00,,,22.630,0.000,22.630,192.705,189.405,170.075,19.330,UNK - Unknown,Unknown,Department of Water Resources,Voluntary,1,17,2006
Glenn_01.01.2003-06.21.2013.csv,Glenn,39.7634,-122.0771,W004,2013-09-18 13:29:54,397634N1220771W004,22N02W15C005M,2/21/2006,00:00,,,21.800,0.000,21.800,192.705,189.405,170.905,18.500,UNK - Unknown,Unknown,Department of Water Resources,Voluntary,2,21,2006
Glenn_01.01.2003-06.21.2013.csv,Glenn,39.7634,-122.0771,W004,2013-09-18 13:29:54,397634N1220771W004,22N02W15C005M,3/24/2006,00:00,,,18.330,0.000,18.330,192.705,189.405,174.375,15.030,UNK - Unknown,Unknown,Department of Water Resources,Voluntary,3,24,2006
Glenn_01.01.2003-06.21.2013.csv,Glenn,39.7634,-122.0771,W004,2013-09-18 13:29:54,397634N1220771W004,22N02W15C005M,5/10/2006,00:00,,,17.470,0.000,17.470,192.705,189.405,175.235,14.170,UNK - Unknown,Unknown,Department of Water Resources,Voluntary,5,10,2006
Glenn_01.01.2003-06.21.2013.csv,Glenn,39.7634,-122.0771,W004,2013-09-18 13:29:54,397634N1220771W004,22N02W15C005M,5/19/2006,00:00,,,20.270,0.000,20.270,192.705,189.405,172.435,16.970,UNK - Unknown,Unknown,Department of Water Resources,Voluntary,5,19,2006
Glenn_01.01.2003-06.21.2013.csv,Glenn,39.7634,-122.0771,W004,2013-09-18 13:29:54,397634N1220771W004,22N02W15C005M,6/16/2006,00:00,,,23.920,0.000,23.920,192.705,189.405,168.785,20.620,UNK - Unknown,Unknown,Department of Water Resources,Voluntary,6,16,2006
Glenn_01.01.2003-06.21.2013.csv,Glenn,39.7634,-122.0771,W004,2013-09-18 13:29:54,397634N1220771W004,22N02W15C005M,7/31/2006,00:00,,,31.040,0.000,31.040,192.705,189.405,161.665,27.740,UNK - Unknown,Unknown,Department of Water Resources,Voluntary,7,31,2006
Glenn_01.01.2003-06.21.2013.csv,Glenn,39.7634,-122.0771,W004,2013-09-18 13:29:54,397634N1220771W004,22N02W15C005M,9/5/2006,00:00,,,31.710,0.000,31.710,192.705,189.405,160.995,28.410,UNK - Unknown,Unknown,Department of Water Resources,Voluntary,9,5,2006
Glenn_01.01.2003-06.21.2013.csv,Glenn,39.7634,-122.0771,W004,2013-09-18 13:29:54,397634N1220771W004,22N02W15C005M,10/12/2006,00:00,,,31.300,0.000,31.300,192.705,189.405,161.405,28.000,UNK - Unknown,Unknown,Department of Water Resources,Voluntary,10,12,2006
Glenn_01.01.2003-06.21.2013.csv,Glenn,39.7634,-122.0771,W004,2013-09-18 13:29:54,397634N1220771W004,22N02W15C005M,11/21/2006,00:00,,,28.470,0.000,28.470,192.705,189.405,164.235,25.170,UNK - Unknown,Unknown,Department of Water Resources,Voluntary,11,21,2006
Glenn_01.01.2003-06.21.2013.csv,Glenn,39.7634,-122.0771,W004,2013-09-18 13:29:54,397634N1220771W004,22N02W15C005M,1/18/2007,00:00,,,26.510,0.000,26.510,192.705,189.405,166.195,23.210,UNK - Unknown,Unknown,Department of Water Resources,Voluntary,1,18,2007
Glenn_01.01.2003-06.21.2013.csv,Glenn,39.7634,-122.0771,W004,2013-09-18 13:29:54,397634N1220771W004,22N02W15C005M,3/7/2007,00:00,,,25.690,0.000,25.690,192.705,189.405,167.015,22.390,UNK - Unknown,Unknown,Department of Water Resources,Voluntary,3,7,2007
Glenn_01.01.2003-06.21.2013.csv,Glenn,39.7634,-122.0771,W004,2013-09-18 13:29:54,397634N1220771W004,22N02W15C005M,3/20/2007,00:00,,,26.360,0.000,26.360,192.705,189.405,166.345,23.060,UNK - Unknown,Unknown,Department of Water Resources,Voluntary,3,20,2007
Glenn_01.01.2003-06.21.2013.csv,Glenn,39.7634,-122.0771,W004,2013-09-18 13:29:54,397634N1220771W004,22N02W15C005M,4/26/2007,00:00,,,28.270,0.000,28.270,192.705,189.405,164.435,24.970,UNK - Unknown,Unknown,Department of Water Resources,Voluntary,4,26,2007
Glenn_01.01.2003-06.21.2013.csv,Glenn,39.7634,-122.0771,W004,2013-09-18 13:29:54,397634N1220771W004,22N02W15C005M,4/16/2007,00:00,,,28.500,0.000,28.500,192.705,189.405,164.205,25.200,UNK - Unknown,Unknown,Department of Water Resources,Voluntary,4,16,2007
Glenn_01.01.2003-06.21.2013.csv,Glenn,39.7634,-122.0771,W004,2013-09-18 13:29:54,397634N1220771W004,22N02W15C005M,5/31/2007,00:00,,,33.100,0.000,33.100,192.705,189.405,159.605,29.800,UNK - Unknown,Unknown,Department of Water Resources,Voluntary,5,31,2007
Glenn_01.01.2003-06.21.2013.csv,Glenn,39.7634,-122.0771,W004,2013-09-18 13:29:54,397634N1220771W004,22N02W15C005M,7/18/2007,00:00,,,36.890,0.000,36.890,192.705,189.405,155.815,33.590,UNK - Unknown,Unknown,Department of Water Resources,Voluntary,7,18,2007
Glenn_01.01.2003-06.21.2013.csv,Glenn,39.7634,-122.0771,W004,2013-09-18 13:29:54,397634N1220771W004,22N02W15C005M,8/31/2007,00:00,,,38.160,0.000,38.160,192.705,189.405,154.545,34.860,UNK - Unknown,Unknown,Department of Water Resources,Voluntary,8,31,2007
Glenn_01.01.2003-06.21.2013.csv,Glenn,39.7634,-122.0771,W004,2013-09-18 13:29:54,397634N1220771W004,22N02W15C005M,10/1/2007,00:00,,,36.010,0.000,36.010,192.705,189.405,156.695,32.710,UNK - Unknown,Unknown,Department of Water Resources,Voluntary,10,1,2007
Glenn_01.01.2003-06.21.2013.csv,Glenn,39.7634,-122.0771,W004,2013-09-18 13:29:54,397634N1220771W004,22N02W15C005M,10/15/2007,00:00,,,34.190,0.000,34.190,192.705,189.405,158.515,30.890,UNK - Unknown,Unknown,Department of Water Resources,Voluntary,10,15,2007
Glenn_01.01.2003-06.21.2013.csv,Glenn,39.7634,-122.0771,W004,2013-09-18 13:29:54,397634N1220771W004,22N02W15C005M,11/29/2007,00:00,,,32.970,0.000,32.970,192.705,189.405,159.735,29.670,UNK - Unknown,Unknown,Department of Water Resources,Voluntary,11,29,2007
Glenn_01.01.2003-06.21.2013.csv,Glenn,39.7634,-122.0771,W004,2013-09-18 13:29:54,397634N1220771W004,22N02W15C005M,1/15/2008,00:00,,,32.030,0.000,32.030,192.705,189.405,160.675,28.730,UNK - Unknown,Unknown,Department of Water Resources,Voluntary,1,15,2008
Glenn_01.01.2003-06.21.2013.csv,Glenn,39.7634,-122.0771,W004,2013-09-18 13:29:54,397634N1220771W004,22N02W15C005M,3/10/2008,00:00,,,25.150,0.000,25.150,192.705,189.405,167.555,21.850,UNK - Unknown,Unknown,Department of Water Resources,Voluntary,3,10,2008
Glenn_01.01.2003-06.21.2013.csv,Glenn,39.7634,-122.0771,W004,2013-09-18 13:29:54,397634N1220771W004,22N02W15C005M,7/25/2008,00:00,,,40.520,0.000,40.520,192.705,189.405,152.185,37.220,UNK - Unknown,Unknown,Department of Water Resources,Voluntary,7,25,2008
Glenn_01.01.2003-06.21.2013.csv,Glenn,39.7634,-122.0771,W004,2013-09-18 13:29:54,397634N1220771W004,22N02W15C005M,8/4/2008,00:00,,,40.480,0.000,40.480,192.705,189.405,152.225,37.180,UNK - Unknown,Unknown,Department of Water Resources,Voluntary,8,4,2008
Glenn_01.01.2003-06.21.2013.csv,Glenn,39.7634,-122.0771,W004,2013-09-18 13:29:54,397634N1220771W004,22N02W15C005M,8/8/2007,00:00,,,37.770,0.000,37.770,192.705,189.405,154.935,34.470,UNK - Unknown,Unknown,Department of Water Resources,Voluntary,TROLL DATA POINT8,8,2007
Glenn_01.01.2003-06.21.2013.csv,Glenn,39.7634,-122.0771,W004,2013-09-18 13:29:54,397634N1220771W004,22N02W15C005M,10/22/2008,00:00,,,35.000,0.000,35.000,192.705,189.405,157.705,31.700,UNK - Unknown,Unknown,Department of Water Resources,Voluntary,10,22,2008
Glenn_01.01.2003-06.21.2013.csv,Glenn,39.7634,-122.0771,W004,2013-09-18 13:29:54,397634N1220771W004,22N02W15C005M,1/12/2009,00:00,,,30.360,0.000,30.360,192.705,189.405,162.345,27.060,UNK - Unknown,Unknown,Department of Water Resources,Voluntary,1,12,2009
Glenn_01.01.2003-06.21.2013.csv,Glenn,39.7634,-122.0771,W004,2013-09-18 13:29:54,397634N1220771W004,22N02W15C005M,1/23/2009,00:00,,,30.610,0.000,30.610,192.705,189.405,162.095,27.310,UNK - Unknown,Unknown,Department of Water Resources,Voluntary,1,23,2009
Glenn_01.01.2003-06.21.2013.csv,Glenn,39.7634,-122.0771,W004,2013-09-18 13:29:54,397634N1220771W004,22N02W15C005M,3/23/2009,00:00,,,25.920,0.000,25.920,192.705,189.405,166.785,22.620,UNK - Unknown,Unknown,Department of Water Resources,Voluntary,3,23,2009
Glenn_01.01.2003-06.21.2013.csv,Glenn,39.7634,-122.0771,W004,2013-09-18 13:29:54,397634N1220771W004,22N02W15C005M,5/15/2009,00:00,,,31.520,0.000,31.520,192.705,189.405,161.185,28.220,UNK - Unknown,Unknown,Department of Water Resources,Voluntary,5,15,2009
Glenn_01.01.2003-06.21.2013.csv,Glenn,39.7634,-122.0771,W004,2013-09-18 13:29:54,397634N1220771W004,22N02W15C005M,6/22/2009,00:00,,,36.120,0.000,36.120,192.705,189.405,156.585,32.820,UNK - Unknown,Unknown,Department of Water Resources,Voluntary,6,22,2009
Glenn_01.01.2003-06.21.2013.csv,Glenn,39.7634,-122.0771,W004,2013-09-18 13:29:54,397634N1220771W004,22N02W15C005M,8/3/2009,00:00,,,41.500,0.000,41.500,192.705,189.405,151.205,38.200,UNK - Unknown,Unknown,Department of Water Resources,Voluntary,8,3,2009
Glenn_01.01.2003-06.21.2013.csv,Glenn,39.7634,-122.0771,W004,2013-09-18 13:29:54,397634N1220771W004,22N02W15C005M,9/17/2009,00:00,,,41.460,0.000,41.460,192.705,189.405,151.245,38.160,UNK - Unknown,Unknown,Department of Water Resources,Voluntary,9,17,2009
Glenn_01.01.2003-06.21.2013.csv,Glenn,39.7634,-122.0771,W004,2013-09-18 13:29:54,397634N1220771W004,22N02W15C005M,10/23/2009,00:00,,,37.860,0.000,37.860,192.705,189.405,154.845,34.560,UNK - Unknown,Unknown,Department of Water Resources,Voluntary,10,23,2009
Glenn_01.01.2003-06.21.2013.csv,Glenn,39.7634,-122.0771,W004,2013-09-18 13:29:54,397634N1220771W004,22N02W15C005M,2/17/2010,00:00,,,26.580,0.000,26.580,192.705,189.405,166.125,23.280,UNK - Unknown,Unknown,Department of Water Resources,Voluntary,2,17,2010
Glenn_01.01.2003-06.21.2013.csv,Glenn,39.7634,-122.0771,W004,2013-09-18 13:29:54,397634N1220771W004,22N02W15C005M,3/23/2010,00:00,,,24.320,0.000,24.320,192.705,189.405,168.385,21.020,UNK - Unknown,Unknown,Department of Water Resources,Voluntary,3,23,2010
Glenn_01.01.2003-06.21.2013.csv,Glenn,39.7634,-122.0771,W004,2013-09-18 13:29:54,397634N1220771W004,22N02W15C005M,8/2/2010,00:00,,,37.700,0.000,37.700,192.705,189.405,155.005,34.400,UNK - Unknown,Unknown,Department of Water Resources,Voluntary,8,2,2010
Glenn_01.01.2003-06.21.2013.csv,Glenn,39.7634,-122.0771,W004,2013-09-18 13:29:54,397634N1220771W004,22N02W15C005M,10/18/2010,00:00,,,34.000,0.000,34.000,192.705,189.405,158.705,30.700,UNK - Unknown,Unknown,Department of Water Resources,Voluntary,10,18,2010
Glenn_01.01.2003-06.21.2013.csv,Glenn,39.7634,-122.0771,W004,2013-09-18 13:29:54,397634N1220771W004,22N02W15C005M,1/20/2011,00:00,,,26.290,0.000,26.290,192.705,189.405,166.415,22.990,UNK - Unknown,Unknown,Department of Water Resources,Voluntary,1,20,2011
Glenn_01.01.2003-06.21.2013.csv,Glenn,39.7634,-122.0771,W004,2013-09-18 13:29:54,397634N1220771W004,22N02W15C005M,2/14/2011,00:00,,,25.980,0.000,25.980,192.705,189.405,166.725,22.680,UNK - Unknown,Unknown,Department of Water Resources,Voluntary,2,14,2011
Glenn_01.01.2003-06.21.2013.csv,Glenn,39.7634,-122.0771,W004,2013-09-18 13:29:54,397634N1220771W004,22N02W15C005M,2/23/2011,00:00,,,25.990,0.000,25.990,192.705,189.405,166.715,22.690,UNK - Unknown,Unknown,Department of Water Resources,Voluntary,2,23,2011
Glenn_01.01.2003-06.21.2013.csv,Glenn,39.7634,-122.0771,W004,2013-09-18 13:29:54,397634N1220771W004,22N02W15C005M,3/1/2011,00:00,,,26.030,0.000,26.030,192.705,189.405,166.675,22.730,UNK - Unknown,Unknown,Department of Water Resources,Voluntary,3,1,2011
Glenn_01.01.2003-06.21.2013.csv,Glenn,39.7634,-122.0771,W004,2013-09-18 13:29:54,397634N1220771W004,22N02W15C005M,3/10/2011,00:00,,,25.630,0.000,25.630,192.705,189.405,167.075,22.330,UNK - Unknown,Unknown,Department of Water Resources,Voluntary,3,10,2011
Glenn_01.01.2003-06.21.2013.csv,Glenn,39.7634,-122.0771,W004,2013-09-18 13:29:54,397634N1220771W004,22N02W15C005M,4/5/2011,00:00,,,23.040,0.000,23.040,192.705,189.405,169.665,19.740,UNK - Unknown,Unknown,Department of Water Resources,Voluntary,4,5,2011
Glenn_01.01.2003-06.21.2013.csv,Glenn,39.7634,-122.0771,W004,2013-09-18 13:29:54,397634N1220771W004,22N02W15C005M,6/10/2011,00:00,,,26.220,0.000,26.220,192.705,189.405,166.485,22.920,UNK - Unknown,Unknown,Department of Water Resources,Voluntary,6,10,2011
Glenn_01.01.2003-06.21.2013.csv,Glenn,39.7634,-122.0771,W004,2013-09-18 13:29:54,397634N1220771W004,22N02W15C005M,8/3/2011,00:00,,,34.880,0.000,34.880,192.705,189.405,157.825,31.580,UNK - Unknown,Unknown,Department of Water Resources,Voluntary,8,3,2011
Glenn_01.01.2003-06.21.2013.csv,Glenn,39.7634,-122.0771,W004,2013-09-18 13:29:54,397634N1220771W004,22N02W15C005M,11/28/2011,00:00,,,29.330,0.000,29.330,192.705,189.405,163.375,26.030,UNK - Unknown,Unknown,Department of Water Resources,Voluntary,11,28,2011
Glenn_01.01.2003-06.21.2013.csv,Glenn,39.7634,-122.0771,W004,2013-09-18 13:29:54,397634N1220771W004,22N02W15C005M,5/23/2013,00:00,,,36.850,0.000,36.850,192.705,189.405,155.855,33.550,ES - Electric sounder measurement,0.1 Ft,Department of Water Resources,Voluntary,5,23,2013
Glenn_01.01.2003-06.21.2013.csv,Glenn,39.7646,-122.0599,W001,2013-09-18 13:29:54,397646N1220599W001,22N02W14C002M,10/12/2011,00:00,,,40.820,0.000,40.820,174.000,173.400,133.180,40.220,ES - Electric sounder measurement,0.01 Ft,Department of Water Resources,Voluntary,10,12,2011
Glenn_01.01.2003-06.21.2013.csv,Glenn,39.7646,-122.0599,W001,2013-09-18 13:29:54,397646N1220599W001,22N02W14C002M,3/30/2012,00:00,,,33.500,0.000,33.500,174.000,173.400,140.500,32.900,ES - Electric sounder measurement,0.01 Ft,Department of Water Resources,Voluntary,3,30,2012
Glenn_01.01.2003-06.21.2013.csv,Glenn,39.7646,-122.0599,W001,2013-09-18 13:29:54,397646N1220599W001,22N02W14C002M,8/1/2012,00:00,,,78.950,0.000,78.950,174.000,173.400,95.050,78.350,ES - Electric sounder measurement,0.01 Ft,Department of Water Resources,Voluntary,8,1,2012
Glenn_01.01.2003-06.21.2013.csv,Glenn,39.7646,-122.0599,W001,2013-09-18 13:29:54,397646N1220599W001,22N02W14C002M,10/17/2012,00:00,,,48.800,0.000,48.800,174.000,173.400,125.200,48.200,ES - Electric sounder measurement,0.01 Ft,Department of Water Resources,Voluntary,10,17,2012
Glenn_01.01.2003-06.21.2013.csv,Glenn,39.7646,-122.0599,W001,2013-09-18 13:29:54,397646N1220599W001,22N02W14C002M,3/10/2003,00:00,,1 - Pumping,42.100,0.000,42.100,174.000,173.400,131.900,41.500,UNK - Unknown,Unknown,Department of Water Resources,Voluntary,3,10,2003
Glenn_01.01.2003-06.21.2013.csv,Glenn,39.7646,-122.0599,W001,2013-09-18 13:29:54,397646N1220599W001,22N02W14C002M,4/8/2003,00:00,,,27.700,0.000,27.700,174.000,173.400,146.300,27.100,UNK - Unknown,Unknown,Department of Water Resources,Voluntary,4,8,2003
Glenn_01.01.2003-06.21.2013.csv,Glenn,39.7646,-122.0599,W001,2013-09-18 13:29:54,397646N1220599W001,22N02W14C002M,5/21/2003,00:00,,,31.500,0.000,31.500,174.000,173.400,142.500,30.900,UNK - Unknown,Unknown,Department of Water Resources,Voluntary,5,21,2003
Glenn_01.01.2003-06.21.2013.csv,Glenn,39.7646,-122.0599,W001,2013-09-18 13:29:54,397646N1220599W001,22N02W14C002M,6/25/2003,00:00,,1 - Pumping,89.300,0.000,89.300,174.000,173.400,84.700,88.700,UNK - Unknown,Unknown,Department of Water Resources,Voluntary,6,25,2003
Glenn_01.01.2003-06.21.2013.csv,Glenn,39.7646,-122.0599,W001,2013-09-18 13:29:54,397646N1220599W001,22N02W14C002M,7/30/2003,00:00,,1 - Pumping,85.600,0.000,85.600,174.000,173.400,88.400,85.000,UNK - Unknown,Unknown,Department of Water Resources,Voluntary,7,30,2003
Glenn_01.01.2003-06.21.2013.csv,Glenn,39.7646,-122.0599,W001,2013-09-18 13:29:54,397646N1220599W001,22N02W14C002M,8/27/2003,00:00,,,52.100,0.000,52.100,174.000,173.400,121.900,51.500,UNK - Unknown,Unknown,Department of Water Resources,Voluntary,8,27,2003
Glenn_01.01.2003-06.21.2013.csv,Glenn,39.7646,-122.0599,W001,2013-09-18 13:29:54,397646N1220599W001,22N02W14C002M,9/17/2003,00:00,,,48.800,0.000,48.800,174.000,173.400,125.200,48.200,UNK - Unknown,Unknown,Department of Water Resources,Voluntary,9,17,2003
Glenn_01.01.2003-06.21.2013.csv,Glenn,39.7646,-122.0599,W001,2013-09-18 13:29:54,397646N1220599W001,22N02W14C002M,10/16/2003,00:00,,1 - Pumping,61.100,0.000,61.100,174.000,173.400,112.900,60.500,UNK - Unknown,Unknown,Department of Water Resources,Voluntary,10,16,2003
Glenn_01.01.2003-06.21.2013.csv,Glenn,39.7646,-122.0599,W001,2013-09-18 13:29:54,397646N1220599W001,22N02W14C002M,11/17/2003,00:00,,,34.920,0.000,34.920,174.000,173.400,139.080,34.320,UNK - Unknown,Unknown,Department of Water Resources,Voluntary,11,17,2003
Glenn_01.01.2003-06.21.2013.csv,Glenn,39.7646,-122.0599,W001,2013-09-18 13:29:54,397646N1220599W001,22N02W14C002M,3/31/2004,00:00,,,26.000,0.000,26.000,174.000,173.400,148.000,25.400,UNK - Unknown,Unknown,Department of Water Resources,Voluntary,3,31,2004
Glenn_01.01.2003-06.21.2013.csv,Glenn,39.7646,-122.0599,W001,2013-09-18 13:29:54,397646N1220599W001,22N02W14C002M,4/26/2004,00:00,,1 - Pumping,53.100,0.000,53.100,174.000,173.400,120.900,52.500,UNK - Unknown,Unknown,Department of Water Resources,Voluntary,4,26,2004
Glenn_01.01.2003-06.21.2013.csv,Glenn,39.7646,-122.0599,W001,2013-09-18 13:29:54,397646N1220599W001,22N02W14C002M,5/24/2004,00:00,,1 - Pumping,68.200,0.000,68.200,174.000,173.400,105.800,67.600,UNK - Unknown,Unknown,Department of Water Resources,Voluntary,5,24,2004
Glenn_01.01.2003-06.21.2013.csv,Glenn,39.7646,-122.0599,W001,2013-09-18 13:29:54,397646N1220599W001,22N02W14C002M,6/21/2004,00:00,,1 - Pumping,72.800,0.000,72.800,174.000,173.400,101.200,72.200,UNK - Unknown,Unknown,Department of Water Resources,Voluntary,OILY; NEW RP6,21,2004
Glenn_01.01.2003-06.21.2013.csv,Glenn,39.7646,-122.0599,W001,2013-09-18 13:29:54,397646N1220599W001,22N02W14C002M,7/26/2004,00:00,,1 - Pumping,79.100,0.000,79.100,174.000,173.400,94.900,78.500,UNK - Unknown,Unknown,Department of Water Resources,Voluntary,OILY7,26,2004
Glenn_01.01.2003-06.21.2013.csv,Glenn,39.7646,-122.0599,W001,2013-09-18 13:29:54,397646N1220599W001,22N02W14C002M,8/25/2004,00:00,,8 - Oil or foreign substance in casing,51.600,0.000,51.600,174.000,173.400,122.400,51.000,UNK - Unknown,Unknown,Department of Water Resources,Voluntary,8,25,2004
Glenn_01.01.2003-06.21.2013.csv,Glenn,39.7646,-122.0599,W001,2013-09-18 13:29:54,397646N1220599W001,22N02W14C002M,9/22/2004,00:00,,1 - Pumping,77.000,0.000,77.000,174.000,173.400,97.000,76.400,UNK - Unknown,Unknown,Department of Water Resources,Voluntary,OILY9,22,2004
Glenn_01.01.2003-06.21.2013.csv,Glenn,39.7646,-122.0599,W001,2013-09-18 13:29:54,397646N1220599W001,22N02W14C002M,10/18/2004,00:00,,,42.400,0.000,42.400,174.000,173.400,131.600,41.800,UNK - Unknown,Unknown,Department of Water Resources,Voluntary,10,18,2004
Glenn_01.01.2003-06.21.2013.csv,Glenn,39.7646,-122.0599,W001,2013-09-18 13:29:54,397646N1220599W001,22N02W14C002M,11/16/2004,00:00,,,34.700,0.000,34.700,174.000,173.400,139.300,34.100,UNK - Unknown,Unknown,Department of Water Resources,Voluntary,11,16,2004
Glenn_01.01.2003-06.21.2013.csv,Glenn,39.7646,-122.0599,W001,2013-09-18 13:29:54,397646N1220599W001,22N02W14C002M,3/29/2005,00:00,,,26.500,0.000,26.500,174.000,173.400,147.500,25.900,UNK - Unknown,Unknown,Department of Water Resources,Voluntary,3,29,2005
Glenn_01.01.2003-06.21.2013.csv,Glenn,39.7646,-122.0599,W001,2013-09-18 13:29:54,397646N1220599W001,22N02W14C002M,4/28/2005,00:00,7 - Special/Other,,NULL,NULL,NULL,174.000,173.400,NULL,NULL,,,Department of Water Resources,Voluntary,4,28,2005
Glenn_01.01.2003-06.21.2013.csv,Glenn,39.7646,-122.0599,W001,2013-09-18 13:29:54,397646N1220599W001,22N02W14C002M,5/27/2005,00:00,,,31.100,0.000,31.100,174.000,173.400,142.900,30.500,UNK - Unknown,Unknown,Department of Water Resources,Voluntary,5,27,2005
Glenn_01.01.2003-06.21.2013.csv,Glenn,39.7646,-122.0599,W001,2013-09-18 13:29:54,397646N1220599W001,22N02W14C002M,6/23/2005,00:00,,3 - Casing leaking or wet,53.800,0.000,53.800,174.000,173.400,120.200,53.200,UNK - Unknown,Unknown,Department of Water Resources,Voluntary,6,23,2005
Glenn_01.01.2003-06.21.2013.csv,Glenn,39.7646,-122.0599,W001,2013-09-18 13:29:54,397646N1220599W001,22N02W14C002M,7/29/2005,00:00,8 - Casing leaking or wet,,NULL,NULL,NULL,174.000,173.400,NULL,NULL,,,Department of Water Resources,Voluntary,7,29,2005
Glenn_01.01.2003-06.21.2013.csv,Glenn,39.7646,-122.0599,W001,2013-09-18 13:29:54,397646N1220599W001,22N02W14C002M,8/26/2005,00:00,8 - Casing leaking or wet,,NULL,NULL,NULL,174.000,173.400,NULL,NULL,,,Department of Water Resources,Voluntary,8,26,2005
Glenn_01.01.2003-06.21.2013.csv,Glenn,39.7646,-122.0599,W001,2013-09-18 13:29:54,397646N1220599W001,22N02W14C002M,9/29/2005,00:00,,3 - Casing leaking or wet,46.800,0.000,46.800,174.000,173.400,127.200,46.200,UNK - Unknown,Unknown,Department of Water Resources,Voluntary,9,29,2005
Glenn_01.01.2003-06.21.2013.csv,Glenn,39.7646,-122.0599,W001,2013-09-18 13:29:54,397646N1220599W001,22N02W14C002M,10/21/2005,00:00,,,40.500,0.000,40.500,174.000,173.400,133.500,39.900,UNK - Unknown,Unknown,Department of Water Resources,Voluntary,10,21,2005
Glenn_01.01.2003-06.21.2013.csv,Glenn,39.7646,-122.0599,W001,2013-09-18 13:29:54,397646N1220599W001,22N02W14C002M,3/30/2006,00:00,,,23.000,0.000,23.000,174.000,173.400,151.000,22.400,UNK - Unknown,Unknown,Department of Water Resources,Voluntary,3,30,2006
Glenn_01.01.2003-06.21.2013.csv,Glenn,39.7646,-122.0599,W001,2013-09-18 13:29:54,397646N1220599W001,22N02W14C002M,5/19/2006,00:00,8 - Casing leaking or wet,,NULL,NULL,NULL,174.000,173.400,NULL,NULL,,,Department of Water Resources,Voluntary,5,19,2006
Glenn_01.01.2003-06.21.2013.csv,Glenn,39.7646,-122.0599,W001,2013-09-18 13:29:54,397646N1220599W001,22N02W14C002M,8/3/2006,00:00,1 - Pumping,,NULL,NULL,NULL,174.000,173.400,NULL,NULL,,,Department of Water Resources,Voluntary,8,3,2006
Glenn_01.01.2003-06.21.2013.csv,Glenn,39.7646,-122.0599,W001,2013-09-18 13:29:54,397646N1220599W001,22N02W14C002M,10/12/2006,00:00,,,41.100,0.000,41.100,174.000,173.400,132.900,40.500,UNK - Unknown,Unknown,Department of Water Resources,Voluntary,10,12,2006
Glenn_01.01.2003-06.21.2013.csv,Glenn,39.7646,-122.0599,W001,2013-09-18 13:29:54,397646N1220599W001,22N02W14C002M,3/20/2007,00:00,,,32.550,0.000,32.550,174.000,173.400,141.450,31.950,UNK - Unknown,Unknown,Department of Water Resources,Voluntary,3,20,2007
Glenn_01.01.2003-06.21.2013.csv,Glenn,39.7646,-122.0599,W001,2013-09-18 13:29:54,397646N1220599W001,22N02W14C002M,8/10/2007,00:00,,8 - Oil or foreign substance in casing,51.530,0.000,51.530,174.000,173.400,122.470,50.930,UNK - Unknown,Unknown,Department of Water Resources,Voluntary,8,10,2007
Glenn_01.01.2003-06.21.2013.csv,Glenn,39.7646,-122.0599,W001,2013-09-18 13:29:54,397646N1220599W001,22N02W14C002M,10/15/2007,00:00,,,40.870,0.000,40.870,174.000,173.400,133.130,40.270,UNK - Unknown,Unknown,Department of Water Resources,Voluntary,10,15,2007
Glenn_01.01.2003-06.21.2013.csv,Glenn,39.7646,-122.0599,W001,2013-09-18 13:29:54,397646N1220599W001,22N02W14C002M,3/13/2008,00:00,,,30.720,0.000,30.720,174.000,173.400,143.280,30.120,UNK - Unknown,Unknown,Department of Water Resources,Voluntary,3,13,2008
Glenn_01.01.2003-06.21.2013.csv,Glenn,39.7646,-122.0599,W001,2013-09-18 13:29:54,397646N1220599W001,22N02W14C002M,8/5/2008,00:00,1 - Pumping,,NULL,NULL,NULL,174.000,173.400,NULL,NULL,,,Department of Water Resources,Voluntary,8,5,2008
Glenn_01.01.2003-06.21.2013.csv,Glenn,39.7646,-122.0599,W001,2013-09-18 13:29:54,397646N1220599W001,22N02W14C002M,10/22/2008,00:00,,,46.300,0.000,46.300,174.000,173.400,127.700,45.700,UNK - Unknown,Unknown,Department of Water Resources,Voluntary,10,22,2008
Glenn_01.01.2003-06.21.2013.csv,Glenn,39.7646,-122.0599,W001,2013-09-18 13:29:54,397646N1220599W001,22N02W14C002M,1/12/2009,00:00,,,36.370,0.000,36.370,174.000,173.400,137.630,35.770,UNK - Unknown,Unknown,Department of Water Resources,Voluntary,1,12,2009
Glenn_01.01.2003-06.21.2013.csv,Glenn,39.7646,-122.0599,W001,2013-09-18 13:29:54,397646N1220599W001,22N02W14C002M,3/23/2009,00:00,,,32.500,0.000,32.500,174.000,173.400,141.500,31.900,UNK - Unknown,Unknown,Department of Water Resources,Voluntary,3,23,2009
Glenn_01.01.2003-06.21.2013.csv,Glenn,39.7646,-122.0599,W001,2013-09-18 13:29:54,397646N1220599W001,22N02W14C002M,5/15/2009,00:00,1 - Pumping,,NULL,NULL,NULL,174.000,173.400,NULL,NULL,,,Department of Water Resources,Voluntary,5,15,2009
Glenn_01.01.2003-06.21.2013.csv,Glenn,39.7646,-122.0599,W001,2013-09-18 13:29:54,397646N1220599W001,22N02W14C002M,6/23/2009,00:00,1 - Pumping,,NULL,NULL,NULL,174.000,173.400,NULL,NULL,,,Department of Water Resources,Voluntary,6,23,2009
Glenn_01.01.2003-06.21.2013.csv,Glenn,39.7646,-122.0599,W001,2013-09-18 13:29:54,397646N1220599W001,22N02W14C002M,8/10/2009,00:00,,,74.840,0.000,74.840,174.000,173.400,99.160,74.240,UNK - Unknown,Unknown,Department of Water Resources,Voluntary,8,10,2009
Glenn_01.01.2003-06.21.2013.csv,Glenn,39.7646,-122.0599,W001,2013-09-18 13:29:54,397646N1220599W001,22N02W14C002M,9/17/2009,00:00,1 - Pumping,,NULL,NULL,NULL,174.000,173.400,NULL,NULL,,,Department of Water Resources,Voluntary,9,17,2009
Glenn_01.01.2003-06.21.2013.csv,Glenn,39.7646,-122.0599,W001,2013-09-18 13:29:54,397646N1220599W001,22N02W14C002M,10/22/2009,00:00,,,42.500,0.000,42.500,174.000,173.400,131.500,41.900,UNK - Unknown,Unknown,Department of Water Resources,Voluntary,10,22,2009
Glenn_01.01.2003-06.21.2013.csv,Glenn,39.7646,-122.0599,W001,2013-09-18 13:29:54,397646N1220599W001,22N02W14C002M,3/22/2010,00:00,,,30.500,0.000,30.500,174.000,173.400,143.500,29.900,UNK - Unknown,Unknown,Department of Water Resources,Voluntary,3,22,2010
Glenn_01.01.2003-06.21.2013.csv,Glenn,39.7646,-122.0599,W001,2013-09-18 13:29:54,397646N1220599W001,22N02W14C002M,8/2/2010,00:00,,,67.400,0.000,67.400,174.000,173.400,106.600,66.800,UNK - Unknown,Unknown,Department of Water Resources,Voluntary,8,2,2010
Glenn_01.01.2003-06.21.2013.csv,Glenn,39.7646,-122.0599,W001,2013-09-18 13:29:54,397646N1220599W001,22N02W14C002M,10/18/2010,00:00,,,45.130,0.000,45.130,174.000,173.400,128.870,44.530,UNK - Unknown,Unknown,Department of Water Resources,Voluntary,10,18,2010
Glenn_01.01.2003-06.21.2013.csv,Glenn,39.7646,-122.0599,W001,2013-09-18 13:29:54,397646N1220599W001,22N02W14C002M,4/5/2011,00:00,,,26.380,0.000,26.380,174.000,173.400,147.620,25.780,UNK - Unknown,Unknown,Department of Water Resources,Voluntary,4,5,2011
Glenn_01.01.2003-06.21.2013.csv,Glenn,39.7646,-122.0599,W001,2013-09-18 13:29:54,397646N1220599W001,22N02W14C002M,8/3/2011,00:00,1 - Pumping,,NULL,NULL,NULL,174.000,173.400,NULL,NULL,,,Department of Water Resources,Voluntary,8,3,2011
Glenn_01.01.2003-06.21.2013.csv,Glenn,39.7646,-122.0599,W001,2013-09-18 13:29:54,397646N1220599W001,22N02W14C002M,10/12/2011,00:00,,,40.820,0.000,40.820,174.000,173.400,133.180,40.220,UNK - Unknown,Unknown,Department of Water Resources,Voluntary,10,12,2011
Glenn_01.01.2003-06.21.2013.csv,Glenn,39.7646,-122.0599,W001,2013-09-18 13:29:54,397646N1220599W001,22N02W14C002M,3/19/2013,00:00,,,37.770,0.000,37.770,174.000,173.400,136.230,37.170,ES - Electric sounder measurement,0.01 Ft,Department of Water Resources,Voluntary,3,19,2013
Glenn_01.01.2003-06.21.2013.csv,Glenn,39.7658,-122.2305,W001,2013-09-18 13:29:54,397658N1222305W001,22N03W17E001M,10/12/2011,00:00,,,14.900,0.000,14.900,284.990,285.490,270.090,15.400,ST - Steel tape measurement,0.1 Ft,Department of Water Resources,Voluntary,10,12,2011
Glenn_01.01.2003-06.21.2013.csv,Glenn,39.7658,-122.2305,W001,2013-09-18 13:29:54,397658N1222305W001,22N03W17E001M,3/30/2012,00:00,,,20.000,0.400,19.600,284.990,285.490,265.390,20.100,ST - Steel tape measurement,0.1 Ft,Department of Water Resources,Voluntary,3,30,2012
Glenn_01.01.2003-06.21.2013.csv,Glenn,39.7658,-122.2305,W001,2013-09-18 13:29:54,397658N1222305W001,22N03W17E001M,8/1/2012,00:00,,,20.000,4.500,15.500,284.990,285.490,269.490,16.000,ST - Steel tape measurement,0.1 Ft,Department of Water Resources,Voluntary,8,1,2012
Glenn_01.01.2003-06.21.2013.csv,Glenn,39.7658,-122.2305,W001,2013-09-18 13:29:54,397658N1222305W001,22N03W17E001M,10/17/2012,00:00,,,20.000,4.100,15.900,284.990,285.490,269.090,16.400,ST - Steel tape measurement,0.1 Ft,Department of Water Resources,Voluntary,10,17,2012
Glenn_01.01.2003-06.21.2013.csv,Glenn,39.7658,-122.2305,W001,2013-09-18 13:29:54,397658N1222305W001,22N03W17E001M,3/10/2003,00:00,,,12.900,0.000,12.900,284.990,285.490,272.090,13.400,UNK - Unknown,Unknown,Department of Water Resources,Voluntary,3,10,2003
Glenn_01.01.2003-06.21.2013.csv,Glenn,39.7658,-122.2305,W001,2013-09-18 13:29:54,397658N1222305W001,22N03W17E001M,4/8/2003,00:00,,,14.100,0.000,14.100,284.990,285.490,270.890,14.600,UNK - Unknown,Unknown,Department of Water Resources,Voluntary,4,8,2003
Glenn_01.01.2003-06.21.2013.csv,Glenn,39.7658,-122.2305,W001,2013-09-18 13:29:54,397658N1222305W001,22N03W17E001M,5/21/2003,00:00,,,15.400,0.000,15.400,284.990,285.490,269.590,15.900,UNK - Unknown,Unknown,Department of Water Resources,Voluntary,5,21,2003
Glenn_01.01.2003-06.21.2013.csv,Glenn,39.7658,-122.2305,W001,2013-09-18 13:29:54,397658N1222305W001,22N03W17E001M,6/25/2003,00:00,,1 - Pumping,17.700,0.000,17.700,284.990,285.490,267.290,18.200,UNK - Unknown,Unknown,Department of Water Resources,Voluntary,6,25,2003
Glenn_01.01.2003-06.21.2013.csv,Glenn,39.7658,-122.2305,W001,2013-09-18 13:29:54,397658N1222305W001,22N03W17E001M,7/11/2003,00:00,,,14.600,0.000,14.600,284.990,285.490,270.390,15.100,UNK - Unknown,Unknown,Department of Water Resources,Voluntary,7,11,2003
Glenn_01.01.2003-06.21.2013.csv,Glenn,39.7658,-122.2305,W001,2013-09-18 13:29:54,397658N1222305W001,22N03W17E001M,7/18/2003,00:00,,,14.600,0.000,14.600,284.990,285.490,270.390,15.100,UNK - Unknown,Unknown,Department of Water Resources,Voluntary,7,18,2003
Glenn_01.01.2003-06.21.2013.csv,Glenn,39.7658,-122.2305,W001,2013-09-18 13:29:54,397658N1222305W001,22N03W17E001M,7/24/2003,00:00,,,14.900,0.000,14.900,284.990,285.490,270.090,15.400,UNK - Unknown,Unknown,Department of Water Resources,Voluntary,7,24,2003
Glenn_01.01.2003-06.21.2013.csv,Glenn,39.7658,-122.2305,W001,2013-09-18 13:29:54,397658N1222305W001,22N03W17E001M,7/31/2003,00:00,,,13.500,0.000,13.500,284.990,285.490,271.490,14.000,UNK - Unknown,Unknown,Department of Water Resources,Voluntary,7,31,2003
Glenn_01.01.2003-06.21.2013.csv,Glenn,39.7658,-122.2305,W001,2013-09-18 13:29:54,397658N1222305W001,22N03W17E001M,8/27/2003,00:00,,,14.300,0.000,14.300,284.990,285.490,270.690,14.800,UNK - Unknown,Unknown,Department of Water Resources,Voluntary,8,27,2003
Glenn_01.01.2003-06.21.2013.csv,Glenn,39.7658,-122.2305,W001,2013-09-18 13:29:54,397658N1222305W001,22N03W17E001M,8/7/2003,00:00,,,14.200,0.000,14.200,284.990,285.490,270.790,14.700,UNK - Unknown,Unknown,Department of Water Resources,Voluntary,8,7,2003
Glenn_01.01.2003-06.21.2013.csv,Glenn,39.7658,-122.2305,W001,2013-09-18 13:29:54,397658N1222305W001,22N03W17E001M,8/14/2003,00:00,,,14.000,0.000,14.000,284.990,285.490,270.990,14.500,UNK - Unknown,Unknown,Department of Water Resources,Voluntary,8,14,2003
Glenn_01.01.2003-06.21.2013.csv,Glenn,39.7658,-122.2305,W001,2013-09-18 13:29:54,397658N1222305W001,22N03W17E001M,8/21/2003,00:00,,2 - Nearby pump operating,14.400,0.000,14.400,284.990,285.490,270.590,14.900,UNK - Unknown,Unknown,Department of Water Resources,Voluntary,8,21,2003
Glenn_01.01.2003-06.21.2013.csv,Glenn,39.7658,-122.2305,W001,2013-09-18 13:29:54,397658N1222305W001,22N03W17E001M,9/4/2003,00:00,,1 - Pumping,22.130,0.000,22.130,284.990,285.490,262.860,22.630,UNK - Unknown,Unknown,Department of Water Resources,Voluntary,9,4,2003
Glenn_01.01.2003-06.21.2013.csv,Glenn,39.7658,-122.2305,W001,2013-09-18 13:29:54,397658N1222305W001,22N03W17E001M,9/17/2003,00:00,,,14.000,0.000,14.000,284.990,285.490,270.990,14.500,UNK - Unknown,Unknown,Department of Water Resources,Voluntary,9,17,2003
Glenn_01.01.2003-06.21.2013.csv,Glenn,39.7658,-122.2305,W001,2013-09-18 13:29:54,397658N1222305W001,22N03W17E001M,9/25/2003,00:00,,,14.400,0.000,14.400,284.990,285.490,270.590,14.900,UNK - Unknown,Unknown,Department of Water Resources,Voluntary,9,25,2003
Glenn_01.01.2003-06.21.2013.csv,Glenn,39.7658,-122.2305,W001,2013-09-18 13:29:54,397658N1222305W001,22N03W17E001M,10/2/2003,00:00,,,14.300,0.000,14.300,284.990,285.490,270.690,14.800,UNK - Unknown,Unknown,Department of Water Resources,Voluntary,10,2,2003
Glenn_01.01.2003-06.21.2013.csv,Glenn,39.7658,-122.2305,W001,2013-09-18 13:29:54,397658N1222305W001,22N03W17E001M,10/16/2003,00:00,,,14.500,0.000,14.500,284.990,285.490,270.490,15.000,UNK - Unknown,Unknown,Department of Water Resources,Voluntary,10,16,2003
Glenn_01.01.2003-06.21.2013.csv,Glenn,39.7658,-122.2305,W001,2013-09-18 13:29:54,397658N1222305W001,22N03W17E001M,10/9/2003,00:00,,,14.300,0.000,14.300,284.990,285.490,270.690,14.800,UNK - Unknown,Unknown,Department of Water Resources,Voluntary,10,9,2003
Glenn_01.01.2003-06.21.2013.csv,Glenn,39.7658,-122.2305,W001,2013-09-18 13:29:54,397658N1222305W001,22N03W17E001M,10/23/2003,00:00,,,14.500,0.000,14.500,284.990,285.490,270.490,15.000,UNK - Unknown,Unknown,Department of Water Resources,Voluntary,10,23,2003
Glenn_01.01.2003-06.21.2013.csv,Glenn,39.7658,-122.2305,W001,2013-09-18 13:29:54,397658N1222305W001,22N03W17E001M,10/30/2003,00:00,,,14.500,0.000,14.500,284.990,285.490,270.490,15.000,UNK - Unknown,Unknown,Department of Water Resources,Voluntary,10,30,2003
Glenn_01.01.2003-06.21.2013.csv,Glenn,39.7658,-122.2305,W001,2013-09-18 13:29:54,397658N1222305W001,22N03W17E001M,11/17/2003,00:00,,,15.000,0.000,15.000,284.990,285.490,269.990,15.500,UNK - Unknown,Unknown,Department of Water Resources,Voluntary,11,17,2003
Glenn_01.01.2003-06.21.2013.csv,Glenn,39.7658,-122.2305,W001,2013-09-18 13:29:54,397658N1222305W001,22N03W17E001M,11/6/2003,00:00,,,14.600,0.000,14.600,284.990,285.490,270.390,15.100,UNK - Unknown,Unknown,Department of Water Resources,Voluntary,11,6,2003
Glenn_01.01.2003-06.21.2013.csv,Glenn,39.7658,-122.2305,W001,2013-09-18 13:29:54,397658N1222305W001,22N03W17E001M,11/13/2003,00:00,,,14.800,0.000,14.800,284.990,285.490,270.190,15.300,UNK - Unknown,Unknown,Department of Water Resources,Voluntary,11,13,2003
Glenn_01.01.2003-06.21.2013.csv,Glenn,39.7658,-122.2305,W001,2013-09-18 13:29:54,397658N1222305W001,22N03W17E001M,3/31/2004,00:00,,,12.200,0.000,12.200,284.990,285.490,272.790,12.700,UNK - Unknown,Unknown,Department of Water Resources,Voluntary,3,31,2004
Glenn_01.01.2003-06.21.2013.csv,Glenn,39.7658,-122.2305,W001,2013-09-18 13:29:54,397658N1222305W001,22N03W17E001M,4/26/2004,00:00,,,13.200,0.000,13.200,284.990,285.490,271.790,13.700,UNK - Unknown,Unknown,Department of Water Resources,Voluntary,4,26,2004
Glenn_01.01.2003-06.21.2013.csv,Glenn,39.7658,-122.2305,W001,2013-09-18 13:29:54,397658N1222305W001,22N03W17E001M,5/24/2004,00:00,,,14.200,0.000,14.200,284.990,285.490,270.790,14.700,UNK - Unknown,Unknown,Department of Water Resources,Voluntary,5,24,2004
Glenn_01.01.2003-06.21.2013.csv,Glenn,39.7658,-122.2305,W001,2013-09-18 13:29:54,397658N1222305W001,22N03W17E001M,6/21/2004,00:00,,,14.700,0.000,14.700,284.990,285.490,270.290,15.200,UNK - Unknown,Unknown,Department of Water Resources,Voluntary,6,21,2004
Glenn_01.01.2003-06.21.2013.csv,Glenn,39.7658,-122.2305,W001,2013-09-18 13:29:54,397658N1222305W001,22N03W17E001M,7/26/2004,00:00,,,14.800,0.000,14.800,284.990,285.490,270.190,15.300,UNK - Unknown,Unknown,Department of Water Resources,Voluntary,7,26,2004
Glenn_01.01.2003-06.21.2013.csv,Glenn,39.7658,-122.2305,W001,2013-09-18 13:29:54,397658N1222305W001,22N03W17E001M,8/25/2004,00:00,,,14.100,0.000,14.100,284.990,285.490,270.890,14.600,UNK - Unknown,Unknown,Department of Water Resources,Voluntary,8,25,2004
Glenn_01.01.2003-06.21.2013.csv,Glenn,39.7658,-122.2305,W001,2013-09-18 13:29:54,397658N1222305W001,22N03W17E001M,9/22/2004,00:00,,,15.200,0.000,15.200,284.990,285.490,269.790,15.700,UNK - Unknown,Unknown,Department of Water Resources,Voluntary,9,22,2004
Glenn_01.01.2003-06.21.2013.csv,Glenn,39.7658,-122.2305,W001,2013-09-18 13:29:54,397658N1222305W001,22N03W17E001M,10/18/2004,00:00,,,15.300,0.000,15.300,284.990,285.490,269.690,15.800,UNK - Unknown,Unknown,Department of Water Resources,Voluntary,10,18,2004
Glenn_01.01.2003-06.21.2013.csv,Glenn,39.7658,-122.2305,W001,2013-09-18 13:29:54,397658N1222305W001,22N03W17E001M,11/16/2004,00:00,,,16.000,0.000,16.000,284.990,285.490,268.990,16.500,UNK - Unknown,Unknown,Department of Water Resources,Voluntary,11,16,2004
Glenn_01.01.2003-06.21.2013.csv,Glenn,39.7658,-122.2305,W001,2013-09-18 13:29:54,397658N1222305W001,22N03W17E001M,3/29/2005,00:00,,,9.300,0.000,9.300,284.990,285.490,275.690,9.800,UNK - Unknown,Unknown,Department of Water Resources,Voluntary,3,29,2005
Glenn_01.01.2003-06.21.2013.csv,Glenn,39.7658,-122.2305,W001,2013-09-18 13:29:54,397658N1222305W001,22N03W17E001M,4/28/2005,00:00,,,14.300,0.000,14.300,284.990,285.490,270.690,14.800,UNK - Unknown,Unknown,Department of Water Resources,Voluntary,4,28,2005
Glenn_01.01.2003-06.21.2013.csv,Glenn,39.7658,-122.2305,W001,2013-09-18 13:29:54,397658N1222305W001,22N03W17E001M,5/25/2005,00:00,,,15.300,0.000,15.300,284.990,285.490,269.690,15.800,UNK - Unknown,Unknown,Department of Water Resources,Voluntary,5,25,2005
Glenn_01.01.2003-06.21.2013.csv,Glenn,39.7658,-122.2305,W001,2013-09-18 13:29:54,397658N1222305W001,22N03W17E001M,6/24/2005,00:00,,,15.400,0.000,15.400,284.990,285.490,269.590,15.900,UNK - Unknown,Unknown,Department of Water Resources,Voluntary,6,24,2005
Glenn_01.01.2003-06.21.2013.csv,Glenn,39.7658,-122.2305,W001,2013-09-18 13:29:54,397658N1222305W001,22N03W17E001M,7/27/2005,00:00,,,12.800,0.000,12.800,284.990,285.490,272.190,13.300,UNK - Unknown,Unknown,Department of Water Resources,Voluntary,7,27,2005
Glenn_01.01.2003-06.21.2013.csv,Glenn,39.7658,-122.2305,W001,2013-09-18 13:29:54,397658N1222305W001,22N03W17E001M,8/24/2005,00:00,,,14.900,0.000,14.900,284.990,285.490,270.090,15.400,UNK - Unknown,Unknown,Department of Water Resources,Voluntary,8,24,2005
Glenn_01.01.2003-06.21.2013.csv,Glenn,39.7658,-122.2305,W001,2013-09-18 13:29:54,397658N1222305W001,22N03W17E001M,9/30/2005,00:00,,,15.500,0.000,15.500,284.990,285.490,269.490,16.000,UNK - Unknown,Unknown,Department of Water Resources,Voluntary,9,30,2005
Glenn_01.01.2003-06.21.2013.csv,Glenn,39.7658,-122.2305,W001,2013-09-18 13:29:54,397658N1222305W001,22N03W17E001M,10/19/2005,00:00,,,15.300,0.000,15.300,284.990,285.490,269.690,15.800,UNK - Unknown,Unknown,Department of Water Resources,Voluntary,10,19,2005
Glenn_01.01.2003-06.21.2013.csv,Glenn,39.7658,-122.2305,W001,2013-09-18 13:29:54,397658N1222305W001,22N03W17E001M,3/28/2006,00:00,,,12.700,0.000,12.700,284.990,285.490,272.290,13.200,UNK - Unknown,Unknown,Department of Water Resources,Voluntary,3,28,2006
Glenn_01.01.2003-06.21.2013.csv,Glenn,39.7658,-122.2305,W001,2013-09-18 13:29:54,397658N1222305W001,22N03W17E001M,5/18/2006,00:00,,,14.000,0.000,14.000,284.990,285.490,270.990,14.500,UNK - Unknown,Unknown,Department of Water Resources,Voluntary,5,18,2006
Glenn_01.01.2003-06.21.2013.csv,Glenn,39.7658,-122.2305,W001,2013-09-18 13:29:54,397658N1222305W001,22N03W17E001M,8/2/2006,00:00,,,15.000,0.000,15.000,284.990,285.490,269.990,15.500,UNK - Unknown,Unknown,Department of Water Resources,Voluntary,8,2,2006
Glenn_01.01.2003-06.21.2013.csv,Glenn,39.7658,-122.2305,W001,2013-09-18 13:29:54,397658N1222305W001,22N03W17E001M,10/10/2006,00:00,,,15.200,0.000,15.200,284.990,285.490,269.790,15.700,UNK - Unknown,Unknown,Department of Water Resources,Voluntary,10,10,2006
Glenn_01.01.2003-06.21.2013.csv,Glenn,39.7658,-122.2305,W001,2013-09-18 13:29:54,397658N1222305W001,22N03W17E001M,3/19/2007,00:00,,,19.150,0.000,19.150,284.990,285.490,265.840,19.650,UNK - Unknown,Unknown,Department of Water Resources,Voluntary,3,19,2007
Glenn_01.01.2003-06.21.2013.csv,Glenn,39.7658,-122.2305,W001,2013-09-18 13:29:54,397658N1222305W001,22N03W17E001M,4/9/2007,00:00,,,18.400,0.000,18.400,284.990,285.490,266.590,18.900,UNK - Unknown,Unknown,County of Glenn,Voluntary,MEASURED BY L.MESSINA-GLENN COUNTY4,9,2007
Glenn_01.01.2003-06.21.2013.csv,Glenn,39.7658,-122.2305,W001,2013-09-18 13:29:54,397658N1222305W001,22N03W17E001M,8/6/2007,00:00,,,15.700,0.000,15.700,284.990,285.490,269.290,16.200,UNK - Unknown,Unknown,County of Glenn,Voluntary,8,6,2007
Glenn_01.01.2003-06.21.2013.csv,Glenn,39.7658,-122.2305,W001,2013-09-18 13:29:54,397658N1222305W001,22N03W17E001M,10/15/2007,00:00,1 - Pumping,,NULL,NULL,NULL,284.990,285.490,NULL,NULL,,,County of Glenn,Voluntary,10,15,2007
Glenn_01.01.2003-06.21.2013.csv,Glenn,39.7658,-122.2305,W001,2013-09-18 13:29:54,397658N1222305W001,22N03W17E001M,3/13/2008,00:00,9 - Temporarily inaccessible,,NULL,NULL,NULL,284.990,285.490,NULL,NULL,,,County of Glenn,Voluntary,3,13,2008
Glenn_01.01.2003-06.21.2013.csv,Glenn,39.7658,-122.2305,W001,2013-09-18 13:29:54,397658N1222305W001,22N03W17E001M,8/5/2008,00:00,,,15.300,0.000,15.300,284.990,285.490,269.690,15.800,UNK - Unknown,Unknown,Department of Water Resources,Voluntary,8,5,2008
Glenn_01.01.2003-06.21.2013.csv,Glenn,39.7658,-122.2305,W001,2013-09-18 13:29:54,397658N1222305W001,22N03W17E001M,10/22/2008,00:00,,,15.600,0.000,15.600,284.990,285.490,269.390,16.100,UNK - Unknown,Unknown,Department of Water Resources,Voluntary,10,22,2008
Glenn_01.01.2003-06.21.2013.csv,Glenn,39.7658,-122.2305,W001,2013-09-18 13:29:54,397658N1222305W001,22N03W17E001M,1/12/2009,00:00,,,18.100,0.000,18.100,284.990,285.490,266.890,18.600,UNK - Unknown,Unknown,Department of Water Resources,Voluntary,1,12,2009
Glenn_01.01.2003-06.21.2013.csv,Glenn,39.7658,-122.2305,W001,2013-09-18 13:29:54,397658N1222305W001,22N03W17E001M,3/23/2009,00:00,,,13.300,0.000,13.300,284.990,285.490,271.690,13.800,UNK - Unknown,Unknown,Department of Water Resources,Voluntary,3,23,2009
Glenn_01.01.2003-06.21.2013.csv,Glenn,39.7658,-122.2305,W001,2013-09-18 13:29:54,397658N1222305W001,22N03W17E001M,5/13/2009,00:00,,,15.700,0.000,15.700,284.990,285.490,269.290,16.200,UNK - Unknown,Unknown,Department of Water Resources,Voluntary,5,13,2009
Glenn_01.01.2003-06.21.2013.csv,Glenn,39.7658,-122.2305,W001,2013-09-18 13:29:54,397658N1222305W001,22N03W17E001M,6/24/2009,00:00,,,16.900,0.000,16.900,284.990,285.490,268.090,17.400,UNK - Unknown,Unknown,Department of Water Resources,Voluntary,6,24,2009
Glenn_01.01.2003-06.21.2013.csv,Glenn,39.7658,-122.2305,W001,2013-09-18 13:29:54,397658N1222305W001,22N03W17E001M,8/5/2009,00:00,,,16.300,0.000,16.300,284.990,285.490,268.690,16.800,UNK - Unknown,Unknown,Department of Water Resources,Voluntary,8,5,2009
Glenn_01.01.2003-06.21.2013.csv,Glenn,39.7658,-122.2305,W001,2013-09-18 13:29:54,397658N1222305W001,22N03W17E001M,9/15/2009,00:00,9 - Temporarily inaccessible,,NULL,NULL,NULL,284.990,285.490,NULL,NULL,,,Department of Water Resources,Voluntary,9,15,2009
Glenn_01.01.2003-06.21.2013.csv,Glenn,39.7658,-122.2305,W001,2013-09-18 13:29:54,397658N1222305W001,22N03W17E001M,10/23/2009,00:00,9 - Temporarily inaccessible,,NULL,NULL,NULL,284.990,285.490,NULL,NULL,,,Department of Water Resources,Voluntary,10,23,2009
Glenn_01.01.2003-06.21.2013.csv,Glenn,39.7658,-122.2305,W001,2013-09-18 13:29:54,397658N1222305W001,22N03W17E001M,3/24/2010,00:00,5 - Unable to locate well,,NULL,NULL,NULL,284.990,285.490,NULL,NULL,,,Department of Water Resources,Voluntary,3,24,2010
Glenn_01.01.2003-06.21.2013.csv,Glenn,39.7658,-122.2305,W001,2013-09-18 13:29:54,397658N1222305W001,22N03W17E001M,8/2/2010,00:00,,,14.700,0.000,14.700,284.990,285.490,270.290,15.200,UNK - Unknown,Unknown,Department of Water Resources,Voluntary,8,2,2010
Glenn_01.01.2003-06.21.2013.csv,Glenn,39.7658,-122.2305,W001,2013-09-18 13:29:54,397658N1222305W001,22N03W17E001M,10/18/2010,00:00,,,14.600,0.000,14.600,284.990,285.490,270.390,15.100,UNK - Unknown,Unknown,Department of Water Resources,Voluntary,10,18,2010
Glenn_01.01.2003-06.21.2013.csv,Glenn,39.7658,-122.2305,W001,2013-09-18 13:29:54,397658N1222305W001,22N03W17E001M,4/5/2011,00:00,,,13.200,0.000,13.200,284.990,285.490,271.790,13.700,UNK - Unknown,Unknown,Department of Water Resources,Voluntary,4,5,2011
Glenn_01.01.2003-06.21.2013.csv,Glenn,39.7658,-122.2305,W001,2013-09-18 13:29:54,397658N1222305W001,22N03W17E001M,8/3/2011,00:00,,,15.900,0.000,15.900,284.990,285.490,269.090,16.400,UNK - Unknown,Unknown,Department of Water Resources,Voluntary,8,3,2011
Glenn_01.01.2003-06.21.2013.csv,Glenn,39.7658,-122.2305,W001,2013-09-18 13:29:54,397658N1222305W001,22N03W17E001M,10/12/2011,00:00,,,14.900,0.000,14.900,284.990,285.490,270.090,15.400,UNK - Unknown,Unknown,Department of Water Resources,Voluntary,10,12,2011
Glenn_01.01.2003-06.21.2013.csv,Glenn,39.7658,-122.2305,W001,2013-09-18 13:29:54,397658N1222305W001,22N03W17E001M,3/19/2013,00:00,,,20.000,5.200,14.800,284.990,285.490,270.190,15.300,ST - Steel tape measurement,0.1 Ft,Department of Water Resources,Voluntary,3,19,2013
Glenn_01.01.2003-06.21.2013.csv,Glenn,39.7682,-122.1364,W001,2013-09-18 13:29:54,397682N1221364W001,22N02W18C001M,10/12/2011,00:00,,,110.730,0.000,110.730,224.640,223.440,113.910,109.530,ES - Electric sounder measurement,0.01 Ft,Department of Water Resources,CASGEM,10,12,2011
Glenn_01.01.2003-06.21.2013.csv,Glenn,39.7682,-122.1364,W001,2013-09-18 13:29:54,397682N1221364W001,22N02W18C001M,3/30/2012,00:00,,,102.400,0.000,102.400,224.640,223.440,122.240,101.200,ES - Electric sounder measurement,0.01 Ft,Department of Water Resources,CASGEM,3,30,2012
Glenn_01.01.2003-06.21.2013.csv,Glenn,39.7682,-122.1364,W001,2013-09-18 13:29:54,397682N1221364W001,22N02W18C001M,8/1/2012,00:00,,,102.610,0.000,102.610,224.640,223.440,122.030,101.410,ES - Electric sounder measurement,0.01 Ft,Department of Water Resources,CASGEM,8,1,2012
Glenn_01.01.2003-06.21.2013.csv,Glenn,39.7682,-122.1364,W001,2013-09-18 13:29:54,397682N1221364W001,22N02W18C001M,10/17/2012,00:00,,,107.890,0.000,107.890,224.640,223.440,116.750,106.690,ES - Electric sounder measurement,0.01 Ft,Department of Water Resources,CASGEM,10,17,2012
Glenn_01.01.2003-06.21.2013.csv,Glenn,39.7682,-122.1364,W001,2013-09-18 13:29:54,397682N1221364W001,22N02W18C001M,2/14/2007,00:00,,,86.100,0.000,86.100,224.640,223.440,138.540,84.900,UNK - Unknown,Unknown,Department of Water Resources,Voluntary,NEW WELL2,14,2007
Glenn_01.01.2003-06.21.2013.csv,Glenn,39.7682,-122.1364,W001,2013-09-18 13:29:54,397682N1221364W001,22N02W18C001M,3/20/2007,00:00,,,84.300,0.000,84.300,224.640,223.440,140.340,83.100,UNK - Unknown,Unknown,Department of Water Resources,Voluntary,3,20,2007
Glenn_01.01.2003-06.21.2013.csv,Glenn,39.7682,-122.1364,W001,2013-09-18 13:29:54,397682N1221364W001,22N02W18C001M,4/16/2007,00:00,,,85.240,0.000,85.240,224.640,223.440,139.400,84.040,UNK - Unknown,Unknown,Department of Water Resources,Voluntary,4,16,2007
Glenn_01.01.2003-06.21.2013.csv,Glenn,39.7682,-122.1364,W001,2013-09-18 13:29:54,397682N1221364W001,22N02W18C001M,4/26/2007,00:00,,,85.500,0.000,85.500,224.640,223.440,139.140,84.300,UNK - Unknown,Unknown,Department of Water Resources,Voluntary,4,26,2007
Glenn_01.01.2003-06.21.2013.csv,Glenn,39.7682,-122.1364,W001,2013-09-18 13:29:54,397682N1221364W001,22N02W18C001M,5/1/2007,00:00,,,85.900,0.000,85.900,224.640,223.440,138.740,84.700,UNK - Unknown,Unknown,Department of Water Resources,Voluntary,5,1,2007
Glenn_01.01.2003-06.21.2013.csv,Glenn,39.7682,-122.1364,W001,2013-09-18 13:29:54,397682N1221364W001,22N02W18C001M,5/3/2007,00:00,,,86.200,0.000,86.200,224.640,223.440,138.440,85.000,UNK - Unknown,Unknown,Department of Water Resources,Voluntary,5,3,2007
Glenn_01.01.2003-06.21.2013.csv,Glenn,39.7682,-122.1364,W001,2013-09-18 13:29:54,397682N1221364W001,22N02W18C001M,5/18/2007,00:00,,,88.200,0.000,88.200,224.640,223.440,136.440,87.000,UNK - Unknown,Unknown,Department of Water Resources,Voluntary,5,18,2007
Glenn_01.01.2003-06.21.2013.csv,Glenn,39.7682,-122.1364,W001,2013-09-18 13:29:54,397682N1221364W001,22N02W18C001M,5/30/2007,00:00,,,90.300,0.000,90.300,224.640,223.440,134.340,89.100,UNK - Unknown,Unknown,Department of Water Resources,Voluntary,5,30,2007
Glenn_01.01.2003-06.21.2013.csv,Glenn,39.7682,-122.1364,W001,2013-09-18 13:29:54,397682N1221364W001,22N02W18C001M,5/31/2007,00:00,,,90.500,0.000,90.500,224.640,223.440,134.140,89.300,UNK - Unknown,Unknown,Department of Water Resources,Voluntary,5,31,2007
Glenn_01.01.2003-06.21.2013.csv,Glenn,39.7682,-122.1364,W001,2013-09-18 13:29:54,397682N1221364W001,22N02W18C001M,6/20/2007,00:00,,,92.900,0.000,92.900,224.640,223.440,131.740,91.700,UNK - Unknown,Unknown,Department of Water Resources,Voluntary,6,20,2007
Glenn_01.01.2003-06.21.2013.csv,Glenn,39.7682,-122.1364,W001,2013-09-18 13:29:54,397682N1221364W001,22N02W18C001M,8/10/2007,00:00,,,98.380,0.000,98.380,224.640,223.440,126.260,97.180,UNK - Unknown,Unknown,Department of Water Resources,Voluntary,8,10,2007
Glenn_01.01.2003-06.21.2013.csv,Glenn,39.7682,-122.1364,W001,2013-09-18 13:29:54,397682N1221364W001,22N02W18C001M,8/31/2007,00:00,,,100.250,0.000,100.250,224.640,223.440,124.390,99.050,UNK - Unknown,Unknown,Department of Water Resources,Voluntary,8,31,2007
Glenn_01.01.2003-06.21.2013.csv,Glenn,39.7682,-122.1364,W001,2013-09-18 13:29:54,397682N1221364W001,22N02W18C001M,10/15/2007,00:00,,,101.680,0.000,101.680,224.640,223.440,122.960,100.480,UNK - Unknown,Unknown,Department of Water Resources,Voluntary,10,15,2007
Glenn_01.01.2003-06.21.2013.csv,Glenn,39.7682,-122.1364,W001,2013-09-18 13:29:54,397682N1221364W001,22N02W18C001M,1/15/2008,00:00,,,96.410,0.000,96.410,224.640,223.440,128.230,95.210,UNK - Unknown,Unknown,Department of Water Resources,Voluntary,1,15,2008
Glenn_01.01.2003-06.21.2013.csv,Glenn,39.7682,-122.1364,W001,2013-09-18 13:29:54,397682N1221364W001,22N02W18C001M,3/13/2008,00:00,,,92.140,0.000,92.140,224.640,223.440,132.500,90.940,UNK - Unknown,Unknown,Department of Water Resources,Voluntary,3,13,2008
Glenn_01.01.2003-06.21.2013.csv,Glenn,39.7682,-122.1364,W001,2013-09-18 13:29:54,397682N1221364W001,22N02W18C001M,7/16/2008,00:00,,,97.520,0.000,97.520,224.640,223.440,127.120,96.320,UNK - Unknown,Unknown,Department of Water Resources,Voluntary,7,16,2008
Glenn_01.01.2003-06.21.2013.csv,Glenn,39.7682,-122.1364,W001,2013-09-18 13:29:54,397682N1221364W001,22N02W18C001M,8/5/2008,00:00,,,101.470,0.000,101.470,224.640,223.440,123.170,100.270,UNK - Unknown,Unknown,Department of Water Resources,Voluntary,8,5,2008
Glenn_01.01.2003-06.21.2013.csv,Glenn,39.7682,-122.1364,W001,2013-09-18 13:29:54,397682N1221364W001,22N02W18C001M,10/22/2008,00:00,,,107.450,0.000,107.450,224.640,223.440,117.190,106.250,UNK - Unknown,Unknown,Department of Water Resources,Voluntary,10,22,2008
Glenn_01.01.2003-06.21.2013.csv,Glenn,39.7682,-122.1364,W001,2013-09-18 13:29:54,397682N1221364W001,22N02W18C001M,1/12/2009,00:00,,,102.430,0.000,102.430,224.640,223.440,122.210,101.230,UNK - Unknown,Unknown,Department of Water Resources,Voluntary,1,12,2009
Glenn_01.01.2003-06.21.2013.csv,Glenn,39.7682,-122.1364,W001,2013-09-18 13:29:54,397682N1221364W001,22N02W18C001M,3/23/2009,00:00,,,97.980,0.000,97.980,224.640,223.440,126.660,96.780,UNK - Unknown,Unknown,Department of Water Resources,Voluntary,3,23,2009
Glenn_01.01.2003-06.21.2013.csv,Glenn,39.7682,-122.1364,W001,2013-09-18 13:29:54,397682N1221364W001,22N02W18C001M,5/15/2009,00:00,,,95.970,0.000,95.970,224.640,223.440,128.670,94.770,UNK - Unknown,Unknown,Department of Water Resources,Voluntary,5,15,2009
Glenn_01.01.2003-06.21.2013.csv,Glenn,39.7682,-122.1364,W001,2013-09-18 13:29:54,397682N1221364W001,22N02W18C001M,6/26/2009,00:00,,2 - Nearby pump operating,98.950,0.000,98.950,224.640,223.440,125.690,97.750,UNK - Unknown,Unknown,Department of Water Resources,Voluntary,6,26,2009
Glenn_01.01.2003-06.21.2013.csv,Glenn,39.7682,-122.1364,W001,2013-09-18 13:29:54,397682N1221364W001,22N02W18C001M,8/10/2009,00:00,,,107.770,0.000,107.770,224.640,223.440,116.870,106.570,UNK - Unknown,Unknown,Department of Water Resources,Voluntary,8,10,2009
Glenn_01.01.2003-06.21.2013.csv,Glenn,39.7682,-122.1364,W001,2013-09-18 13:29:54,397682N1221364W001,22N02W18C001M,9/16/2009,00:00,,,114.230,0.000,114.230,224.640,223.440,110.410,113.030,UNK - Unknown,Unknown,Department of Water Resources,Voluntary,9,16,2009
Glenn_01.01.2003-06.21.2013.csv,Glenn,39.7682,-122.1364,W001,2013-09-18 13:29:54,397682N1221364W001,22N02W18C001M,10/23/2009,00:00,,,113.440,0.000,113.440,224.640,223.440,111.200,112.240,UNK - Unknown,Unknown,Department of Water Resources,Voluntary,10,23,2009
Glenn_01.01.2003-06.21.2013.csv,Glenn,39.7682,-122.1364,W001,2013-09-18 13:29:54,397682N1221364W001,22N02W18C001M,3/22/2010,00:00,,,101.370,0.000,101.370,224.640,223.440,123.270,100.170,UNK - Unknown,Unknown,Department of Water Resources,Voluntary,3,22,2010
Glenn_01.01.2003-06.21.2013.csv,Glenn,39.7682,-122.1364,W001,2013-09-18 13:29:54,397682N1221364W001,22N02W18C001M,8/2/2010,00:00,,,96.690,0.000,96.690,224.640,223.440,127.950,95.490,UNK - Unknown,Unknown,Department of Water Resources,Voluntary,8,2,2010
Glenn_01.01.2003-06.21.2013.csv,Glenn,39.7682,-122.1364,W001,2013-09-18 13:29:54,397682N1221364W001,22N02W18C001M,10/18/2010,00:00,,,101.700,0.000,101.700,224.640,223.440,122.940,100.500,UNK - Unknown,Unknown,Department of Water Resources,Voluntary,10,18,2010
Glenn_01.01.2003-06.21.2013.csv,Glenn,39.7682,-122.1364,W001,2013-09-18 13:29:54,397682N1221364W001,22N02W18C001M,1/18/2011,00:00,,,100.200,0.000,100.200,224.640,223.440,124.440,99.000,UNK - Unknown,Unknown,Department of Water Resources,Voluntary,1,18,2011
Glenn_01.01.2003-06.21.2013.csv,Glenn,39.7682,-122.1364,W001,2013-09-18 13:29:54,397682N1221364W001,22N02W18C001M,2/14/2011,00:00,,,100.700,0.000,100.700,224.640,223.440,123.940,99.500,UNK - Unknown,Unknown,Department of Water Resources,Voluntary,2,14,2011
Glenn_01.01.2003-06.21.2013.csv,Glenn,39.7682,-122.1364,W001,2013-09-18 13:29:54,397682N1221364W001,22N02W18C001M,2/23/2011,00:00,,,104.800,0.000,104.800,224.640,223.440,119.840,103.600,UNK - Unknown,Unknown,Department of Water Resources,Voluntary,2,23,2011
Glenn_01.01.2003-06.21.2013.csv,Glenn,39.7682,-122.1364,W001,2013-09-18 13:29:54,397682N1221364W001,22N02W18C001M,3/1/2011,00:00,,,106.870,0.000,106.870,224.640,223.440,117.770,105.670,UNK - Unknown,Unknown,Department of Water Resources,Voluntary,3,1,2011
Glenn_01.01.2003-06.21.2013.csv,Glenn,39.7682,-122.1364,W001,2013-09-18 13:29:54,397682N1221364W001,22N02W18C001M,3/10/2011,00:00,,,109.180,0.000,109.180,224.640,223.440,115.460,107.980,UNK - Unknown,Unknown,Department of Water Resources,Voluntary,3,10,2011
Glenn_01.01.2003-06.21.2013.csv,Glenn,39.7682,-122.1364,W001,2013-09-18 13:29:54,397682N1221364W001,22N02W18C001M,4/5/2011,00:00,,,102.590,0.000,102.590,224.640,223.440,122.050,101.390,UNK - Unknown,Unknown,Department of Water Resources,Voluntary,4,5,2011
Glenn_01.01.2003-06.21.2013.csv,Glenn,39.7682,-122.1364,W001,2013-09-18 13:29:54,397682N1221364W001,22N02W18C001M,8/1/2011,00:00,,,98.020,0.000,98.020,224.640,223.440,126.620,96.820,UNK - Unknown,Unknown,Department of Water Resources,Voluntary,8,1,2011
Glenn_01.01.2003-06.21.2013.csv,Glenn,39.7682,-122.1364,W001,2013-09-18 13:29:54,397682N1221364W001,22N02W18C001M,10/12/2011,00:00,,,110.730,0.000,110.730,224.640,223.440,113.910,109.530,UNK - Unknown,Unknown,Department of Water Resources,Voluntary,10,12,2011
Glenn_01.01.2003-06.21.2013.csv,Glenn,39.7682,-122.1364,W001,2013-09-18 13:29:54,397682N1221364W001,22N02W18C001M,11/28/2011,00:00,,,115.570,0.000,115.570,224.640,223.440,109.070,114.370,UNK - Unknown,Unknown,Department of Water Resources,Voluntary,11,28,2011
Glenn_01.01.2003-06.21.2013.csv,Glenn,39.7682,-122.1364,W001,2013-09-18 13:29:54,397682N1221364W001,22N02W18C001M,3/19/2013,00:00,,,103.170,0.000,103.170,224.640,223.440,121.470,101.970,ES - Electric sounder measurement,0.01 Ft,Department of Water Resources,CASGEM,3,19,2013
Glenn_01.01.2003-06.21.2013.csv,Glenn,39.7682,-122.1364,W002,2013-09-18 13:29:54,397682N1221364W002,22N02W18C002M,10/12/2011,00:00,,,58.630,0.000,58.630,224.840,223.440,166.210,57.230,ES - Electric sounder measurement,0.01 Ft,Department of Water Resources,CASGEM,10,12,2011
Glenn_01.01.2003-06.21.2013.csv,Glenn,39.7682,-122.1364,W002,2013-09-18 13:29:54,397682N1221364W002,22N02W18C002M,3/30/2012,00:00,,,45.920,0.000,45.920,224.840,223.440,178.920,44.520,ES - Electric sounder measurement,0.01 Ft,Department of Water Resources,CASGEM,3,30,2012
Glenn_01.01.2003-06.21.2013.csv,Glenn,39.7682,-122.1364,W002,2013-09-18 13:29:54,397682N1221364W002,22N02W18C002M,8/1/2012,00:00,,,89.810,0.000,89.810,224.840,223.440,135.030,88.410,ES - Electric sounder measurement,0.01 Ft,Department of Water Resources,CASGEM,8,1,2012
Glenn_01.01.2003-06.21.2013.csv,Glenn,39.7682,-122.1364,W002,2013-09-18 13:29:54,397682N1221364W002,22N02W18C002M,10/17/2012,00:00,,,70.660,0.000,70.660,224.840,223.440,154.180,69.260,ES - Electric sounder measurement,0.01 Ft,Department of Water Resources,CASGEM,10,17,2012
Glenn_01.01.2003-06.21.2013.csv,Glenn,39.7682,-122.1364,W002,2013-09-18 13:29:54,397682N1221364W002,22N02W18C002M,2/14/2007,00:00,,,44.410,0.000,44.410,224.840,223.440,180.430,43.010,UNK - Unknown,Unknown,Department of Water Resources,Voluntary,NEW WELL2,14,2007
Glenn_01.01.2003-06.21.2013.csv,Glenn,39.7682,-122.1364,W002,2013-09-18 13:29:54,397682N1221364W002,22N02W18C002M,3/20/2007,00:00,,,47.720,0.000,47.720,224.840,223.440,177.120,46.320,UNK - Unknown,Unknown,Department of Water Resources,Voluntary,3,20,2007
Glenn_01.01.2003-06.21.2013.csv,Glenn,39.7682,-122.1364,W002,2013-09-18 13:29:54,397682N1221364W002,22N02W18C002M,4/16/2007,00:00,,,55.200,0.000,55.200,224.840,223.440,169.640,53.800,UNK - Unknown,Unknown,Department of Water Resources,Voluntary,4,16,2007
Glenn_01.01.2003-06.21.2013.csv,Glenn,39.7682,-122.1364,W002,2013-09-18 13:29:54,397682N1221364W002,22N02W18C002M,4/26/2007,00:00,,,55.300,0.000,55.300,224.840,223.440,169.540,53.900,UNK - Unknown,Unknown,Department of Water Resources,Voluntary,4,26,2007
Glenn_01.01.2003-06.21.2013.csv,Glenn,39.7682,-122.1364,W002,2013-09-18 13:29:54,397682N1221364W002,22N02W18C002M,5/1/2007,00:00,,,59.800,0.000,59.800,224.840,223.440,165.040,58.400,UNK - Unknown,Unknown,Department of Water Resources,Voluntary,5,1,2007
Glenn_01.01.2003-06.21.2013.csv,Glenn,39.7682,-122.1364,W002,2013-09-18 13:29:54,397682N1221364W002,22N02W18C002M,5/18/2007,00:00,,,66.900,0.000,66.900,224.840,223.440,157.940,65.500,UNK - Unknown,Unknown,Department of Water Resources,Voluntary,5,18,2007
Glenn_01.01.2003-06.21.2013.csv,Glenn,39.7682,-122.1364,W002,2013-09-18 13:29:54,397682N1221364W002,22N02W18C002M,5/30/2007,00:00,,,79.300,0.000,79.300,224.840,223.440,145.540,77.900,UNK - Unknown,Unknown,Department of Water Resources,Voluntary,5,30,2007
Glenn_01.01.2003-06.21.2013.csv,Glenn,39.7682,-122.1364,W002,2013-09-18 13:29:54,397682N1221364W002,22N02W18C002M,5/31/2007,00:00,,,79.000,0.000,79.000,224.840,223.440,145.840,77.600,UNK - Unknown,Unknown,Department of Water Resources,Voluntary,5,31,2007
Glenn_01.01.2003-06.21.2013.csv,Glenn,39.7682,-122.1364,W002,2013-09-18 13:29:54,397682N1221364W002,22N02W18C002M,6/20/2007,00:00,,,86.000,0.000,86.000,224.840,223.440,138.840,84.600,UNK - Unknown,Unknown,Department of Water Resources,Voluntary,6,20,2007
Glenn_01.01.2003-06.21.2013.csv,Glenn,39.7682,-122.1364,W002,2013-09-18 13:29:54,397682N1221364W002,22N02W18C002M,8/10/2007,00:00,,,86.530,0.000,86.530,224.840,223.440,138.310,85.130,UNK - Unknown,Unknown,Department of Water Resources,Voluntary,8,10,2007
Glenn_01.01.2003-06.21.2013.csv,Glenn,39.7682,-122.1364,W002,2013-09-18 13:29:54,397682N1221364W002,22N02W18C002M,8/31/2007,00:00,,,83.570,0.000,83.570,224.840,223.440,141.270,82.170,UNK - Unknown,Unknown,Department of Water Resources,Voluntary,8,31,2007
Glenn_01.01.2003-06.21.2013.csv,Glenn,39.7682,-122.1364,W002,2013-09-18 13:29:54,397682N1221364W002,22N02W18C002M,10/15/2007,00:00,,,61.190,0.000,61.190,224.840,223.440,163.650,59.790,UNK - Unknown,Unknown,Department of Water Resources,Voluntary,10,15,2007
Glenn_01.01.2003-06.21.2013.csv,Glenn,39.7682,-122.1364,W002,2013-09-18 13:29:54,397682N1221364W002,22N02W18C002M,1/15/2008,00:00,,,49.290,0.000,49.290,224.840,223.440,175.550,47.890,UNK - Unknown,Unknown,Department of Water Resources,Voluntary,1,15,2008
Glenn_01.01.2003-06.21.2013.csv,Glenn,39.7682,-122.1364,W002,2013-09-18 13:29:54,397682N1221364W002,22N02W18C002M,3/13/2008,00:00,,,43.430,0.000,43.430,224.840,223.440,181.410,42.030,UNK - Unknown,Unknown,Department of Water Resources,Voluntary,3,13,2008
Glenn_01.01.2003-06.21.2013.csv,Glenn,39.7682,-122.1364,W002,2013-09-18 13:29:54,397682N1221364W002,22N02W18C002M,7/16/2008,00:00,,,84.430,0.000,84.430,224.840,223.440,140.410,83.030,UNK - Unknown,Unknown,Department of Water Resources,Voluntary,7,16,2008
Glenn_01.01.2003-06.21.2013.csv,Glenn,39.7682,-122.1364,W002,2013-09-18 13:29:54,397682N1221364W002,22N02W18C002M,8/5/2008,00:00,,,85.420,0.000,85.420,224.840,223.440,139.420,84.020,UNK - Unknown,Unknown,Department of Water Resources,Voluntary,8,5,2008
Glenn_01.01.2003-06.21.2013.csv,Glenn,39.7682,-122.1364,W002,2013-09-18 13:29:54,397682N1221364W002,22N02W18C002M,10/22/2008,00:00,,,65.320,0.000,65.320,224.840,223.440,159.520,63.920,UNK - Unknown,Unknown,Department of Water Resources,Voluntary,10,22,2008
Glenn_01.01.2003-06.21.2013.csv,Glenn,39.7682,-122.1364,W002,2013-09-18 13:29:54,397682N1221364W002,22N02W18C002M,1/12/2009,00:00,,,50.700,0.000,50.700,224.840,223.440,174.140,49.300,UNK - Unknown,Unknown,Department of Water Resources,Voluntary,1,12,2009
Glenn_01.01.2003-06.21.2013.csv,Glenn,39.7682,-122.1364,W002,2013-09-18 13:29:54,397682N1221364W002,22N02W18C002M,3/23/2009,00:00,,,45.920,0.000,45.920,224.840,223.440,178.920,44.520,UNK - Unknown,Unknown,Department of Water Resources,Voluntary,3,23,2009
Glenn_01.01.2003-06.21.2013.csv,Glenn,39.7682,-122.1364,W002,2013-09-18 13:29:54,397682N1221364W002,22N02W18C002M,5/15/2009,00:00,,,65.500,0.000,65.500,224.840,223.440,159.340,64.100,UNK - Unknown,Unknown,Department of Water Resources,Voluntary,5,15,2009
Glenn_01.01.2003-06.21.2013.csv,Glenn,39.7682,-122.1364,W002,2013-09-18 13:29:54,397682N1221364W002,22N02W18C002M,6/26/2009,00:00,,2 - Nearby pump operating,84.600,0.000,84.600,224.840,223.440,140.240,83.200,UNK - Unknown,Unknown,Department of Water Resources,Voluntary,6,26,2009
Glenn_01.01.2003-06.21.2013.csv,Glenn,39.7682,-122.1364,W002,2013-09-18 13:29:54,397682N1221364W002,22N02W18C002M,8/10/2009,00:00,,,91.850,0.000,91.850,224.840,223.440,132.990,90.450,UNK - Unknown,Unknown,Department of Water Resources,Voluntary,8,10,2009
Glenn_01.01.2003-06.21.2013.csv,Glenn,39.7682,-122.1364,W002,2013-09-18 13:29:54,397682N1221364W002,22N02W18C002M,9/16/2009,00:00,,,78.310,0.000,78.310,224.840,223.440,146.530,76.910,UNK - Unknown,Unknown,Department of Water Resources,Voluntary,9,16,2009
Glenn_01.01.2003-06.21.2013.csv,Glenn,39.7682,-122.1364,W002,2013-09-18 13:29:54,397682N1221364W002,22N02W18C002M,10/23/2009,00:00,,,63.670,0.000,63.670,224.840,223.440,161.170,62.270,UNK - Unknown,Unknown,Department of Water Resources,Voluntary,10,23,2009
Glenn_01.01.2003-06.21.2013.csv,Glenn,39.7682,-122.1364,W002,2013-09-18 13:29:54,397682N1221364W002,22N02W18C002M,3/22/2010,00:00,,,43.350,0.000,43.350,224.840,223.440,181.490,41.950,UNK - Unknown,Unknown,Department of Water Resources,Voluntary,3,22,2010
Glenn_01.01.2003-06.21.2013.csv,Glenn,39.7682,-122.1364,W002,2013-09-18 13:29:54,397682N1221364W002,22N02W18C002M,8/2/2010,00:00,,,92.260,0.000,92.260,224.840,223.440,132.580,90.860,UNK - Unknown,Unknown,Department of Water Resources,Voluntary,8,2,2010
Glenn_01.01.2003-06.21.2013.csv,Glenn,39.7682,-122.1364,W002,2013-09-18 13:29:54,397682N1221364W002,22N02W18C002M,10/18/2010,00:00,,,64.820,0.000,64.820,224.840,223.440,160.020,63.420,UNK - Unknown,Unknown,Department of Water Resources,Voluntary,10,18,2010
Glenn_01.01.2003-06.21.2013.csv,Glenn,39.7682,-122.1364,W002,2013-09-18 13:29:54,397682N1221364W002,22N02W18C002M,1/18/2011,00:00,,,46.670,0.000,46.670,224.840,223.440,178.170,45.270,UNK - Unknown,Unknown,Department of Water Resources,Voluntary,1,18,2011
Glenn_01.01.2003-06.21.2013.csv,Glenn,39.7682,-122.1364,W002,2013-09-18 13:29:54,397682N1221364W002,22N02W18C002M,2/14/2011,00:00,,,44.200,0.000,44.200,224.840,223.440,180.640,42.800,UNK - Unknown,Unknown,Department of Water Resources,Voluntary,2,14,2011
Glenn_01.01.2003-06.21.2013.csv,Glenn,39.7682,-122.1364,W002,2013-09-18 13:29:54,397682N1221364W002,22N02W18C002M,2/23/2011,00:00,,,44.540,0.000,44.540,224.840,223.440,180.300,43.140,UNK - Unknown,Unknown,Department of Water Resources,Voluntary,2,23,2011
Glenn_01.01.2003-06.21.2013.csv,Glenn,39.7682,-122.1364,W002,2013-09-18 13:29:54,397682N1221364W002,22N02W18C002M,3/1/2011,00:00,,,45.300,0.000,45.300,224.840,223.440,179.540,43.900,UNK - Unknown,Unknown,Department of Water Resources,Voluntary,3,1,2011
Glenn_01.01.2003-06.21.2013.csv,Glenn,39.7682,-122.1364,W002,2013-09-18 13:29:54,397682N1221364W002,22N02W18C002M,3/10/2011,00:00,,,43.580,0.000,43.580,224.840,223.440,181.260,42.180,UNK - Unknown,Unknown,Department of Water Resources,Voluntary,3,10,2011
Glenn_01.01.2003-06.21.2013.csv,Glenn,39.7682,-122.1364,W002,2013-09-18 13:29:54,397682N1221364W002,22N02W18C002M,4/5/2011,00:00,,,40.900,0.000,40.900,224.840,223.440,183.940,39.500,UNK - Unknown,Unknown,Department of Water Resources,Voluntary,4,5,2011
Glenn_01.01.2003-06.21.2013.csv,Glenn,39.7682,-122.1364,W002,2013-09-18 13:29:54,397682N1221364W002,22N02W18C002M,8/1/2011,00:00,,,82.040,0.000,82.040,224.840,223.440,142.800,80.640,UNK - Unknown,Unknown,Department of Water Resources,Voluntary,8,1,2011
Glenn_01.01.2003-06.21.2013.csv,Glenn,39.7682,-122.1364,W002,2013-09-18 13:29:54,397682N1221364W002,22N02W18C002M,10/12/2011,00:00,,,58.630,0.000,58.630,224.840,223.440,166.210,57.230,UNK - Unknown,Unknown,Department of Water Resources,Voluntary,10,12,2011
Glenn_01.01.2003-06.21.2013.csv,Glenn,39.7682,-122.1364,W002,2013-09-18 13:29:54,397682N1221364W002,22N02W18C002M,11/28/2011,00:00,,,50.340,0.000,50.340,224.840,223.440,174.500,48.940,UNK - Unknown,Unknown,Department of Water Resources,Voluntary,11,28,2011
Glenn_01.01.2003-06.21.2013.csv,Glenn,39.7682,-122.1364,W002,2013-09-18 13:29:54,397682N1221364W002,22N02W18C002M,3/19/2013,00:00,,,49.840,0.000,49.840,224.840,223.440,175.000,48.440,ES - Electric sounder measurement,0.01 Ft,Department of Water Resources,CASGEM,3,19,2013
Glenn_01.01.2003-06.21.2013.csv,Glenn,39.7682,-122.1364,W003,2013-09-18 13:29:54,397682N1221364W003,22N02W18C003M,10/12/2011,00:00,,,49.470,0.000,49.470,225.540,223.440,176.070,47.370,ES - Electric sounder measurement,0.01 Ft,Department of Water Resources,CASGEM,10,12,2011
Glenn_01.01.2003-06.21.2013.csv,Glenn,39.7682,-122.1364,W003,2013-09-18 13:29:54,397682N1221364W003,22N02W18C003M,3/30/2012,00:00,,,42.760,0.000,42.760,225.540,223.440,182.780,40.660,ES - Electric sounder measurement,0.01 Ft,Department of Water Resources,CASGEM,3,30,2012
Glenn_01.01.2003-06.21.2013.csv,Glenn,39.7682,-122.1364,W003,2013-09-18 13:29:54,397682N1221364W003,22N02W18C003M,8/1/2012,00:00,,,85.890,0.000,85.890,225.540,223.440,139.650,83.790,ES - Electric sounder measurement,0.01 Ft,Department of Water Resources,CASGEM,8,1,2012
Glenn_01.01.2003-06.21.2013.csv,Glenn,39.7682,-122.1364,W003,2013-09-18 13:29:54,397682N1221364W003,22N02W18C003M,10/17/2012,00:00,,,65.590,0.000,65.590,225.540,223.440,159.950,63.490,ES - Electric sounder measurement,0.01 Ft,Department of Water Resources,CASGEM,10,17,2012
Glenn_01.01.2003-06.21.2013.csv,Glenn,39.7682,-122.1364,W003,2013-09-18 13:29:54,397682N1221364W003,22N02W18C003M,2/14/2007,00:00,,,40.120,0.000,40.120,225.540,223.440,185.420,38.020,UNK - Unknown,Unknown,Department of Water Resources,Voluntary,NEW WELL2,14,2007
Glenn_01.01.2003-06.21.2013.csv,Glenn,39.7682,-122.1364,W003,2013-09-18 13:29:54,397682N1221364W003,22N02W18C003M,3/20/2007,00:00,,,48.640,0.000,48.640,225.540,223.440,176.900,46.540,UNK - Unknown,Unknown,Department of Water Resources,Voluntary,3,20,2007
Glenn_01.01.2003-06.21.2013.csv,Glenn,39.7682,-122.1364,W003,2013-09-18 13:29:54,397682N1221364W003,22N02W18C003M,4/16/2007,00:00,,,49.200,0.000,49.200,225.540,223.440,176.340,47.100,UNK - Unknown,Unknown,Department of Water Resources,Voluntary,4,16,2007
Glenn_01.01.2003-06.21.2013.csv,Glenn,39.7682,-122.1364,W003,2013-09-18 13:29:54,397682N1221364W003,22N02W18C003M,4/26/2007,00:00,,,53.400,0.000,53.400,225.540,223.440,172.140,51.300,UNK - Unknown,Unknown,Department of Water Resources,Voluntary,4,26,2007
Glenn_01.01.2003-06.21.2013.csv,Glenn,39.7682,-122.1364,W003,2013-09-18 13:29:54,397682N1221364W003,22N02W18C003M,5/1/2007,00:00,,,59.000,0.000,59.000,225.540,223.440,166.540,56.900,UNK - Unknown,Unknown,Department of Water Resources,Voluntary,5,1,2007
Glenn_01.01.2003-06.21.2013.csv,Glenn,39.7682,-122.1364,W003,2013-09-18 13:29:54,397682N1221364W003,22N02W18C003M,5/18/2007,00:00,,,67.700,0.000,67.700,225.540,223.440,157.840,65.600,UNK - Unknown,Unknown,Department of Water Resources,Voluntary,5,18,2007
Glenn_01.01.2003-06.21.2013.csv,Glenn,39.7682,-122.1364,W003,2013-09-18 13:29:54,397682N1221364W003,22N02W18C003M,5/30/2007,00:00,,,77.500,0.000,77.500,225.540,223.440,148.040,75.400,UNK - Unknown,Unknown,Department of Water Resources,Voluntary,5,30,2007
Glenn_01.01.2003-06.21.2013.csv,Glenn,39.7682,-122.1364,W003,2013-09-18 13:29:54,397682N1221364W003,22N02W18C003M,6/20/2007,00:00,,,75.200,0.000,75.200,225.540,223.440,150.340,73.100,UNK - Unknown,Unknown,Department of Water Resources,Voluntary,6,20,2007
Glenn_01.01.2003-06.21.2013.csv,Glenn,39.7682,-122.1364,W003,2013-09-18 13:29:54,397682N1221364W003,22N02W18C003M,8/10/2007,00:00,,,76.250,0.000,76.250,225.540,223.440,149.290,74.150,UNK - Unknown,Unknown,Department of Water Resources,Voluntary,8,10,2007
Glenn_01.01.2003-06.21.2013.csv,Glenn,39.7682,-122.1364,W003,2013-09-18 13:29:54,397682N1221364W003,22N02W18C003M,8/31/2007,00:00,,,74.130,0.000,74.130,225.540,223.440,151.410,72.030,UNK - Unknown,Unknown,Department of Water Resources,Voluntary,8,31,2007
Glenn_01.01.2003-06.21.2013.csv,Glenn,39.7682,-122.1364,W003,2013-09-18 13:29:54,397682N1221364W003,22N02W18C003M,10/15/2007,00:00,,,51.400,0.000,51.400,225.540,223.440,174.140,49.300,UNK - Unknown,Unknown,Department of Water Resources,Voluntary,10,15,2007
Glenn_01.01.2003-06.21.2013.csv,Glenn,39.7682,-122.1364,W003,2013-09-18 13:29:54,397682N1221364W003,22N02W18C003M,1/15/2008,00:00,,,44.500,0.000,44.500,225.540,223.440,181.040,42.400,UNK - Unknown,Unknown,Department of Water Resources,Voluntary,1,15,2008
Glenn_01.01.2003-06.21.2013.csv,Glenn,39.7682,-122.1364,W003,2013-09-18 13:29:54,397682N1221364W003,22N02W18C003M,3/13/2008,00:00,,,39.060,0.000,39.060,225.540,223.440,186.480,36.960,UNK - Unknown,Unknown,Department of Water Resources,Voluntary,3,13,2008
Glenn_01.01.2003-06.21.2013.csv,Glenn,39.7682,-122.1364,W003,2013-09-18 13:29:54,397682N1221364W003,22N02W18C003M,7/16/2008,00:00,,,78.320,0.000,78.320,225.540,223.440,147.220,76.220,UNK - Unknown,Unknown,Department of Water Resources,Voluntary,7,16,2008
Glenn_01.01.2003-06.21.2013.csv,Glenn,39.7682,-122.1364,W003,2013-09-18 13:29:54,397682N1221364W003,22N02W18C003M,8/5/2008,00:00,,,78.690,0.000,78.690,225.540,223.440,146.850,76.590,UNK - Unknown,Unknown,Department of Water Resources,Voluntary,8,5,2008
Glenn_01.01.2003-06.21.2013.csv,Glenn,39.7682,-122.1364,W003,2013-09-18 13:29:54,397682N1221364W003,22N02W18C003M,10/22/2008,00:00,,,59.860,0.000,59.860,225.540,223.440,165.680,57.760,UNK - Unknown,Unknown,Department of Water Resources,Voluntary,10,22,2008
Glenn_01.01.2003-06.21.2013.csv,Glenn,39.7682,-122.1364,W003,2013-09-18 13:29:54,397682N1221364W003,22N02W18C003M,1/12/2009,00:00,,,47.110,0.000,47.110,225.540,223.440,178.430,45.010,UNK - Unknown,Unknown,Department of Water Resources,Voluntary,1,12,2009
Glenn_01.01.2003-06.21.2013.csv,Glenn,39.7682,-122.1364,W003,2013-09-18 13:29:54,397682N1221364W003,22N02W18C003M,3/23/2009,00:00,,,40.680,0.000,40.680,225.540,223.440,184.860,38.580,UNK - Unknown,Unknown,Department of Water Resources,Voluntary,3,23,2009
Glenn_01.01.2003-06.21.2013.csv,Glenn,39.7682,-122.1364,W003,2013-09-18 13:29:54,397682N1221364W003,22N02W18C003M,5/15/2009,00:00,,,64.930,0.000,64.930,225.540,223.440,160.610,62.830,UNK - Unknown,Unknown,Department of Water Resources,Voluntary,5,15,2009
Glenn_01.01.2003-06.21.2013.csv,Glenn,39.7682,-122.1364,W003,2013-09-18 13:29:54,397682N1221364W003,22N02W18C003M,6/26/2009,00:00,,2 - Nearby pump operating,79.100,0.000,79.100,225.540,223.440,146.440,77.000,UNK - Unknown,Unknown,Department of Water Resources,Voluntary,6,26,2009
Glenn_01.01.2003-06.21.2013.csv,Glenn,39.7682,-122.1364,W003,2013-09-18 13:29:54,397682N1221364W003,22N02W18C003M,8/10/2009,00:00,,,83.150,0.000,83.150,225.540,223.440,142.390,81.050,UNK - Unknown,Unknown,Department of Water Resources,Voluntary,8,10,2009
Glenn_01.01.2003-06.21.2013.csv,Glenn,39.7682,-122.1364,W003,2013-09-18 13:29:54,397682N1221364W003,22N02W18C003M,9/16/2009,00:00,,,70.060,0.000,70.060,225.540,223.440,155.480,67.960,UNK - Unknown,Unknown,Department of Water Resources,Voluntary,9,16,2009
Glenn_01.01.2003-06.21.2013.csv,Glenn,39.7682,-122.1364,W003,2013-09-18 13:29:54,397682N1221364W003,22N02W18C003M,10/23/2009,00:00,,,52.990,0.000,52.990,225.540,223.440,172.550,50.890,UNK - Unknown,Unknown,Department of Water Resources,Voluntary,10,23,2009
Glenn_01.01.2003-06.21.2013.csv,Glenn,39.7682,-122.1364,W003,2013-09-18 13:29:54,397682N1221364W003,22N02W18C003M,3/22/2010,00:00,,,40.160,0.000,40.160,225.540,223.440,185.380,38.060,UNK - Unknown,Unknown,Department of Water Resources,Voluntary,3,22,2010
Glenn_01.01.2003-06.21.2013.csv,Glenn,39.7682,-122.1364,W003,2013-09-18 13:29:54,397682N1221364W003,22N02W18C003M,8/2/2010,00:00,,,80.950,0.000,80.950,225.540,223.440,144.590,78.850,UNK - Unknown,Unknown,Department of Water Resources,Voluntary,8,2,2010
Glenn_01.01.2003-06.21.2013.csv,Glenn,39.7682,-122.1364,W003,2013-09-18 13:29:54,397682N1221364W003,22N02W18C003M,10/18/2010,00:00,,,59.980,0.000,59.980,225.540,223.440,165.560,57.880,UNK - Unknown,Unknown,Department of Water Resources,Voluntary,10,18,2010
Glenn_01.01.2003-06.21.2013.csv,Glenn,39.7682,-122.1364,W003,2013-09-18 13:29:54,397682N1221364W003,22N02W18C003M,1/18/2011,00:00,,,41.590,0.000,41.590,225.540,223.440,183.950,39.490,UNK - Unknown,Unknown,Department of Water Resources,Voluntary,1,18,2011
Glenn_01.01.2003-06.21.2013.csv,Glenn,39.7682,-122.1364,W003,2013-09-18 13:29:54,397682N1221364W003,22N02W18C003M,2/14/2011,00:00,,,40.970,0.000,40.970,225.540,223.440,184.570,38.870,UNK - Unknown,Unknown,Department of Water Resources,Voluntary,2,14,2011
Glenn_01.01.2003-06.21.2013.csv,Glenn,39.7682,-122.1364,W003,2013-09-18 13:29:54,397682N1221364W003,22N02W18C003M,2/23/2011,00:00,,,41.680,0.000,41.680,225.540,223.440,183.860,39.580,UNK - Unknown,Unknown,Department of Water Resources,Voluntary,2,23,2011
Glenn_01.01.2003-06.21.2013.csv,Glenn,39.7682,-122.1364,W003,2013-09-18 13:29:54,397682N1221364W003,22N02W18C003M,3/10/2011,00:00,,,40.550,0.000,40.550,225.540,223.440,184.990,38.450,UNK - Unknown,Unknown,Department of Water Resources,Voluntary,3,10,2011
Glenn_01.01.2003-06.21.2013.csv,Glenn,39.7682,-122.1364,W003,2013-09-18 13:29:54,397682N1221364W003,22N02W18C003M,4/5/2011,00:00,,,37.250,0.000,37.250,225.540,223.440,188.290,35.150,UNK - Unknown,Unknown,Department of Water Resources,Voluntary,4,5,2011
Glenn_01.01.2003-06.21.2013.csv,Glenn,39.7682,-122.1364,W003,2013-09-18 13:29:54,397682N1221364W003,22N02W18C003M,8/1/2011,00:00,,,79.830,0.000,79.830,225.540,223.440,145.710,77.730,UNK - Unknown,Unknown,Department of Water Resources,Voluntary,8,1,2011
Glenn_01.01.2003-06.21.2013.csv,Glenn,39.7682,-122.1364,W003,2013-09-18 13:29:54,397682N1221364W003,22N02W18C003M,10/12/2011,00:00,,,49.470,0.000,49.470,225.540,223.440,176.070,47.370,UNK - Unknown,Unknown,Department of Water Resources,Voluntary,10,12,2011
Glenn_01.01.2003-06.21.2013.csv,Glenn,39.7682,-122.1364,W003,2013-09-18 13:29:54,397682N1221364W003,22N02W18C003M,11/28/2011,00:00,,,44.520,0.000,44.520,225.540,223.440,181.020,42.420,UNK - Unknown,Unknown,Department of Water Resources,Voluntary,11,28,2011
Glenn_01.01.2003-06.21.2013.csv,Glenn,39.7682,-122.1364,W003,2013-09-18 13:29:54,397682N1221364W003,22N02W18C003M,3/19/2013,00:00,,,51.040,0.000,51.040,225.540,223.440,174.500,48.940,ES - Electric sounder measurement,0.01 Ft,Department of Water Resources,CASGEM,3,19,2013
Glenn_01.01.2003-06.21.2013.csv,Glenn,39.7682,-122.1364,W004,2013-09-18 13:29:54,397682N1221364W004,22N02W18C004M,10/12/2011,00:00,,,19.340,0.000,19.340,225.940,223.440,206.600,16.840,ES - Electric sounder measurement,0.01 Ft,Department of Water Resources,CASGEM,10,12,2011
Glenn_01.01.2003-06.21.2013.csv,Glenn,39.7682,-122.1364,W004,2013-09-18 13:29:54,397682N1221364W004,22N02W18C004M,3/30/2012,00:00,,,22.240,0.000,22.240,225.940,223.440,203.700,19.740,ES - Electric sounder measurement,0.01 Ft,Department of Water Resources,CASGEM,3,30,2012
Glenn_01.01.2003-06.21.2013.csv,Glenn,39.7682,-122.1364,W004,2013-09-18 13:29:54,397682N1221364W004,22N02W18C004M,8/1/2012,00:00,,,19.350,0.000,19.350,225.940,223.440,206.590,16.850,ES - Electric sounder measurement,0.01 Ft,Department of Water Resources,CASGEM,8,1,2012
Glenn_01.01.2003-06.21.2013.csv,Glenn,39.7682,-122.1364,W004,2013-09-18 13:29:54,397682N1221364W004,22N02W18C004M,10/17/2012,00:00,,,20.150,0.000,20.150,225.940,223.440,205.790,17.650,ES - Electric sounder measurement,0.01 Ft,Department of Water Resources,CASGEM,10,17,2012
Glenn_01.01.2003-06.21.2013.csv,Glenn,39.7682,-122.1364,W004,2013-09-18 13:29:54,397682N1221364W004,22N02W18C004M,2/14/2007,00:00,,,19.520,0.000,19.520,225.940,223.440,206.420,17.020,UNK - Unknown,Unknown,Department of Water Resources,Voluntary,NEW WELL2,14,2007
Glenn_01.01.2003-06.21.2013.csv,Glenn,39.7682,-122.1364,W004,2013-09-18 13:29:54,397682N1221364W004,22N02W18C004M,3/20/2007,00:00,,,20.250,0.000,20.250,225.940,223.440,205.690,17.750,UNK - Unknown,Unknown,Department of Water Resources,Voluntary,3,20,2007
Glenn_01.01.2003-06.21.2013.csv,Glenn,39.7682,-122.1364,W004,2013-09-18 13:29:54,397682N1221364W004,22N02W18C004M,4/16/2007,00:00,,,19.200,0.000,19.200,225.940,223.440,206.740,16.700,UNK - Unknown,Unknown,Department of Water Resources,Voluntary,4,16,2007
Glenn_01.01.2003-06.21.2013.csv,Glenn,39.7682,-122.1364,W004,2013-09-18 13:29:54,397682N1221364W004,22N02W18C004M,4/26/2007,00:00,,,18.200,0.000,18.200,225.940,223.440,207.740,15.700,UNK - Unknown,Unknown,Department of Water Resources,Voluntary,4,26,2007
Glenn_01.01.2003-06.21.2013.csv,Glenn,39.7682,-122.1364,W004,2013-09-18 13:29:54,397682N1221364W004,22N02W18C004M,5/1/2007,00:00,,,18.800,0.000,18.800,225.940,223.440,207.140,16.300,UNK - Unknown,Unknown,Department of Water Resources,Voluntary,5,1,2007
Glenn_01.01.2003-06.21.2013.csv,Glenn,39.7682,-122.1364,W004,2013-09-18 13:29:54,397682N1221364W004,22N02W18C004M,5/18/2007,00:00,,,18.500,0.000,18.500,225.940,223.440,207.440,16.000,UNK - Unknown,Unknown,Department of Water Resources,Voluntary,5,18,2007
Glenn_01.01.2003-06.21.2013.csv,Glenn,39.7682,-122.1364,W004,2013-09-18 13:29:54,397682N1221364W004,22N02W18C004M,5/30/2007,00:00,,,18.300,0.000,18.300,225.940,223.440,207.640,15.800,UNK - Unknown,Unknown,Department of Water Resources,Voluntary,5,30,2007
Glenn_01.01.2003-06.21.2013.csv,Glenn,39.7682,-122.1364,W004,2013-09-18 13:29:54,397682N1221364W004,22N02W18C004M,6/20/2007,00:00,,,18.600,0.000,18.600,225.940,223.440,207.340,16.100,UNK - Unknown,Unknown,Department of Water Resources,Voluntary,6,20,2007
Glenn_01.01.2003-06.21.2013.csv,Glenn,39.7682,-122.1364,W004,2013-09-18 13:29:54,397682N1221364W004,22N02W18C004M,8/10/2007,00:00,,,18.060,0.000,18.060,225.940,223.440,207.880,15.560,UNK - Unknown,Unknown,Department of Water Resources,Voluntary,8,10,2007
Glenn_01.01.2003-06.21.2013.csv,Glenn,39.7682,-122.1364,W004,2013-09-18 13:29:54,397682N1221364W004,22N02W18C004M,8/31/2007,00:00,,,19.110,0.000,19.110,225.940,223.440,206.830,16.610,UNK - Unknown,Unknown,Department of Water Resources,Voluntary,8,31,2007
Glenn_01.01.2003-06.21.2013.csv,Glenn,39.7682,-122.1364,W004,2013-09-18 13:29:54,397682N1221364W004,22N02W18C004M,10/15/2007,00:00,,,19.040,0.000,19.040,225.940,223.440,206.900,16.540,UNK - Unknown,Unknown,Department of Water Resources,Voluntary,10,15,2007
Glenn_01.01.2003-06.21.2013.csv,Glenn,39.7682,-122.1364,W004,2013-09-18 13:29:54,397682N1221364W004,22N02W18C004M,1/15/2008,00:00,,,20.610,0.000,20.610,225.940,223.440,205.330,18.110,UNK - Unknown,Unknown,Department of Water Resources,Voluntary,1,15,2008
Glenn_01.01.2003-06.21.2013.csv,Glenn,39.7682,-122.1364,W004,2013-09-18 13:29:54,397682N1221364W004,22N02W18C004M,3/13/2008,00:00,,,17.490,0.000,17.490,225.940,223.440,208.450,14.990,UNK - Unknown,Unknown,Department of Water Resources,Voluntary,3,13,2008
Glenn_01.01.2003-06.21.2013.csv,Glenn,39.7682,-122.1364,W004,2013-09-18 13:29:54,397682N1221364W004,22N02W18C004M,7/16/2008,00:00,,,18.990,0.000,18.990,225.940,223.440,206.950,16.490,UNK - Unknown,Unknown,Department of Water Resources,Voluntary,7,16,2008
Glenn_01.01.2003-06.21.2013.csv,Glenn,39.7682,-122.1364,W004,2013-09-18 13:29:54,397682N1221364W004,22N02W18C004M,8/5/2008,00:00,,,18.070,0.000,18.070,225.940,223.440,207.870,15.570,UNK - Unknown,Unknown,Department of Water Resources,Voluntary,8,5,2008
Glenn_01.01.2003-06.21.2013.csv,Glenn,39.7682,-122.1364,W004,2013-09-18 13:29:54,397682N1221364W004,22N02W18C004M,10/22/2008,00:00,,,19.990,0.000,19.990,225.940,223.440,205.950,17.490,UNK - Unknown,Unknown,Department of Water Resources,Voluntary,10,22,2008
Glenn_01.01.2003-06.21.2013.csv,Glenn,39.7682,-122.1364,W004,2013-09-18 13:29:54,397682N1221364W004,22N02W18C004M,1/12/2009,00:00,,,22.120,0.000,22.120,225.940,223.440,203.820,19.620,UNK - Unknown,Unknown,Department of Water Resources,Voluntary,1,12,2009
Glenn_01.01.2003-06.21.2013.csv,Glenn,39.7682,-122.1364,W004,2013-09-18 13:29:54,397682N1221364W004,22N02W18C004M,3/23/2009,00:00,,,18.350,0.000,18.350,225.940,223.440,207.590,15.850,UNK - Unknown,Unknown,Department of Water Resources,Voluntary,3,23,2009
Glenn_01.01.2003-06.21.2013.csv,Glenn,39.7682,-122.1364,W004,2013-09-18 13:29:54,397682N1221364W004,22N02W18C004M,5/15/2009,00:00,,,20.020,0.000,20.020,225.940,223.440,205.920,17.520,UNK - Unknown,Unknown,Department of Water Resources,Voluntary,5,15,2009
Glenn_01.01.2003-06.21.2013.csv,Glenn,39.7682,-122.1364,W004,2013-09-18 13:29:54,397682N1221364W004,22N02W18C004M,6/26/2009,00:00,,2 - Nearby pump operating,18.770,0.000,18.770,225.940,223.440,207.170,16.270,UNK - Unknown,Unknown,Department of Water Resources,Voluntary,6,26,2009
Glenn_01.01.2003-06.21.2013.csv,Glenn,39.7682,-122.1364,W004,2013-09-18 13:29:54,397682N1221364W004,22N02W18C004M,8/10/2009,00:00,,,19.270,0.000,19.270,225.940,223.440,206.670,16.770,UNK - Unknown,Unknown,Department of Water Resources,Voluntary,8,10,2009
Glenn_01.01.2003-06.21.2013.csv,Glenn,39.7682,-122.1364,W004,2013-09-18 13:29:54,397682N1221364W004,22N02W18C004M,9/16/2009,00:00,,,19.410,0.000,19.410,225.940,223.440,206.530,16.910,UNK - Unknown,Unknown,Department of Water Resources,Voluntary,9,16,2009
Glenn_01.01.2003-06.21.2013.csv,Glenn,39.7682,-122.1364,W004,2013-09-18 13:29:54,397682N1221364W004,22N02W18C004M,10/23/2009,00:00,,,20.370,0.000,20.370,225.940,223.440,205.570,17.870,UNK - Unknown,Unknown,Department of Water Resources,Voluntary,10,23,2009
Glenn_01.01.2003-06.21.2013.csv,Glenn,39.7682,-122.1364,W004,2013-09-18 13:29:54,397682N1221364W004,22N02W18C004M,3/22/2010,00:00,,,17.770,0.000,17.770,225.940,223.440,208.170,15.270,UNK - Unknown,Unknown,Department of Water Resources,Voluntary,3,22,2010
Glenn_01.01.2003-06.21.2013.csv,Glenn,39.7682,-122.1364,W004,2013-09-18 13:29:54,397682N1221364W004,22N02W18C004M,8/2/2010,00:00,,,18.160,0.000,18.160,225.940,223.440,207.780,15.660,UNK - Unknown,Unknown,Department of Water Resources,Voluntary,8,2,2010
Glenn_01.01.2003-06.21.2013.csv,Glenn,39.7682,-122.1364,W004,2013-09-18 13:29:54,397682N1221364W004,22N02W18C004M,10/18/2010,00:00,,,19.530,0.000,19.530,225.940,223.440,206.410,17.030,UNK - Unknown,Unknown,Department of Water Resources,Voluntary,10,18,2010
Glenn_01.01.2003-06.21.2013.csv,Glenn,39.7682,-122.1364,W004,2013-09-18 13:29:54,397682N1221364W004,22N02W18C004M,1/18/2011,00:00,,,18.760,0.000,18.760,225.940,223.440,207.180,16.260,UNK - Unknown,Unknown,Department of Water Resources,Voluntary,1,18,2011
Glenn_01.01.2003-06.21.2013.csv,Glenn,39.7682,-122.1364,W004,2013-09-18 13:29:54,397682N1221364W004,22N02W18C004M,2/14/2011,00:00,,,19.970,0.000,19.970,225.940,223.440,205.970,17.470,UNK - Unknown,Unknown,Department of Water Resources,Voluntary,2,14,2011
Glenn_01.01.2003-06.21.2013.csv,Glenn,39.7682,-122.1364,W004,2013-09-18 13:29:54,397682N1221364W004,22N02W18C004M,2/23/2011,00:00,,,19.870,0.000,19.870,225.940,223.440,206.070,17.370,UNK - Unknown,Unknown,Department of Water Resources,Voluntary,2,23,2011
Glenn_01.01.2003-06.21.2013.csv,Glenn,39.7682,-122.1364,W004,2013-09-18 13:29:54,397682N1221364W004,22N02W18C004M,3/1/2011,00:00,,,19.750,0.000,19.750,225.940,223.440,206.190,17.250,UNK - Unknown,Unknown,Department of Water Resources,Voluntary,3,1,2011
Glenn_01.01.2003-06.21.2013.csv,Glenn,39.7682,-122.1364,W004,2013-09-18 13:29:54,397682N1221364W004,22N02W18C004M,3/10/2011,00:00,,,19.640,0.000,19.640,225.940,223.440,206.300,17.140,UNK - Unknown,Unknown,Department of Water Resources,Voluntary,3,10,2011
Glenn_01.01.2003-06.21.2013.csv,Glenn,39.7682,-122.1364,W004,2013-09-18 13:29:54,397682N1221364W004,22N02W18C004M,4/5/2011,00:00,,,16.120,0.000,16.120,225.940,223.440,209.820,13.620,UNK - Unknown,Unknown,Department of Water Resources,Voluntary,4,5,2011
Glenn_01.01.2003-06.21.2013.csv,Glenn,39.7682,-122.1364,W004,2013-09-18 13:29:54,397682N1221364W004,22N02W18C004M,8/1/2011,00:00,,,17.310,0.000,17.310,225.940,223.440,208.630,14.810,UNK - Unknown,Unknown,Department of Water Resources,Voluntary,8,1,2011
Glenn_01.01.2003-06.21.2013.csv,Glenn,39.7682,-122.1364,W004,2013-09-18 13:29:54,397682N1221364W004,22N02W18C004M,10/12/2011,00:00,,,19.340,0.000,19.340,225.940,223.440,206.600,16.840,UNK - Unknown,Unknown,Department of Water Resources,Voluntary,10,12,2011
Glenn_01.01.2003-06.21.2013.csv,Glenn,39.7682,-122.1364,W004,2013-09-18 13:29:54,397682N1221364W004,22N02W18C004M,11/28/2011,00:00,,,20.800,0.000,20.800,225.940,223.440,205.140,18.300,UNK - Unknown,Unknown,Department of Water Resources,Voluntary,11,28,2011
Glenn_01.01.2003-06.21.2013.csv,Glenn,39.7682,-122.1364,W004,2013-09-18 13:29:54,397682N1221364W004,22N02W18C004M,3/19/2013,00:00,,,19.950,0.000,19.950,225.940,223.440,205.990,17.450,ES - Electric sounder measurement,0.01 Ft,Department of Water Resources,CASGEM,3,19,2013
Glenn_01.01.2003-06.21.2013.csv,Glenn,39.7687,-122.0546,W001,2013-09-18 13:29:54,397687N1220546W001,22N02W11Q001M,10/12/2011,00:00,,,29.890,0.000,29.890,166.800,166.400,136.910,29.490,ES - Electric sounder measurement,0.01 Ft,Department of Water Resources,Voluntary,10,12,2011
Glenn_01.01.2003-06.21.2013.csv,Glenn,39.7687,-122.0546,W001,2013-09-18 13:29:54,397687N1220546W001,22N02W11Q001M,3/30/2012,00:00,,,25.900,0.000,25.900,166.800,166.400,140.900,25.500,ES - Electric sounder measurement,0.01 Ft,Department of Water Resources,Voluntary,3,30,2012
Glenn_01.01.2003-06.21.2013.csv,Glenn,39.7687,-122.0546,W001,2013-09-18 13:29:54,397687N1220546W001,22N02W11Q001M,8/1/2012,00:00,,,48.960,0.000,48.960,166.800,166.400,117.840,48.560,ES - Electric sounder measurement,0.01 Ft,Department of Water Resources,Voluntary,8,1,2012
Glenn_01.01.2003-06.21.2013.csv,Glenn,39.7687,-122.0546,W001,2013-09-18 13:29:54,397687N1220546W001,22N02W11Q001M,10/17/2012,00:00,,,38.360,0.000,38.360,166.800,166.400,128.440,37.960,ES - Electric sounder measurement,0.01 Ft,Department of Water Resources,Voluntary,10,17,2012
Glenn_01.01.2003-06.21.2013.csv,Glenn,39.7687,-122.0546,W001,2013-09-18 13:29:54,397687N1220546W001,22N02W11Q001M,3/19/2013,00:00,,,29.370,0.000,29.370,166.800,166.400,137.430,28.970,ES - Electric sounder measurement,0.01 Ft,Department of Water Resources,Voluntary,3,19,2013
Glenn_01.01.2003-06.21.2013.csv,Glenn,39.7697,-122.1812,W001,2013-09-18 13:29:54,397697N1221812W001,22N03W10R001M,10/12/2011,00:00,,,31.860,0.000,31.860,259.460,258.460,227.600,30.860,ES - Electric sounder measurement,0.01 Ft,Department of Water Resources,Voluntary,10,12,2011
Glenn_01.01.2003-06.21.2013.csv,Glenn,39.7697,-122.1812,W001,2013-09-18 13:29:54,397697N1221812W001,22N03W10R001M,3/26/2012,00:00,,,33.000,0.300,32.700,259.460,258.460,226.760,31.700,ST - Steel tape measurement,0.1 Ft,Department of Water Resources,Voluntary,3,26,2012
Glenn_01.01.2003-06.21.2013.csv,Glenn,39.7697,-122.1812,W001,2013-09-18 13:29:54,397697N1221812W001,22N03W10R001M,8/1/2012,00:00,,,39.750,0.000,39.750,259.460,258.460,219.710,38.750,ES - Electric sounder measurement,0.01 Ft,Department of Water Resources,Voluntary,8,1,2012
Glenn_01.01.2003-06.21.2013.csv,Glenn,39.7697,-122.1812,W001,2013-09-18 13:29:54,397697N1221812W001,22N03W10R001M,10/17/2012,00:00,,,35.150,0.000,35.150,259.460,258.460,224.310,34.150,ES - Electric sounder measurement,0.01 Ft,Department of Water Resources,Voluntary,10,17,2012
Glenn_01.01.2003-06.21.2013.csv,Glenn,39.7697,-122.1812,W001,2013-09-18 13:29:54,397697N1221812W001,22N03W10R001M,3/10/2003,00:00,,,28.600,0.000,28.600,259.460,258.460,230.860,27.600,UNK - Unknown,Unknown,Department of Water Resources,Voluntary,3,10,2003
Glenn_01.01.2003-06.21.2013.csv,Glenn,39.7697,-122.1812,W001,2013-09-18 13:29:54,397697N1221812W001,22N03W10R001M,4/8/2003,00:00,,,28.400,0.000,28.400,259.460,258.460,231.060,27.400,UNK - Unknown,Unknown,Department of Water Resources,Voluntary,4,8,2003
Glenn_01.01.2003-06.21.2013.csv,Glenn,39.7697,-122.1812,W001,2013-09-18 13:29:54,397697N1221812W001,22N03W10R001M,5/21/2003,00:00,,,30.300,0.000,30.300,259.460,258.460,229.160,29.300,UNK - Unknown,Unknown,Department of Water Resources,Voluntary,5,21,2003
Glenn_01.01.2003-06.21.2013.csv,Glenn,39.7697,-122.1812,W001,2013-09-18 13:29:54,397697N1221812W001,22N03W10R001M,6/25/2003,00:00,,,30.900,0.000,30.900,259.460,258.460,228.560,29.900,UNK - Unknown,Unknown,Department of Water Resources,Voluntary,6,25,2003
Glenn_01.01.2003-06.21.2013.csv,Glenn,39.7697,-122.1812,W001,2013-09-18 13:29:54,397697N1221812W001,22N03W10R001M,7/11/2003,00:00,,,31.500,0.000,31.500,259.460,258.460,227.960,30.500,UNK - Unknown,Unknown,Department of Water Resources,Voluntary,7,11,2003
Glenn_01.01.2003-06.21.2013.csv,Glenn,39.7697,-122.1812,W001,2013-09-18 13:29:54,397697N1221812W001,22N03W10R001M,7/18/2003,00:00,,,31.300,0.000,31.300,259.460,258.460,228.160,30.300,UNK - Unknown,Unknown,Department of Water Resources,Voluntary,7,18,2003
Glenn_01.01.2003-06.21.2013.csv,Glenn,39.7697,-122.1812,W001,2013-09-18 13:29:54,397697N1221812W001,22N03W10R001M,7/24/2003,00:00,,,31.600,0.000,31.600,259.460,258.460,227.860,30.600,UNK - Unknown,Unknown,Department of Water Resources,Voluntary,7,24,2003
Glenn_01.01.2003-06.21.2013.csv,Glenn,39.7697,-122.1812,W001,2013-09-18 13:29:54,397697N1221812W001,22N03W10R001M,7/31/2003,00:00,,,31.300,0.000,31.300,259.460,258.460,228.160,30.300,UNK - Unknown,Unknown,Department of Water Resources,Voluntary,7,31,2003
Glenn_01.01.2003-06.21.2013.csv,Glenn,39.7697,-122.1812,W001,2013-09-18 13:29:54,397697N1221812W001,22N03W10R001M,8/27/2003,00:00,,,30.600,0.000,30.600,259.460,258.460,228.860,29.600,UNK - Unknown,Unknown,Department of Water Resources,Voluntary,8,27,2003
Glenn_01.01.2003-06.21.2013.csv,Glenn,39.7697,-122.1812,W001,2013-09-18 13:29:54,397697N1221812W001,22N03W10R001M,8/7/2003,00:00,,,31.000,0.000,31.000,259.460,258.460,228.460,30.000,UNK - Unknown,Unknown,Department of Water Resources,Voluntary,8,7,2003
Glenn_01.01.2003-06.21.2013.csv,Glenn,39.7697,-122.1812,W001,2013-09-18 13:29:54,397697N1221812W001,22N03W10R001M,8/14/2003,00:00,,,30.700,0.000,30.700,259.460,258.460,228.760,29.700,UNK - Unknown,Unknown,Department of Water Resources,Voluntary,8,14,2003
Glenn_01.01.2003-06.21.2013.csv,Glenn,39.7697,-122.1812,W001,2013-09-18 13:29:54,397697N1221812W001,22N03W10R001M,8/21/2003,00:00,,,30.900,0.000,30.900,259.460,258.460,228.560,29.900,UNK - Unknown,Unknown,Department of Water Resources,Voluntary,8,21,2003
Glenn_01.01.2003-06.21.2013.csv,Glenn,39.7697,-122.1812,W001,2013-09-18 13:29:54,397697N1221812W001,22N03W10R001M,9/4/2003,00:00,,,30.400,0.000,30.400,259.460,258.460,229.060,29.400,UNK - Unknown,Unknown,Department of Water Resources,Voluntary,9,4,2003
Glenn_01.01.2003-06.21.2013.csv,Glenn,39.7697,-122.1812,W001,2013-09-18 13:29:54,397697N1221812W001,22N03W10R001M,9/17/2003,00:00,,,30.400,0.000,30.400,259.460,258.460,229.060,29.400,UNK - Unknown,Unknown,Department of Water Resources,Voluntary,9,17,2003
Glenn_01.01.2003-06.21.2013.csv,Glenn,39.7697,-122.1812,W001,2013-09-18 13:29:54,397697N1221812W001,22N03W10R001M,9/25/2003,00:00,,,31.000,0.000,31.000,259.460,258.460,228.460,30.000,UNK - Unknown,Unknown,Department of Water Resources,Voluntary,9,25,2003
Glenn_01.01.2003-06.21.2013.csv,Glenn,39.7697,-122.1812,W001,2013-09-18 13:29:54,397697N1221812W001,22N03W10R001M,10/2/2003,00:00,,,30.700,0.000,30.700,259.460,258.460,228.760,29.700,UNK - Unknown,Unknown,Department of Water Resources,Voluntary,10,2,2003
Glenn_01.01.2003-06.21.2013.csv,Glenn,39.7697,-122.1812,W001,2013-09-18 13:29:54,397697N1221812W001,22N03W10R001M,10/16/2003,00:00,,,30.400,0.000,30.400,259.460,258.460,229.060,29.400,UNK - Unknown,Unknown,Department of Water Resources,Voluntary,10,16,2003
Glenn_01.01.2003-06.21.2013.csv,Glenn,39.7697,-122.1812,W001,2013-09-18 13:29:54,397697N1221812W001,22N03W10R001M,10/9/2003,00:00,,,30.400,0.000,30.400,259.460,258.460,229.060,29.400,UNK - Unknown,Unknown,Department of Water Resources,Voluntary,10,9,2003
Glenn_01.01.2003-06.21.2013.csv,Glenn,39.7697,-122.1812,W001,2013-09-18 13:29:54,397697N1221812W001,22N03W10R001M,10/23/2003,00:00,,,33.600,0.000,33.600,259.460,258.460,225.860,32.600,UNK - Unknown,Unknown,Department of Water Resources,Voluntary,10,23,2003
Glenn_01.01.2003-06.21.2013.csv,Glenn,39.7697,-122.1812,W001,2013-09-18 13:29:54,397697N1221812W001,22N03W10R001M,10/30/2003,00:00,,,32.300,0.000,32.300,259.460,258.460,227.160,31.300,UNK - Unknown,Unknown,Department of Water Resources,Voluntary,10,30,2003
Glenn_01.01.2003-06.21.2013.csv,Glenn,39.7697,-122.1812,W001,2013-09-18 13:29:54,397697N1221812W001,22N03W10R001M,11/17/2003,00:00,,,29.500,0.000,29.500,259.460,258.460,229.960,28.500,UNK - Unknown,Unknown,Department of Water Resources,Voluntary,11,17,2003
Glenn_01.01.2003-06.21.2013.csv,Glenn,39.7697,-122.1812,W001,2013-09-18 13:29:54,397697N1221812W001,22N03W10R001M,11/6/2003,00:00,,,29.600,0.000,29.600,259.460,258.460,229.860,28.600,UNK - Unknown,Unknown,Department of Water Resources,Voluntary,11,6,2003
Glenn_01.01.2003-06.21.2013.csv,Glenn,39.7697,-122.1812,W001,2013-09-18 13:29:54,397697N1221812W001,22N03W10R001M,11/13/2003,00:00,,,29.200,0.000,29.200,259.460,258.460,230.260,28.200,UNK - Unknown,Unknown,Department of Water Resources,Voluntary,11,13,2003
Glenn_01.01.2003-06.21.2013.csv,Glenn,39.7697,-122.1812,W001,2013-09-18 13:29:54,397697N1221812W001,22N03W10R001M,3/31/2004,00:00,,,26.800,0.000,26.800,259.460,258.460,232.660,25.800,UNK - Unknown,Unknown,Department of Water Resources,Voluntary,3,31,2004
Glenn_01.01.2003-06.21.2013.csv,Glenn,39.7697,-122.1812,W001,2013-09-18 13:29:54,397697N1221812W001,22N03W10R001M,4/26/2004,00:00,,,28.200,0.000,28.200,259.460,258.460,231.260,27.200,UNK - Unknown,Unknown,Department of Water Resources,Voluntary,4,26,2004
Glenn_01.01.2003-06.21.2013.csv,Glenn,39.7697,-122.1812,W001,2013-09-18 13:29:54,397697N1221812W001,22N03W10R001M,5/24/2004,00:00,,,30.900,0.000,30.900,259.460,258.460,228.560,29.900,UNK - Unknown,Unknown,Department of Water Resources,Voluntary,5,24,2004
Glenn_01.01.2003-06.21.2013.csv,Glenn,39.7697,-122.1812,W001,2013-09-18 13:29:54,397697N1221812W001,22N03W10R001M,6/21/2004,00:00,,,30.300,0.000,30.300,259.460,258.460,229.160,29.300,UNK - Unknown,Unknown,Department of Water Resources,Voluntary,6,21,2004
Glenn_01.01.2003-06.21.2013.csv,Glenn,39.7697,-122.1812,W001,2013-09-18 13:29:54,397697N1221812W001,22N03W10R001M,7/26/2004,00:00,,,31.900,0.000,31.900,259.460,258.460,227.560,30.900,UNK - Unknown,Unknown,Department of Water Resources,Voluntary,7,26,2004
Glenn_01.01.2003-06.21.2013.csv,Glenn,39.7697,-122.1812,W001,2013-09-18 13:29:54,397697N1221812W001,22N03W10R001M,8/25/2004,00:00,,,31.300,0.000,31.300,259.460,258.460,228.160,30.300,UNK - Unknown,Unknown,Department of Water Resources,Voluntary,8,25,2004
Glenn_01.01.2003-06.21.2013.csv,Glenn,39.7697,-122.1812,W001,2013-09-18 13:29:54,397697N1221812W001,22N03W10R001M,9/22/2004,00:00,,,31.400,0.000,31.400,259.460,258.460,228.060,30.400,UNK - Unknown,Unknown,Department of Water Resources,Voluntary,9,22,2004
Glenn_01.01.2003-06.21.2013.csv,Glenn,39.7697,-122.1812,W001,2013-09-18 13:29:54,397697N1221812W001,22N03W10R001M,10/18/2004,00:00,,,30.600,0.000,30.600,259.460,258.460,228.860,29.600,UNK - Unknown,Unknown,Department of Water Resources,Voluntary,10,18,2004
Glenn_01.01.2003-06.21.2013.csv,Glenn,39.7697,-122.1812,W001,2013-09-18 13:29:54,397697N1221812W001,22N03W10R001M,11/16/2004,00:00,,,29.700,0.000,29.700,259.460,258.460,229.760,28.700,UNK - Unknown,Unknown,Department of Water Resources,Voluntary,11,16,2004
Glenn_01.01.2003-06.21.2013.csv,Glenn,39.7697,-122.1812,W001,2013-09-18 13:29:54,397697N1221812W001,22N03W10R001M,3/29/2005,00:00,,,26.600,0.000,26.600,259.460,258.460,232.860,25.600,UNK - Unknown,Unknown,Department of Water Resources,Voluntary,3,29,2005
Glenn_01.01.2003-06.21.2013.csv,Glenn,39.7697,-122.1812,W001,2013-09-18 13:29:54,397697N1221812W001,22N03W10R001M,4/29/2005,00:00,,,27.500,0.000,27.500,259.460,258.460,231.960,26.500,UNK - Unknown,Unknown,Department of Water Resources,Voluntary,4,29,2005
Glenn_01.01.2003-06.21.2013.csv,Glenn,39.7697,-122.1812,W001,2013-09-18 13:29:54,397697N1221812W001,22N03W10R001M,5/27/2005,00:00,,,28.300,0.000,28.300,259.460,258.460,231.160,27.300,UNK - Unknown,Unknown,Department of Water Resources,Voluntary,5,27,2005
Glenn_01.01.2003-06.21.2013.csv,Glenn,39.7697,-122.1812,W001,2013-09-18 13:29:54,397697N1221812W001,22N03W10R001M,6/24/2005,00:00,,,30.800,0.000,30.800,259.460,258.460,228.660,29.800,UNK - Unknown,Unknown,Department of Water Resources,Voluntary,6,24,2005
Glenn_01.01.2003-06.21.2013.csv,Glenn,39.7697,-122.1812,W001,2013-09-18 13:29:54,397697N1221812W001,22N03W10R001M,7/28/2005,00:00,,,30.600,0.000,30.600,259.460,258.460,228.860,29.600,UNK - Unknown,Unknown,Department of Water Resources,Voluntary,7,28,2005
Glenn_01.01.2003-06.21.2013.csv,Glenn,39.7697,-122.1812,W001,2013-09-18 13:29:54,397697N1221812W001,22N03W10R001M,8/26/2005,00:00,,,30.600,0.000,30.600,259.460,258.460,228.860,29.600,UNK - Unknown,Unknown,Department of Water Resources,Voluntary,8,26,2005
Glenn_01.01.2003-06.21.2013.csv,Glenn,39.7697,-122.1812,W001,2013-09-18 13:29:54,397697N1221812W001,22N03W10R001M,9/29/2005,00:00,,,31.400,0.000,31.400,259.460,258.460,228.060,30.400,UNK - Unknown,Unknown,Department of Water Resources,Voluntary,9,29,2005
Glenn_01.01.2003-06.21.2013.csv,Glenn,39.7697,-122.1812,W001,2013-09-18 13:29:54,397697N1221812W001,22N03W10R001M,10/21/2005,00:00,,,30.500,0.000,30.500,259.460,258.460,228.960,29.500,UNK - Unknown,Unknown,Department of Water Resources,Voluntary,10,21,2005
Glenn_01.01.2003-06.21.2013.csv,Glenn,39.7697,-122.1812,W001,2013-09-18 13:29:54,397697N1221812W001,22N03W10R001M,3/30/2006,00:00,,,25.300,0.000,25.300,259.460,258.460,234.160,24.300,UNK - Unknown,Unknown,Department of Water Resources,Voluntary,3,30,2006
Glenn_01.01.2003-06.21.2013.csv,Glenn,39.7697,-122.1812,W001,2013-09-18 13:29:54,397697N1221812W001,22N03W10R001M,5/19/2006,00:00,,,26.800,0.000,26.800,259.460,258.460,232.660,25.800,UNK - Unknown,Unknown,Department of Water Resources,Voluntary,5,19,2006
Glenn_01.01.2003-06.21.2013.csv,Glenn,39.7697,-122.1812,W001,2013-09-18 13:29:54,397697N1221812W001,22N03W10R001M,8/4/2006,00:00,,,30.400,0.000,30.400,259.460,258.460,229.060,29.400,UNK - Unknown,Unknown,Department of Water Resources,Voluntary,8,4,2006
Glenn_01.01.2003-06.21.2013.csv,Glenn,39.7697,-122.1812,W001,2013-09-18 13:29:54,397697N1221812W001,22N03W10R001M,10/12/2006,00:00,,1 - Pumping,32.600,0.000,32.600,259.460,258.460,226.860,31.600,UNK - Unknown,Unknown,Department of Water Resources,Voluntary,10,12,2006
Glenn_01.01.2003-06.21.2013.csv,Glenn,39.7697,-122.1812,W001,2013-09-18 13:29:54,397697N1221812W001,22N03W10R001M,3/20/2007,00:00,,,30.700,0.000,30.700,259.460,258.460,228.760,29.700,UNK - Unknown,Unknown,Department of Water Resources,Voluntary,3,20,2007
Glenn_01.01.2003-06.21.2013.csv,Glenn,39.7697,-122.1812,W001,2013-09-18 13:29:54,397697N1221812W001,22N03W10R001M,8/10/2007,00:00,,,33.300,0.000,33.300,259.460,258.460,226.160,32.300,UNK - Unknown,Unknown,Department of Water Resources,Voluntary,8,10,2007
Glenn_01.01.2003-06.21.2013.csv,Glenn,39.7697,-122.1812,W001,2013-09-18 13:29:54,397697N1221812W001,22N03W10R001M,10/15/2007,00:00,,,30.200,0.000,30.200,259.460,258.460,229.260,29.200,UNK - Unknown,Unknown,Department of Water Resources,Voluntary,10,15,2007
Glenn_01.01.2003-06.21.2013.csv,Glenn,39.7697,-122.1812,W001,2013-09-18 13:29:54,397697N1221812W001,22N03W10R001M,3/13/2008,00:00,,,30.000,0.000,30.000,259.460,258.460,229.460,29.000,UNK - Unknown,Unknown,Department of Water Resources,Voluntary,3,13,2008
Glenn_01.01.2003-06.21.2013.csv,Glenn,39.7697,-122.1812,W001,2013-09-18 13:29:54,397697N1221812W001,22N03W10R001M,8/5/2008,00:00,,,35.300,0.000,35.300,259.460,258.460,224.160,34.300,UNK - Unknown,Unknown,Department of Water Resources,Voluntary,8,5,2008
Glenn_01.01.2003-06.21.2013.csv,Glenn,39.7697,-122.1812,W001,2013-09-18 13:29:54,397697N1221812W001,22N03W10R001M,10/23/2008,00:00,,,32.250,0.000,32.250,259.460,258.460,227.210,31.250,UNK - Unknown,Unknown,Department of Water Resources,Voluntary,10,23,2008
Glenn_01.01.2003-06.21.2013.csv,Glenn,39.7697,-122.1812,W001,2013-09-18 13:29:54,397697N1221812W001,22N03W10R001M,1/12/2009,00:00,,,35.500,0.000,35.500,259.460,258.460,223.960,34.500,UNK - Unknown,Unknown,Department of Water Resources,Voluntary,1,12,2009
Glenn_01.01.2003-06.21.2013.csv,Glenn,39.7697,-122.1812,W001,2013-09-18 13:29:54,397697N1221812W001,22N03W10R001M,3/23/2009,00:00,1 - Pumping,,NULL,NULL,NULL,259.460,258.460,NULL,NULL,,,Department of Water Resources,Voluntary,3,23,2009
Glenn_01.01.2003-06.21.2013.csv,Glenn,39.7697,-122.1812,W001,2013-09-18 13:29:54,397697N1221812W001,22N03W10R001M,5/15/2009,00:00,,4 - Pumped recently,35.800,0.000,35.800,259.460,258.460,223.660,34.800,UNK - Unknown,Unknown,Department of Water Resources,Voluntary,5,15,2009
Glenn_01.01.2003-06.21.2013.csv,Glenn,39.7697,-122.1812,W001,2013-09-18 13:29:54,397697N1221812W001,22N03W10R001M,6/23/2009,00:00,,,34.400,0.000,34.400,259.460,258.460,225.060,33.400,UNK - Unknown,Unknown,Department of Water Resources,Voluntary,6,23,2009
Glenn_01.01.2003-06.21.2013.csv,Glenn,39.7697,-122.1812,W001,2013-09-18 13:29:54,397697N1221812W001,22N03W10R001M,8/10/2009,00:00,,,36.000,0.000,36.000,259.460,258.460,223.460,35.000,UNK - Unknown,Unknown,Department of Water Resources,Voluntary,8,10,2009
Glenn_01.01.2003-06.21.2013.csv,Glenn,39.7697,-122.1812,W001,2013-09-18 13:29:54,397697N1221812W001,22N03W10R001M,9/16/2009,00:00,,,35.200,0.000,35.200,259.460,258.460,224.260,34.200,UNK - Unknown,Unknown,Department of Water Resources,Voluntary,9,16,2009
Glenn_01.01.2003-06.21.2013.csv,Glenn,39.7697,-122.1812,W001,2013-09-18 13:29:54,397697N1221812W001,22N03W10R001M,10/22/2009,00:00,,,32.050,0.000,32.050,259.460,258.460,227.410,31.050,UNK - Unknown,Unknown,Department of Water Resources,Voluntary,10,22,2009
Glenn_01.01.2003-06.21.2013.csv,Glenn,39.7697,-122.1812,W001,2013-09-18 13:29:54,397697N1221812W001,22N03W10R001M,3/22/2010,00:00,,,28.100,0.000,28.100,259.460,258.460,231.360,27.100,UNK - Unknown,Unknown,Department of Water Resources,Voluntary,3,22,2010
Glenn_01.01.2003-06.21.2013.csv,Glenn,39.7697,-122.1812,W001,2013-09-18 13:29:54,397697N1221812W001,22N03W10R001M,8/2/2010,00:00,,,39.200,0.000,39.200,259.460,258.460,220.260,38.200,UNK - Unknown,Unknown,Department of Water Resources,Voluntary,8,2,2010
Glenn_01.01.2003-06.21.2013.csv,Glenn,39.7697,-122.1812,W001,2013-09-18 13:29:54,397697N1221812W001,22N03W10R001M,10/18/2010,00:00,,,33.920,0.000,33.920,259.460,258.460,225.540,32.920,UNK - Unknown,Unknown,Department of Water Resources,Voluntary,10,18,2010
Glenn_01.01.2003-06.21.2013.csv,Glenn,39.7697,-122.1812,W001,2013-09-18 13:29:54,397697N1221812W001,22N03W10R001M,4/5/2011,00:00,,,27.280,0.000,27.280,259.460,258.460,232.180,26.280,UNK - Unknown,Unknown,Department of Water Resources,Voluntary,4,5,2011
Glenn_01.01.2003-06.21.2013.csv,Glenn,39.7697,-122.1812,W001,2013-09-18 13:29:54,397697N1221812W001,22N03W10R001M,8/3/2011,00:00,,,35.860,0.000,35.860,259.460,258.460,223.600,34.860,UNK - Unknown,Unknown,Department of Water Resources,Voluntary,8,3,2011
Glenn_01.01.2003-06.21.2013.csv,Glenn,39.7697,-122.1812,W001,2013-09-18 13:29:54,397697N1221812W001,22N03W10R001M,10/12/2011,00:00,,,31.860,0.000,31.860,259.460,258.460,227.600,30.860,UNK - Unknown,Unknown,Department of Water Resources,Voluntary,10,12,2011
Glenn_01.01.2003-06.21.2013.csv,Glenn,39.7697,-122.1812,W001,2013-09-18 13:29:54,397697N1221812W001,22N03W10R001M,3/19/2013,00:00,,,32.400,0.000,32.400,259.460,258.460,227.060,31.400,ES - Electric sounder measurement,0.01 Ft,Department of Water Resources,Voluntary,3,19,2013
Glenn_01.01.2003-06.21.2013.csv,Glenn,39.7705,-122.1491,W001,2013-09-18 13:29:54,397705N1221491W001,22N03W12Q003M,10/12/2011,00:00,,,38.430,0.000,38.430,232.940,232.440,194.510,37.930,ES - Electric sounder measurement,0.01 Ft,Department of Water Resources,Voluntary,10,12,2011
Glenn_01.01.2003-06.21.2013.csv,Glenn,39.7705,-122.1491,W001,2013-09-18 13:29:54,397705N1221491W001,22N03W12Q003M,3/30/2012,00:00,,,35.650,0.000,35.650,232.940,232.440,197.290,35.150,ES - Electric sounder measurement,0.01 Ft,Department of Water Resources,Voluntary,3,30,2012
Glenn_01.01.2003-06.21.2013.csv,Glenn,39.7705,-122.1491,W001,2013-09-18 13:29:54,397705N1221491W001,22N03W12Q003M,8/1/2012,00:00,,,60.000,4.300,55.700,232.940,232.440,177.240,55.200,ST - Steel tape measurement,0.1 Ft,Department of Water Resources,Voluntary,8,1,2012
Glenn_01.01.2003-06.21.2013.csv,Glenn,39.7705,-122.1491,W001,2013-09-18 13:29:54,397705N1221491W001,22N03W12Q003M,10/17/2012,00:00,,,55.000,9.100,45.900,232.940,232.440,187.040,45.400,ST - Steel tape measurement,0.1 Ft,Department of Water Resources,Voluntary,10,17,2012
Glenn_01.01.2003-06.21.2013.csv,Glenn,39.7705,-122.1491,W001,2013-09-18 13:29:54,397705N1221491W001,22N03W12Q003M,3/10/2003,00:00,,,29.100,0.000,29.100,232.940,232.440,203.840,28.600,UNK - Unknown,Unknown,Department of Water Resources,Voluntary,3,10,2003
Glenn_01.01.2003-06.21.2013.csv,Glenn,39.7705,-122.1491,W001,2013-09-18 13:29:54,397705N1221491W001,22N03W12Q003M,4/8/2003,00:00,,,29.400,0.000,29.400,232.940,232.440,203.540,28.900,UNK - Unknown,Unknown,Department of Water Resources,Voluntary,4,8,2003
Glenn_01.01.2003-06.21.2013.csv,Glenn,39.7705,-122.1491,W001,2013-09-18 13:29:54,397705N1221491W001,22N03W12Q003M,5/21/2003,00:00,,,45.000,0.000,45.000,232.940,232.440,187.940,44.500,UNK - Unknown,Unknown,Department of Water Resources,Voluntary,5,21,2003
Glenn_01.01.2003-06.21.2013.csv,Glenn,39.7705,-122.1491,W001,2013-09-18 13:29:54,397705N1221491W001,22N03W12Q003M,6/25/2003,00:00,,,41.100,0.000,41.100,232.940,232.440,191.840,40.600,UNK - Unknown,Unknown,Department of Water Resources,Voluntary,6,25,2003
Glenn_01.01.2003-06.21.2013.csv,Glenn,39.7705,-122.1491,W001,2013-09-18 13:29:54,397705N1221491W001,22N03W12Q003M,7/11/2003,00:00,,,46.200,0.000,46.200,232.940,232.440,186.740,45.700,UNK - Unknown,Unknown,Department of Water Resources,Voluntary,7,11,2003
Glenn_01.01.2003-06.21.2013.csv,Glenn,39.7705,-122.1491,W001,2013-09-18 13:29:54,397705N1221491W001,22N03W12Q003M,7/18/2003,00:00,,4 - Pumped recently,50.400,0.000,50.400,232.940,232.440,182.540,49.900,UNK - Unknown,Unknown,Department of Water Resources,Voluntary,7,18,2003
Glenn_01.01.2003-06.21.2013.csv,Glenn,39.7705,-122.1491,W001,2013-09-18 13:29:54,397705N1221491W001,22N03W12Q003M,7/24/2003,00:00,,,44.200,0.000,44.200,232.940,232.440,188.740,43.700,UNK - Unknown,Unknown,Department of Water Resources,Voluntary,7,24,2003
Glenn_01.01.2003-06.21.2013.csv,Glenn,39.7705,-122.1491,W001,2013-09-18 13:29:54,397705N1221491W001,22N03W12Q003M,7/31/2003,00:00,,,50.200,0.000,50.200,232.940,232.440,182.740,49.700,UNK - Unknown,Unknown,Department of Water Resources,Voluntary,7,31,2003
Glenn_01.01.2003-06.21.2013.csv,Glenn,39.7705,-122.1491,W001,2013-09-18 13:29:54,397705N1221491W001,22N03W12Q003M,8/27/2003,00:00,,,41.200,0.000,41.200,232.940,232.440,191.740,40.700,UNK - Unknown,Unknown,Department of Water Resources,Voluntary,8,27,2003
Glenn_01.01.2003-06.21.2013.csv,Glenn,39.7705,-122.1491,W001,2013-09-18 13:29:54,397705N1221491W001,22N03W12Q003M,8/7/2003,00:00,,1 - Pumping,41.800,0.000,41.800,232.940,232.440,191.140,41.300,UNK - Unknown,Unknown,Department of Water Resources,Voluntary,8,7,2003
Glenn_01.01.2003-06.21.2013.csv,Glenn,39.7705,-122.1491,W001,2013-09-18 13:29:54,397705N1221491W001,22N03W12Q003M,8/14/2003,00:00,,1 - Pumping,48.600,0.000,48.600,232.940,232.440,184.340,48.100,UNK - Unknown,Unknown,Department of Water Resources,Voluntary,8,14,2003
Glenn_01.01.2003-06.21.2013.csv,Glenn,39.7705,-122.1491,W001,2013-09-18 13:29:54,397705N1221491W001,22N03W12Q003M,8/21/2003,00:00,,,42.200,0.000,42.200,232.940,232.440,190.740,41.700,UNK - Unknown,Unknown,Department of Water Resources,Voluntary,8,21,2003
Glenn_01.01.2003-06.21.2013.csv,Glenn,39.7705,-122.1491,W001,2013-09-18 13:29:54,397705N1221491W001,22N03W12Q003M,9/4/2003,00:00,,,44.600,0.000,44.600,232.940,232.440,188.340,44.100,UNK - Unknown,Unknown,Department of Water Resources,Voluntary,9,4,2003
Glenn_01.01.2003-06.21.2013.csv,Glenn,39.7705,-122.1491,W001,2013-09-18 13:29:54,397705N1221491W001,22N03W12Q003M,9/17/2003,00:00,,,40.800,0.000,40.800,232.940,232.440,192.140,40.300,UNK - Unknown,Unknown,Department of Water Resources,Voluntary,9,17,2003
Glenn_01.01.2003-06.21.2013.csv,Glenn,39.7705,-122.1491,W001,2013-09-18 13:29:54,397705N1221491W001,22N03W12Q003M,9/25/2003,00:00,,,42.800,0.000,42.800,232.940,232.440,190.140,42.300,UNK - Unknown,Unknown,Department of Water Resources,Voluntary,9,25,2003
Glenn_01.01.2003-06.21.2013.csv,Glenn,39.7705,-122.1491,W001,2013-09-18 13:29:54,397705N1221491W001,22N03W12Q003M,10/2/2003,00:00,,,39.700,0.000,39.700,232.940,232.440,193.240,39.200,UNK - Unknown,Unknown,Department of Water Resources,Voluntary,10,2,2003
Glenn_01.01.2003-06.21.2013.csv,Glenn,39.7705,-122.1491,W001,2013-09-18 13:29:54,397705N1221491W001,22N03W12Q003M,10/16/2003,00:00,,,39.400,0.000,39.400,232.940,232.440,193.540,38.900,UNK - Unknown,Unknown,Department of Water Resources,Voluntary,10,16,2003
Glenn_01.01.2003-06.21.2013.csv,Glenn,39.7705,-122.1491,W001,2013-09-18 13:29:54,397705N1221491W001,22N03W12Q003M,10/9/2003,00:00,,,39.800,0.000,39.800,232.940,232.440,193.140,39.300,UNK - Unknown,Unknown,Department of Water Resources,Voluntary,10,9,2003
Glenn_01.01.2003-06.21.2013.csv,Glenn,39.7705,-122.1491,W001,2013-09-18 13:29:54,397705N1221491W001,22N03W12Q003M,10/23/2003,00:00,,,38.300,0.000,38.300,232.940,232.440,194.640,37.800,UNK - Unknown,Unknown,Department of Water Resources,Voluntary,10,23,2003
Glenn_01.01.2003-06.21.2013.csv,Glenn,39.7705,-122.1491,W001,2013-09-18 13:29:54,397705N1221491W001,22N03W12Q003M,10/30/2003,00:00,,,38.400,0.000,38.400,232.940,232.440,194.540,37.900,UNK - Unknown,Unknown,Department of Water Resources,Voluntary,10,30,2003
Glenn_01.01.2003-06.21.2013.csv,Glenn,39.7705,-122.1491,W001,2013-09-18 13:29:54,397705N1221491W001,22N03W12Q003M,11/17/2003,00:00,,,34.700,0.000,34.700,232.940,232.440,198.240,34.200,UNK - Unknown,Unknown,Department of Water Resources,Voluntary,11,17,2003
Glenn_01.01.2003-06.21.2013.csv,Glenn,39.7705,-122.1491,W001,2013-09-18 13:29:54,397705N1221491W001,22N03W12Q003M,11/6/2003,00:00,,,36.000,0.000,36.000,232.940,232.440,196.940,35.500,UNK - Unknown,Unknown,Department of Water Resources,Voluntary,11,6,2003
Glenn_01.01.2003-06.21.2013.csv,Glenn,39.7705,-122.1491,W001,2013-09-18 13:29:54,397705N1221491W001,22N03W12Q003M,11/13/2003,00:00,,,35.000,0.000,35.000,232.940,232.440,197.940,34.500,UNK - Unknown,Unknown,Department of Water Resources,Voluntary,11,13,2003
Glenn_01.01.2003-06.21.2013.csv,Glenn,39.7705,-122.1491,W001,2013-09-18 13:29:54,397705N1221491W001,22N03W12Q003M,3/31/2004,00:00,,,27.100,0.000,27.100,232.940,232.440,205.840,26.600,UNK - Unknown,Unknown,Department of Water Resources,Voluntary,3,31,2004
Glenn_01.01.2003-06.21.2013.csv,Glenn,39.7705,-122.1491,W001,2013-09-18 13:29:54,397705N1221491W001,22N03W12Q003M,4/26/2004,00:00,,4 - Pumped recently,37.700,0.000,37.700,232.940,232.440,195.240,37.200,UNK - Unknown,Unknown,Department of Water Resources,Voluntary,4,26,2004
Glenn_01.01.2003-06.21.2013.csv,Glenn,39.7705,-122.1491,W001,2013-09-18 13:29:54,397705N1221491W001,22N03W12Q003M,5/24/2004,00:00,,1 - Pumping,38.600,0.000,38.600,232.940,232.440,194.340,38.100,UNK - Unknown,Unknown,Department of Water Resources,Voluntary,5,24,2004
Glenn_01.01.2003-06.21.2013.csv,Glenn,39.7705,-122.1491,W001,2013-09-18 13:29:54,397705N1221491W001,22N03W12Q003M,6/21/2004,00:00,,,42.100,0.000,42.100,232.940,232.440,190.840,41.600,UNK - Unknown,Unknown,Department of Water Resources,Voluntary,6,21,2004
Glenn_01.01.2003-06.21.2013.csv,Glenn,39.7705,-122.1491,W001,2013-09-18 13:29:54,397705N1221491W001,22N03W12Q003M,7/26/2004,00:00,,,44.700,0.000,44.700,232.940,232.440,188.240,44.200,UNK - Unknown,Unknown,Department of Water Resources,Voluntary,7,26,2004
Glenn_01.01.2003-06.21.2013.csv,Glenn,39.7705,-122.1491,W001,2013-09-18 13:29:54,397705N1221491W001,22N03W12Q003M,8/25/2004,00:00,,1 - Pumping,44.300,0.000,44.300,232.940,232.440,188.640,43.800,UNK - Unknown,Unknown,Department of Water Resources,Voluntary,8,25,2004
Glenn_01.01.2003-06.21.2013.csv,Glenn,39.7705,-122.1491,W001,2013-09-18 13:29:54,397705N1221491W001,22N03W12Q003M,9/22/2004,00:00,,,43.100,0.000,43.100,232.940,232.440,189.840,42.600,UNK - Unknown,Unknown,Department of Water Resources,Voluntary,9,22,2004
Glenn_01.01.2003-06.21.2013.csv,Glenn,39.7705,-122.1491,W001,2013-09-18 13:29:54,397705N1221491W001,22N03W12Q003M,10/18/2004,00:00,,,38.800,0.000,38.800,232.940,232.440,194.140,38.300,UNK - Unknown,Unknown,Department of Water Resources,Voluntary,10,18,2004
Glenn_01.01.2003-06.21.2013.csv,Glenn,39.7705,-122.1491,W001,2013-09-18 13:29:54,397705N1221491W001,22N03W12Q003M,11/16/2004,00:00,,,34.700,0.000,34.700,232.940,232.440,198.240,34.200,UNK - Unknown,Unknown,Department of Water Resources,Voluntary,11,16,2004
Glenn_01.01.2003-06.21.2013.csv,Glenn,39.7705,-122.1491,W001,2013-09-18 13:29:54,397705N1221491W001,22N03W12Q003M,3/29/2005,00:00,,,27.500,0.000,27.500,232.940,232.440,205.440,27.000,UNK - Unknown,Unknown,Department of Water Resources,Voluntary,3,29,2005
Glenn_01.01.2003-06.21.2013.csv,Glenn,39.7705,-122.1491,W001,2013-09-18 13:29:54,397705N1221491W001,22N03W12Q003M,4/29/2005,00:00,,,29.100,0.000,29.100,232.940,232.440,203.840,28.600,UNK - Unknown,Unknown,Department of Water Resources,Voluntary,4,29,2005
Glenn_01.01.2003-06.21.2013.csv,Glenn,39.7705,-122.1491,W001,2013-09-18 13:29:54,397705N1221491W001,22N03W12Q003M,5/27/2005,00:00,,,30.800,0.000,30.800,232.940,232.440,202.140,30.300,UNK - Unknown,Unknown,Department of Water Resources,Voluntary,5,27,2005
Glenn_01.01.2003-06.21.2013.csv,Glenn,39.7705,-122.1491,W001,2013-09-18 13:29:54,397705N1221491W001,22N03W12Q003M,6/23/2005,00:00,,,42.000,0.000,42.000,232.940,232.440,190.940,41.500,UNK - Unknown,Unknown,Department of Water Resources,Voluntary,6,23,2005
Glenn_01.01.2003-06.21.2013.csv,Glenn,39.7705,-122.1491,W001,2013-09-18 13:29:54,397705N1221491W001,22N03W12Q003M,7/1/2005,00:00,,,41.600,0.000,41.600,232.940,232.440,191.340,41.100,UNK - Unknown,Unknown,Department of Water Resources,Voluntary,7,1,2005
Glenn_01.01.2003-06.21.2013.csv,Glenn,39.7705,-122.1491,W001,2013-09-18 13:29:54,397705N1221491W001,22N03W12Q003M,7/7/2005,00:00,,,41.900,0.000,41.900,232.940,232.440,191.040,41.400,UNK - Unknown,Unknown,Department of Water Resources,Voluntary,7,7,2005
Glenn_01.01.2003-06.21.2013.csv,Glenn,39.7705,-122.1491,W001,2013-09-18 13:29:54,397705N1221491W001,22N03W12Q003M,7/14/2005,00:00,,1 - Pumping,47.000,0.000,47.000,232.940,232.440,185.940,46.500,UNK - Unknown,Unknown,Department of Water Resources,Voluntary,7,14,2005
Glenn_01.01.2003-06.21.2013.csv,Glenn,39.7705,-122.1491,W001,2013-09-18 13:29:54,397705N1221491W001,22N03W12Q003M,7/21/2005,00:00,,,45.400,0.000,45.400,232.940,232.440,187.540,44.900,UNK - Unknown,Unknown,Department of Water Resources,Voluntary,7,21,2005
Glenn_01.01.2003-06.21.2013.csv,Glenn,39.7705,-122.1491,W001,2013-09-18 13:29:54,397705N1221491W001,22N03W12Q003M,7/28/2005,00:00,,,44.900,0.000,44.900,232.940,232.440,188.040,44.400,UNK - Unknown,Unknown,Department of Water Resources,Voluntary,7,28,2005
Glenn_01.01.2003-06.21.2013.csv,Glenn,39.7705,-122.1491,W001,2013-09-18 13:29:54,397705N1221491W001,22N03W12Q003M,8/4/2005,00:00,,,42.800,0.000,42.800,232.940,232.440,190.140,42.300,UNK - Unknown,Unknown,Department of Water Resources,Voluntary,8,4,2005
Glenn_01.01.2003-06.21.2013.csv,Glenn,39.7705,-122.1491,W001,2013-09-18 13:29:54,397705N1221491W001,22N03W12Q003M,8/11/2005,00:00,,,43.100,0.000,43.100,232.940,232.440,189.840,42.600,UNK - Unknown,Unknown,Department of Water Resources,Voluntary,8,11,2005
Glenn_01.01.2003-06.21.2013.csv,Glenn,39.7705,-122.1491,W001,2013-09-18 13:29:54,397705N1221491W001,22N03W12Q003M,8/18/2005,00:00,,,43.150,0.000,43.150,232.940,232.440,189.790,42.650,UNK - Unknown,Unknown,Department of Water Resources,Voluntary,8,18,2005
Glenn_01.01.2003-06.21.2013.csv,Glenn,39.7705,-122.1491,W001,2013-09-18 13:29:54,397705N1221491W001,22N03W12Q003M,8/26/2005,00:00,,,46.800,0.000,46.800,232.940,232.440,186.140,46.300,UNK - Unknown,Unknown,Department of Water Resources,Voluntary,8,26,2005
Glenn_01.01.2003-06.21.2013.csv,Glenn,39.7705,-122.1491,W001,2013-09-18 13:29:54,397705N1221491W001,22N03W12Q003M,9/1/2005,00:00,,,42.600,0.000,42.600,232.940,232.440,190.340,42.100,UNK - Unknown,Unknown,Department of Water Resources,Voluntary,9,1,2005
Glenn_01.01.2003-06.21.2013.csv,Glenn,39.7705,-122.1491,W001,2013-09-18 13:29:54,397705N1221491W001,22N03W12Q003M,9/9/2005,00:00,,,40.300,0.000,40.300,232.940,232.440,192.640,39.800,UNK - Unknown,Unknown,Department of Water Resources,Voluntary,9,9,2005
Glenn_01.01.2003-06.21.2013.csv,Glenn,39.7705,-122.1491,W001,2013-09-18 13:29:54,397705N1221491W001,22N03W12Q003M,9/15/2005,00:00,,,40.600,0.000,40.600,232.940,232.440,192.340,40.100,UNK - Unknown,Unknown,Department of Water Resources,Voluntary,9,15,2005
Glenn_01.01.2003-06.21.2013.csv,Glenn,39.7705,-122.1491,W001,2013-09-18 13:29:54,397705N1221491W001,22N03W12Q003M,8/25/2005,00:00,,,46.800,0.000,46.800,232.940,232.440,186.140,46.300,UNK - Unknown,Unknown,Department of Water Resources,Voluntary,8,25,2005
Glenn_01.01.2003-06.21.2013.csv,Glenn,39.7705,-122.1491,W001,2013-09-18 13:29:54,397705N1221491W001,22N03W12Q003M,9/29/2005,00:00,,,40.400,0.000,40.400,232.940,232.440,192.540,39.900,UNK - Unknown,Unknown,Department of Water Resources,Voluntary,9,29,2005
Glenn_01.01.2003-06.21.2013.csv,Glenn,39.7705,-122.1491,W001,2013-09-18 13:29:54,397705N1221491W001,22N03W12Q003M,10/14/2005,00:00,,,38.500,0.000,38.500,232.940,232.440,194.440,38.000,UNK - Unknown,Unknown,Department of Water Resources,Voluntary,10,14,2005
Glenn_01.01.2003-06.21.2013.csv,Glenn,39.7705,-122.1491,W001,2013-09-18 13:29:54,397705N1221491W001,22N03W12Q003M,10/6/2005,00:00,,,39.300,0.000,39.300,232.940,232.440,193.640,38.800,UNK - Unknown,Unknown,Department of Water Resources,Voluntary,10,6,2005
Glenn_01.01.2003-06.21.2013.csv,Glenn,39.7705,-122.1491,W001,2013-09-18 13:29:54,397705N1221491W001,22N03W12Q003M,9/20/2005,00:00,,,40.100,0.000,40.100,232.940,232.440,192.840,39.600,UNK - Unknown,Unknown,Department of Water Resources,Voluntary,9,20,2005
Glenn_01.01.2003-06.21.2013.csv,Glenn,39.7705,-122.1491,W001,2013-09-18 13:29:54,397705N1221491W001,22N03W12Q003M,10/21/2005,00:00,,,39.000,0.000,39.000,232.940,232.440,193.940,38.500,UNK - Unknown,Unknown,Department of Water Resources,Voluntary,10,21,2005
Glenn_01.01.2003-06.21.2013.csv,Glenn,39.7705,-122.1491,W001,2013-09-18 13:29:54,397705N1221491W001,22N03W12Q003M,10/27/2005,00:00,,,37.100,0.000,37.100,232.940,232.440,195.840,36.600,UNK - Unknown,Unknown,Department of Water Resources,Voluntary,10,27,2005
Glenn_01.01.2003-06.21.2013.csv,Glenn,39.7705,-122.1491,W001,2013-09-18 13:29:54,397705N1221491W001,22N03W12Q003M,3/30/2006,00:00,,,26.300,0.000,26.300,232.940,232.440,206.640,25.800,UNK - Unknown,Unknown,Department of Water Resources,Voluntary,3,30,2006
Glenn_01.01.2003-06.21.2013.csv,Glenn,39.7705,-122.1491,W001,2013-09-18 13:29:54,397705N1221491W001,22N03W12Q003M,5/19/2006,00:00,,,34.800,0.000,34.800,232.940,232.440,198.140,34.300,UNK - Unknown,Unknown,Department of Water Resources,Voluntary,5,19,2006
Glenn_01.01.2003-06.21.2013.csv,Glenn,39.7705,-122.1491,W001,2013-09-18 13:29:54,397705N1221491W001,22N03W12Q003M,8/4/2006,00:00,,,43.500,0.000,43.500,232.940,232.440,189.440,43.000,UNK - Unknown,Unknown,Department of Water Resources,Voluntary,8,4,2006
Glenn_01.01.2003-06.21.2013.csv,Glenn,39.7705,-122.1491,W001,2013-09-18 13:29:54,397705N1221491W001,22N03W12Q003M,10/12/2006,00:00,,,42.600,0.000,42.600,232.940,232.440,190.340,42.100,UNK - Unknown,Unknown,Department of Water Resources,Voluntary,10,12,2006
Glenn_01.01.2003-06.21.2013.csv,Glenn,39.7705,-122.1491,W001,2013-09-18 13:29:54,397705N1221491W001,22N03W12Q003M,3/20/2007,00:00,,,40.480,0.000,40.480,232.940,232.440,192.460,39.980,UNK - Unknown,Unknown,Department of Water Resources,Voluntary,3,20,2007
Glenn_01.01.2003-06.21.2013.csv,Glenn,39.7705,-122.1491,W001,2013-09-18 13:29:54,397705N1221491W001,22N03W12Q003M,8/10/2007,00:00,,,45.300,0.000,45.300,232.940,232.440,187.640,44.800,UNK - Unknown,Unknown,Department of Water Resources,Voluntary,8,10,2007
Glenn_01.01.2003-06.21.2013.csv,Glenn,39.7705,-122.1491,W001,2013-09-18 13:29:54,397705N1221491W001,22N03W12Q003M,10/15/2007,00:00,,,38.700,0.000,38.700,232.940,232.440,194.240,38.200,UNK - Unknown,Unknown,Department of Water Resources,Voluntary,10,15,2007
Glenn_01.01.2003-06.21.2013.csv,Glenn,39.7705,-122.1491,W001,2013-09-18 13:29:54,397705N1221491W001,22N03W12Q003M,3/13/2008,00:00,,,32.900,0.000,32.900,232.940,232.440,200.040,32.400,UNK - Unknown,Unknown,Department of Water Resources,Voluntary,3,13,2008
Glenn_01.01.2003-06.21.2013.csv,Glenn,39.7705,-122.1491,W001,2013-09-18 13:29:54,397705N1221491W001,22N03W12Q003M,8/5/2008,00:00,,,46.900,0.000,46.900,232.940,232.440,186.040,46.400,UNK - Unknown,Unknown,Department of Water Resources,Voluntary,8,5,2008
Glenn_01.01.2003-06.21.2013.csv,Glenn,39.7705,-122.1491,W001,2013-09-18 13:29:54,397705N1221491W001,22N03W12Q003M,10/23/2008,00:00,,,41.200,0.000,41.200,232.940,232.440,191.740,40.700,UNK - Unknown,Unknown,Department of Water Resources,Voluntary,10,23,2008
Glenn_01.01.2003-06.21.2013.csv,Glenn,39.7705,-122.1491,W001,2013-09-18 13:29:54,397705N1221491W001,22N03W12Q003M,1/12/2009,00:00,,,36.680,0.000,36.680,232.940,232.440,196.260,36.180,UNK - Unknown,Unknown,Department of Water Resources,Voluntary,1,12,2009
Glenn_01.01.2003-06.21.2013.csv,Glenn,39.7705,-122.1491,W001,2013-09-18 13:29:54,397705N1221491W001,22N03W12Q003M,3/23/2009,00:00,,,31.720,0.000,31.720,232.940,232.440,201.220,31.220,UNK - Unknown,Unknown,Department of Water Resources,Voluntary,3,23,2009
Glenn_01.01.2003-06.21.2013.csv,Glenn,39.7705,-122.1491,W001,2013-09-18 13:29:54,397705N1221491W001,22N03W12Q003M,5/15/2009,00:00,,,40.190,0.000,40.190,232.940,232.440,192.750,39.690,UNK - Unknown,Unknown,Department of Water Resources,Voluntary,5,15,2009
Glenn_01.01.2003-06.21.2013.csv,Glenn,39.7705,-122.1491,W001,2013-09-18 13:29:54,397705N1221491W001,22N03W12Q003M,6/23/2009,00:00,,,44.900,0.000,44.900,232.940,232.440,188.040,44.400,UNK - Unknown,Unknown,Department of Water Resources,Voluntary,6,23,2009
Glenn_01.01.2003-06.21.2013.csv,Glenn,39.7705,-122.1491,W001,2013-09-18 13:29:54,397705N1221491W001,22N03W12Q003M,8/10/2009,00:00,,,50.450,0.000,50.450,232.940,232.440,182.490,49.950,UNK - Unknown,Unknown,Department of Water Resources,Voluntary,8,10,2009
Glenn_01.01.2003-06.21.2013.csv,Glenn,39.7705,-122.1491,W001,2013-09-18 13:29:54,397705N1221491W001,22N03W12Q003M,9/16/2009,00:00,,1 - Pumping,49.180,0.000,49.180,232.940,232.440,183.760,48.680,UNK - Unknown,Unknown,Department of Water Resources,Voluntary,9,16,2009
Glenn_01.01.2003-06.21.2013.csv,Glenn,39.7705,-122.1491,W001,2013-09-18 13:29:54,397705N1221491W001,22N03W12Q003M,10/22/2009,00:00,,,39.680,0.000,39.680,232.940,232.440,193.260,39.180,UNK - Unknown,Unknown,Department of Water Resources,Voluntary,10,22,2009
Glenn_01.01.2003-06.21.2013.csv,Glenn,39.7705,-122.1491,W001,2013-09-18 13:29:54,397705N1221491W001,22N03W12Q003M,3/22/2010,00:00,,,31.300,0.000,31.300,232.940,232.440,201.640,30.800,UNK - Unknown,Unknown,Department of Water Resources,Voluntary,3,22,2010
Glenn_01.01.2003-06.21.2013.csv,Glenn,39.7705,-122.1491,W001,2013-09-18 13:29:54,397705N1221491W001,22N03W12Q003M,8/2/2010,00:00,,,49.500,0.000,49.500,232.940,232.440,183.440,49.000,UNK - Unknown,Unknown,Department of Water Resources,Voluntary,8,2,2010
Glenn_01.01.2003-06.21.2013.csv,Glenn,39.7705,-122.1491,W001,2013-09-18 13:29:54,397705N1221491W001,22N03W12Q003M,10/18/2010,00:00,,,41.830,0.000,41.830,232.940,232.440,191.110,41.330,UNK - Unknown,Unknown,Department of Water Resources,Voluntary,10,18,2010
Glenn_01.01.2003-06.21.2013.csv,Glenn,39.7705,-122.1491,W001,2013-09-18 13:29:54,397705N1221491W001,22N03W12Q003M,4/5/2011,00:00,,,29.800,0.000,29.800,232.940,232.440,203.140,29.300,UNK - Unknown,Unknown,Department of Water Resources,Voluntary,4,5,2011
Glenn_01.01.2003-06.21.2013.csv,Glenn,39.7705,-122.1491,W001,2013-09-18 13:29:54,397705N1221491W001,22N03W12Q003M,8/3/2011,00:00,,,49.100,0.000,49.100,232.940,232.440,183.840,48.600,UNK - Unknown,Unknown,Department of Water Resources,Voluntary,8,3,2011
Glenn_01.01.2003-06.21.2013.csv,Glenn,39.7705,-122.1491,W001,2013-09-18 13:29:54,397705N1221491W001,22N03W12Q003M,10/12/2011,00:00,,,38.430,0.000,38.430,232.940,232.440,194.510,37.930,UNK - Unknown,Unknown,Department of Water Resources,Voluntary,10,12,2011
Glenn_01.01.2003-06.21.2013.csv,Glenn,39.7705,-122.1491,W001,2013-09-18 13:29:54,397705N1221491W001,22N03W12Q003M,3/19/2013,00:00,,,36.590,0.000,36.590,232.940,232.440,196.350,36.090,ST - Steel tape measurement,0.1 Ft,Department of Water Resources,Voluntary,3,19,2013
Glenn_01.01.2003-06.21.2013.csv,Glenn,39.7752,-122.097,W001,2013-09-18 13:29:54,397752N1220970W001,22N02W09L003M,10/12/2011,00:00,,,32.680,0.000,32.680,198.120,197.420,165.440,31.980,ES - Electric sounder measurement,0.01 Ft,Department of Water Resources,Voluntary,10,12,2011
Glenn_01.01.2003-06.21.2013.csv,Glenn,39.7752,-122.097,W001,2013-09-18 13:29:54,397752N1220970W001,22N02W09L003M,3/30/2012,00:00,,,24.190,0.000,24.190,198.120,197.420,173.930,23.490,ES - Electric sounder measurement,0.01 Ft,Department of Water Resources,Voluntary,3,30,2012
Glenn_01.01.2003-06.21.2013.csv,Glenn,39.7752,-122.097,W001,2013-09-18 13:29:54,397752N1220970W001,22N02W09L003M,8/1/2012,00:00,,,48.320,0.000,48.320,198.120,197.420,149.800,47.620,ES - Electric sounder measurement,0.01 Ft,Department of Water Resources,Voluntary,8,1,2012
Glenn_01.01.2003-06.21.2013.csv,Glenn,39.7752,-122.097,W001,2013-09-18 13:29:54,397752N1220970W001,22N02W09L003M,10/17/2012,00:00,,,48.200,0.000,48.200,198.120,197.420,149.920,47.500,ES - Electric sounder measurement,0.01 Ft,Department of Water Resources,Voluntary,10,17,2012
Glenn_01.01.2003-06.21.2013.csv,Glenn,39.7752,-122.097,W001,2013-09-18 13:29:54,397752N1220970W001,22N02W09L003M,3/10/2003,00:00,,,15.300,0.000,15.300,198.120,197.420,182.820,14.600,UNK - Unknown,Unknown,Department of Water Resources,Voluntary,3,10,2003
Glenn_01.01.2003-06.21.2013.csv,Glenn,39.7752,-122.097,W001,2013-09-18 13:29:54,397752N1220970W001,22N02W09L003M,4/8/2003,00:00,,,15.100,0.000,15.100,198.120,197.420,183.020,14.400,UNK - Unknown,Unknown,Department of Water Resources,Voluntary,4,8,2003
Glenn_01.01.2003-06.21.2013.csv,Glenn,39.7752,-122.097,W001,2013-09-18 13:29:54,397752N1220970W001,22N02W09L003M,5/21/2003,00:00,,,30.100,0.000,30.100,198.120,197.420,168.020,29.400,UNK - Unknown,Unknown,Department of Water Resources,Voluntary,5,21,2003
Glenn_01.01.2003-06.21.2013.csv,Glenn,39.7752,-122.097,W001,2013-09-18 13:29:54,397752N1220970W001,22N02W09L003M,6/25/2003,00:00,,,45.900,0.000,45.900,198.120,197.420,152.220,45.200,UNK - Unknown,Unknown,Department of Water Resources,Voluntary,6,25,2003
Glenn_01.01.2003-06.21.2013.csv,Glenn,39.7752,-122.097,W001,2013-09-18 13:29:54,397752N1220970W001,22N02W09L003M,7/30/2003,00:00,,,47.700,0.000,47.700,198.120,197.420,150.420,47.000,UNK - Unknown,Unknown,Department of Water Resources,Voluntary,7,30,2003
Glenn_01.01.2003-06.21.2013.csv,Glenn,39.7752,-122.097,W001,2013-09-18 13:29:54,397752N1220970W001,22N02W09L003M,8/27/2003,00:00,,,47.400,0.000,47.400,198.120,197.420,150.720,46.700,UNK - Unknown,Unknown,Department of Water Resources,Voluntary,8,27,2003
Glenn_01.01.2003-06.21.2013.csv,Glenn,39.7752,-122.097,W001,2013-09-18 13:29:54,397752N1220970W001,22N02W09L003M,9/17/2003,00:00,,,46.800,0.000,46.800,198.120,197.420,151.320,46.100,UNK - Unknown,Unknown,Department of Water Resources,Voluntary,9,17,2003
Glenn_01.01.2003-06.21.2013.csv,Glenn,39.7752,-122.097,W001,2013-09-18 13:29:54,397752N1220970W001,22N02W09L003M,10/16/2003,00:00,,,45.900,0.000,45.900,198.120,197.420,152.220,45.200,UNK - Unknown,Unknown,Department of Water Resources,Voluntary,10,16,2003
Glenn_01.01.2003-06.21.2013.csv,Glenn,39.7752,-122.097,W001,2013-09-18 13:29:54,397752N1220970W001,22N02W09L003M,11/17/2003,00:00,,,27.500,0.000,27.500,198.120,197.420,170.620,26.800,UNK - Unknown,Unknown,Department of Water Resources,Voluntary,11,17,2003
Glenn_01.01.2003-06.21.2013.csv,Glenn,39.7752,-122.097,W001,2013-09-18 13:29:54,397752N1220970W001,22N02W09L003M,3/31/2004,00:00,,,12.600,0.000,12.600,198.120,197.420,185.520,11.900,UNK - Unknown,Unknown,Department of Water Resources,Voluntary,3,31,2004
Glenn_01.01.2003-06.21.2013.csv,Glenn,39.7752,-122.097,W001,2013-09-18 13:29:54,397752N1220970W001,22N02W09L003M,4/26/2004,00:00,,,35.900,0.000,35.900,198.120,197.420,162.220,35.200,UNK - Unknown,Unknown,Department of Water Resources,Voluntary,4,26,2004
Glenn_01.01.2003-06.21.2013.csv,Glenn,39.7752,-122.097,W001,2013-09-18 13:29:54,397752N1220970W001,22N02W09L003M,5/24/2004,00:00,,,44.400,0.000,44.400,198.120,197.420,153.720,43.700,UNK - Unknown,Unknown,Department of Water Resources,Voluntary,5,24,2004
Glenn_01.01.2003-06.21.2013.csv,Glenn,39.7752,-122.097,W001,2013-09-18 13:29:54,397752N1220970W001,22N02W09L003M,6/21/2004,00:00,,,45.800,0.000,45.800,198.120,197.420,152.320,45.100,UNK - Unknown,Unknown,Department of Water Resources,Voluntary,6,21,2004
Glenn_01.01.2003-06.21.2013.csv,Glenn,39.7752,-122.097,W001,2013-09-18 13:29:54,397752N1220970W001,22N02W09L003M,7/26/2004,00:00,,3 - Casing leaking or wet,48.000,0.000,48.000,198.120,197.420,150.120,47.300,UNK - Unknown,Unknown,Department of Water Resources,Voluntary,7,26,2004
Glenn_01.01.2003-06.21.2013.csv,Glenn,39.7752,-122.097,W001,2013-09-18 13:29:54,397752N1220970W001,22N02W09L003M,8/25/2004,00:00,,,48.500,0.000,48.500,198.120,197.420,149.620,47.800,UNK - Unknown,Unknown,Department of Water Resources,Voluntary,8,25,2004
Glenn_01.01.2003-06.21.2013.csv,Glenn,39.7752,-122.097,W001,2013-09-18 13:29:54,397752N1220970W001,22N02W09L003M,9/22/2004,00:00,,3 - Casing leaking or wet,48.400,0.000,48.400,198.120,197.420,149.720,47.700,UNK - Unknown,Unknown,Department of Water Resources,Voluntary,9,22,2004
Glenn_01.01.2003-06.21.2013.csv,Glenn,39.7752,-122.097,W001,2013-09-18 13:29:54,397752N1220970W001,22N02W09L003M,10/18/2004,00:00,,,36.400,0.000,36.400,198.120,197.420,161.720,35.700,UNK - Unknown,Unknown,Department of Water Resources,Voluntary,10,18,2004
Glenn_01.01.2003-06.21.2013.csv,Glenn,39.7752,-122.097,W001,2013-09-18 13:29:54,397752N1220970W001,22N02W09L003M,11/16/2004,00:00,,,26.800,0.000,26.800,198.120,197.420,171.320,26.100,UNK - Unknown,Unknown,Department of Water Resources,Voluntary,11,16,2004
Glenn_01.01.2003-06.21.2013.csv,Glenn,39.7752,-122.097,W001,2013-09-18 13:29:54,397752N1220970W001,22N02W09L003M,3/29/2005,00:00,,,14.000,0.000,14.000,198.120,197.420,184.120,13.300,UNK - Unknown,Unknown,Department of Water Resources,Voluntary,3,29,2005
Glenn_01.01.2003-06.21.2013.csv,Glenn,39.7752,-122.097,W001,2013-09-18 13:29:54,397752N1220970W001,22N02W09L003M,4/28/2005,00:00,,,16.400,0.000,16.400,198.120,197.420,181.720,15.700,UNK - Unknown,Unknown,Department of Water Resources,Voluntary,4,28,2005
Glenn_01.01.2003-06.21.2013.csv,Glenn,39.7752,-122.097,W001,2013-09-18 13:29:54,397752N1220970W001,22N02W09L003M,5/27/2005,00:00,,,25.100,0.000,25.100,198.120,197.420,173.020,24.400,UNK - Unknown,Unknown,Department of Water Resources,Voluntary,5,27,2005
Glenn_01.01.2003-06.21.2013.csv,Glenn,39.7752,-122.097,W001,2013-09-18 13:29:54,397752N1220970W001,22N02W09L003M,6/23/2005,00:00,,,45.700,0.000,45.700,198.120,197.420,152.420,45.000,UNK - Unknown,Unknown,Department of Water Resources,Voluntary,6,23,2005
Glenn_01.01.2003-06.21.2013.csv,Glenn,39.7752,-122.097,W001,2013-09-18 13:29:54,397752N1220970W001,22N02W09L003M,7/28/2005,00:00,,,46.000,0.000,46.000,198.120,197.420,152.120,45.300,UNK - Unknown,Unknown,Department of Water Resources,Voluntary,7,28,2005
Glenn_01.01.2003-06.21.2013.csv,Glenn,39.7752,-122.097,W001,2013-09-18 13:29:54,397752N1220970W001,22N02W09L003M,8/26/2005,00:00,,3 - Casing leaking or wet,49.000,0.000,49.000,198.120,197.420,149.120,48.300,UNK - Unknown,Unknown,Department of Water Resources,Voluntary,8,26,2005
Glenn_01.01.2003-06.21.2013.csv,Glenn,39.7752,-122.097,W001,2013-09-18 13:29:54,397752N1220970W001,22N02W09L003M,9/29/2005,00:00,,3 - Casing leaking or wet,45.800,0.000,45.800,198.120,197.420,152.320,45.100,UNK - Unknown,Unknown,Department of Water Resources,Voluntary,9,29,2005
Glenn_01.01.2003-06.21.2013.csv,Glenn,39.7752,-122.097,W001,2013-09-18 13:29:54,397752N1220970W001,22N02W09L003M,10/21/2005,00:00,,,37.000,0.000,37.000,198.120,197.420,161.120,36.300,UNK - Unknown,Unknown,Department of Water Resources,Voluntary,10,21,2005
Glenn_01.01.2003-06.21.2013.csv,Glenn,39.7752,-122.097,W001,2013-09-18 13:29:54,397752N1220970W001,22N02W09L003M,3/30/2006,00:00,,,12.200,0.000,12.200,198.120,197.420,185.920,11.500,UNK - Unknown,Unknown,Department of Water Resources,Voluntary,3,30,2006
Glenn_01.01.2003-06.21.2013.csv,Glenn,39.7752,-122.097,W001,2013-09-18 13:29:54,397752N1220970W001,22N02W09L003M,5/19/2006,00:00,,,39.700,0.000,39.700,198.120,197.420,158.420,39.000,UNK - Unknown,Unknown,Department of Water Resources,Voluntary,5,19,2006
Glenn_01.01.2003-06.21.2013.csv,Glenn,39.7752,-122.097,W001,2013-09-18 13:29:54,397752N1220970W001,22N02W09L003M,8/3/2006,00:00,,3 - Casing leaking or wet,49.000,0.000,49.000,198.120,197.420,149.120,48.300,UNK - Unknown,Unknown,Department of Water Resources,Voluntary,8,3,2006
Glenn_01.01.2003-06.21.2013.csv,Glenn,39.7752,-122.097,W001,2013-09-18 13:29:54,397752N1220970W001,22N02W09L003M,10/12/2006,00:00,,,41.300,0.000,41.300,198.120,197.420,156.820,40.600,UNK - Unknown,Unknown,Department of Water Resources,Voluntary,10,12,2006
Glenn_01.01.2003-06.21.2013.csv,Glenn,39.7752,-122.097,W001,2013-09-18 13:29:54,397752N1220970W001,22N02W09L003M,3/20/2007,00:00,,,30.500,0.000,30.500,198.120,197.420,167.620,29.800,UNK - Unknown,Unknown,Department of Water Resources,Voluntary,3,20,2007
Glenn_01.01.2003-06.21.2013.csv,Glenn,39.7752,-122.097,W001,2013-09-18 13:29:54,397752N1220970W001,22N02W09L003M,8/10/2007,00:00,,3 - Casing leaking or wet,47.630,0.000,47.630,198.120,197.420,150.490,46.930,UNK - Unknown,Unknown,Department of Water Resources,Voluntary,8,10,2007
Glenn_01.01.2003-06.21.2013.csv,Glenn,39.7752,-122.097,W001,2013-09-18 13:29:54,397752N1220970W001,22N02W09L003M,10/15/2007,00:00,,,35.110,0.000,35.110,198.120,197.420,163.010,34.410,UNK - Unknown,Unknown,Department of Water Resources,Voluntary,10,15,2007
Glenn_01.01.2003-06.21.2013.csv,Glenn,39.7752,-122.097,W001,2013-09-18 13:29:54,397752N1220970W001,22N02W09L003M,3/13/2008,00:00,,,18.820,0.000,18.820,198.120,197.420,179.300,18.120,UNK - Unknown,Unknown,Department of Water Resources,Voluntary,3,13,2008
Glenn_01.01.2003-06.21.2013.csv,Glenn,39.7752,-122.097,W001,2013-09-18 13:29:54,397752N1220970W001,22N02W09L003M,8/5/2008,00:00,,3 - Casing leaking or wet,48.140,0.000,48.140,198.120,197.420,149.980,47.440,UNK - Unknown,Unknown,Department of Water Resources,Voluntary,8,5,2008
Glenn_01.01.2003-06.21.2013.csv,Glenn,39.7752,-122.097,W001,2013-09-18 13:29:54,397752N1220970W001,22N02W09L003M,10/22/2008,00:00,,,41.700,0.000,41.700,198.120,197.420,156.420,41.000,UNK - Unknown,Unknown,Department of Water Resources,Voluntary,10,22,2008
Glenn_01.01.2003-06.21.2013.csv,Glenn,39.7752,-122.097,W001,2013-09-18 13:29:54,397752N1220970W001,22N02W09L003M,1/12/2009,00:00,,,27.640,0.000,27.640,198.120,197.420,170.480,26.940,UNK - Unknown,Unknown,Department of Water Resources,Voluntary,1,12,2009
Glenn_01.01.2003-06.21.2013.csv,Glenn,39.7752,-122.097,W001,2013-09-18 13:29:54,397752N1220970W001,22N02W09L003M,3/23/2009,00:00,,,20.410,0.000,20.410,198.120,197.420,177.710,19.710,UNK - Unknown,Unknown,Department of Water Resources,Voluntary,3,23,2009
Glenn_01.01.2003-06.21.2013.csv,Glenn,39.7752,-122.097,W001,2013-09-18 13:29:54,397752N1220970W001,22N02W09L003M,5/15/2009,00:00,,3 - Casing leaking or wet,45.850,0.000,45.850,198.120,197.420,152.270,45.150,UNK - Unknown,Unknown,Department of Water Resources,Voluntary,5,15,2009
Glenn_01.01.2003-06.21.2013.csv,Glenn,39.7752,-122.097,W001,2013-09-18 13:29:54,397752N1220970W001,22N02W09L003M,6/23/2009,00:00,,3 - Casing leaking or wet,48.200,0.000,48.200,198.120,197.420,149.920,47.500,UNK - Unknown,Unknown,Department of Water Resources,Voluntary,6,23,2009
Glenn_01.01.2003-06.21.2013.csv,Glenn,39.7752,-122.097,W001,2013-09-18 13:29:54,397752N1220970W001,22N02W09L003M,8/10/2009,00:00,8 - Casing leaking or wet,,NULL,NULL,NULL,198.120,197.420,NULL,NULL,,,Department of Water Resources,Voluntary,8,10,2009
Glenn_01.01.2003-06.21.2013.csv,Glenn,39.7752,-122.097,W001,2013-09-18 13:29:54,397752N1220970W001,22N02W09L003M,9/17/2009,00:00,8 - Casing leaking or wet,,NULL,NULL,NULL,198.120,197.420,NULL,NULL,,,Department of Water Resources,Voluntary,9,17,2009
Glenn_01.01.2003-06.21.2013.csv,Glenn,39.7752,-122.097,W001,2013-09-18 13:29:54,397752N1220970W001,22N02W09L003M,10/22/2009,00:00,,,37.000,0.000,37.000,198.120,197.420,161.120,36.300,UNK - Unknown,Unknown,Department of Water Resources,Voluntary,10,22,2009
Glenn_01.01.2003-06.21.2013.csv,Glenn,39.7752,-122.097,W001,2013-09-18 13:29:54,397752N1220970W001,22N02W09L003M,3/22/2010,00:00,,,17.900,0.000,17.900,198.120,197.420,180.220,17.200,UNK - Unknown,Unknown,Department of Water Resources,Voluntary,3,22,2010
Glenn_01.01.2003-06.21.2013.csv,Glenn,39.7752,-122.097,W001,2013-09-18 13:29:54,397752N1220970W001,22N02W09L003M,8/2/2010,00:00,,3 - Casing leaking or wet,47.200,0.000,47.200,198.120,197.420,150.920,46.500,UNK - Unknown,Unknown,Department of Water Resources,Voluntary,CASCADING H2O.8,2,2010
Glenn_01.01.2003-06.21.2013.csv,Glenn,39.7752,-122.097,W001,2013-09-18 13:29:54,397752N1220970W001,22N02W09L003M,10/18/2010,00:00,,,42.280,0.000,42.280,198.120,197.420,155.840,41.580,UNK - Unknown,Unknown,Department of Water Resources,Voluntary,10,18,2010
Glenn_01.01.2003-06.21.2013.csv,Glenn,39.7752,-122.097,W001,2013-09-18 13:29:54,397752N1220970W001,22N02W09L003M,4/5/2011,00:00,,,16.020,0.000,16.020,198.120,197.420,182.100,15.320,UNK - Unknown,Unknown,Department of Water Resources,Voluntary,4,5,2011
Glenn_01.01.2003-06.21.2013.csv,Glenn,39.7752,-122.097,W001,2013-09-18 13:29:54,397752N1220970W001,22N02W09L003M,8/3/2011,00:00,1 - Pumping,,NULL,NULL,NULL,198.120,197.420,NULL,NULL,,,Department of Water Resources,Voluntary,8,3,2011
Glenn_01.01.2003-06.21.2013.csv,Glenn,39.7752,-122.097,W001,2013-09-18 13:29:54,397752N1220970W001,22N02W09L003M,10/12/2011,00:00,,,32.680,0.000,32.680,198.120,197.420,165.440,31.980,UNK - Unknown,Unknown,Department of Water Resources,Voluntary,10,12,2011
Glenn_01.01.2003-06.21.2013.csv,Glenn,39.7752,-122.097,W001,2013-09-18 13:29:54,397752N1220970W001,22N02W09L003M,3/19/2013,00:00,,,26.650,0.000,26.650,198.120,197.420,171.470,25.950,ES - Electric sounder measurement,0.01 Ft,Department of Water Resources,Voluntary,3,19,2013
Glenn_01.01.2003-06.21.2013.csv,Glenn,39.7829,-122.1117,W001,2013-09-18 13:29:54,397829N1221117W001,22N02W08B002M,10/12/2011,00:00,,,44.720,0.000,44.720,208.430,207.430,163.710,43.720,ES - Electric sounder measurement,0.01 Ft,Department of Water Resources,Voluntary,10,12,2011
Glenn_01.01.2003-06.21.2013.csv,Glenn,39.7829,-122.1117,W001,2013-09-18 13:29:54,397829N1221117W001,22N02W08B002M,3/30/2012,00:00,,,34.240,0.000,34.240,208.430,207.430,174.190,33.240,ES - Electric sounder measurement,0.01 Ft,Department of Water Resources,Voluntary,3,30,2012
Glenn_01.01.2003-06.21.2013.csv,Glenn,39.7829,-122.1117,W001,2013-09-18 13:29:54,397829N1221117W001,22N02W08B002M,8/1/2012,00:00,,2 - Nearby pump operating,78.330,0.000,78.330,208.430,207.430,130.100,77.330,ES - Electric sounder measurement,0.01 Ft,Department of Water Resources,Voluntary,8,1,2012
Glenn_01.01.2003-06.21.2013.csv,Glenn,39.7829,-122.1117,W001,2013-09-18 13:29:54,397829N1221117W001,22N02W08B002M,10/17/2012,00:00,,,62.100,0.000,62.100,208.430,207.430,146.330,61.100,ES - Electric sounder measurement,0.01 Ft,Department of Water Resources,Voluntary,10,17,2012
Glenn_01.01.2003-06.21.2013.csv,Glenn,39.7829,-122.1117,W001,2013-09-18 13:29:54,397829N1221117W001,22N02W08B002M,3/10/2003,00:00,,,25.100,0.000,25.100,208.430,207.430,183.330,24.100,UNK - Unknown,Unknown,Department of Water Resources,Voluntary,3,10,2003
Glenn_01.01.2003-06.21.2013.csv,Glenn,39.7829,-122.1117,W001,2013-09-18 13:29:54,397829N1221117W001,22N02W08B002M,4/8/2003,00:00,,,25.200,0.000,25.200,208.430,207.430,183.230,24.200,UNK - Unknown,Unknown,Department of Water Resources,Voluntary,4,8,2003
Glenn_01.01.2003-06.21.2013.csv,Glenn,39.7829,-122.1117,W001,2013-09-18 13:29:54,397829N1221117W001,22N02W08B002M,5/21/2003,00:00,,,37.800,0.000,37.800,208.430,207.430,170.630,36.800,UNK - Unknown,Unknown,Department of Water Resources,Voluntary,5,21,2003
Glenn_01.01.2003-06.21.2013.csv,Glenn,39.7829,-122.1117,W001,2013-09-18 13:29:54,397829N1221117W001,22N02W08B002M,6/25/2003,00:00,,2 - Nearby pump operating,73.600,0.000,73.600,208.430,207.430,134.830,72.600,UNK - Unknown,Unknown,Department of Water Resources,Voluntary,6,25,2003
Glenn_01.01.2003-06.21.2013.csv,Glenn,39.7829,-122.1117,W001,2013-09-18 13:29:54,397829N1221117W001,22N02W08B002M,7/30/2003,00:00,,,6.800,0.000,6.800,208.430,207.430,201.630,5.800,UNK - Unknown,Unknown,Department of Water Resources,Voluntary,7,30,2003
Glenn_01.01.2003-06.21.2013.csv,Glenn,39.7829,-122.1117,W001,2013-09-18 13:29:54,397829N1221117W001,22N02W08B002M,8/27/2003,00:00,,,63.500,0.000,63.500,208.430,207.430,144.930,62.500,UNK - Unknown,Unknown,Department of Water Resources,Voluntary,8,27,2003
Glenn_01.01.2003-06.21.2013.csv,Glenn,39.7829,-122.1117,W001,2013-09-18 13:29:54,397829N1221117W001,22N02W08B002M,9/17/2003,00:00,,,62.700,0.000,62.700,208.430,207.430,145.730,61.700,UNK - Unknown,Unknown,Department of Water Resources,Voluntary,9,17,2003
Glenn_01.01.2003-06.21.2013.csv,Glenn,39.7829,-122.1117,W001,2013-09-18 13:29:54,397829N1221117W001,22N02W08B002M,10/16/2003,00:00,,,52.700,0.000,52.700,208.430,207.430,155.730,51.700,UNK - Unknown,Unknown,Department of Water Resources,Voluntary,10,16,2003
Glenn_01.01.2003-06.21.2013.csv,Glenn,39.7829,-122.1117,W001,2013-09-18 13:29:54,397829N1221117W001,22N02W08B002M,11/17/2003,00:00,,,38.400,0.000,38.400,208.430,207.430,170.030,37.400,UNK - Unknown,Unknown,Department of Water Resources,Voluntary,11,17,2003
Glenn_01.01.2003-06.21.2013.csv,Glenn,39.7829,-122.1117,W001,2013-09-18 13:29:54,397829N1221117W001,22N02W08B002M,3/31/2004,00:00,,,22.300,0.000,22.300,208.430,207.430,186.130,21.300,UNK - Unknown,Unknown,Department of Water Resources,Voluntary,3,31,2004
Glenn_01.01.2003-06.21.2013.csv,Glenn,39.7829,-122.1117,W001,2013-09-18 13:29:54,397829N1221117W001,22N02W08B002M,4/26/2004,00:00,,2 - Nearby pump operating,55.900,0.000,55.900,208.430,207.430,152.530,54.900,UNK - Unknown,Unknown,Department of Water Resources,Voluntary,4,26,2004
Glenn_01.01.2003-06.21.2013.csv,Glenn,39.7829,-122.1117,W001,2013-09-18 13:29:54,397829N1221117W001,22N02W08B002M,5/24/2004,00:00,,,52.000,0.000,52.000,208.430,207.430,156.430,51.000,UNK - Unknown,Unknown,Department of Water Resources,Voluntary,5,24,2004
Glenn_01.01.2003-06.21.2013.csv,Glenn,39.7829,-122.1117,W001,2013-09-18 13:29:54,397829N1221117W001,22N02W08B002M,6/21/2004,00:00,,,62.700,0.000,62.700,208.430,207.430,145.730,61.700,UNK - Unknown,Unknown,Department of Water Resources,Voluntary,6,21,2004
Glenn_01.01.2003-06.21.2013.csv,Glenn,39.7829,-122.1117,W001,2013-09-18 13:29:54,397829N1221117W001,22N02W08B002M,7/26/2004,00:00,,,69.400,0.000,69.400,208.430,207.430,139.030,68.400,UNK - Unknown,Unknown,Department of Water Resources,Voluntary,7,26,2004
Glenn_01.01.2003-06.21.2013.csv,Glenn,39.7829,-122.1117,W001,2013-09-18 13:29:54,397829N1221117W001,22N02W08B002M,8/25/2004,00:00,,,65.000,0.000,65.000,208.430,207.430,143.430,64.000,UNK - Unknown,Unknown,Department of Water Resources,Voluntary,8,25,2004
Glenn_01.01.2003-06.21.2013.csv,Glenn,39.7829,-122.1117,W001,2013-09-18 13:29:54,397829N1221117W001,22N02W08B002M,9/22/2004,00:00,,,61.400,0.000,61.400,208.430,207.430,147.030,60.400,UNK - Unknown,Unknown,Department of Water Resources,Voluntary,9,22,2004
Glenn_01.01.2003-06.21.2013.csv,Glenn,39.7829,-122.1117,W001,2013-09-18 13:29:54,397829N1221117W001,22N02W08B002M,10/18/2004,00:00,,,48.700,0.000,48.700,208.430,207.430,159.730,47.700,UNK - Unknown,Unknown,Department of Water Resources,Voluntary,10,18,2004
Glenn_01.01.2003-06.21.2013.csv,Glenn,39.7829,-122.1117,W001,2013-09-18 13:29:54,397829N1221117W001,22N02W08B002M,11/16/2004,00:00,,,37.800,0.000,37.800,208.430,207.430,170.630,36.800,UNK - Unknown,Unknown,Department of Water Resources,Voluntary,11,16,2004
Glenn_01.01.2003-06.21.2013.csv,Glenn,39.7829,-122.1117,W001,2013-09-18 13:29:54,397829N1221117W001,22N02W08B002M,3/29/2005,00:00,,,23.700,0.000,23.700,208.430,207.430,184.730,22.700,UNK - Unknown,Unknown,Department of Water Resources,Voluntary,3,29,2005
Glenn_01.01.2003-06.21.2013.csv,Glenn,39.7829,-122.1117,W001,2013-09-18 13:29:54,397829N1221117W001,22N02W08B002M,4/28/2005,00:00,,,25.700,0.000,25.700,208.430,207.430,182.730,24.700,UNK - Unknown,Unknown,Department of Water Resources,Voluntary,4,28,2005
Glenn_01.01.2003-06.21.2013.csv,Glenn,39.7829,-122.1117,W001,2013-09-18 13:29:54,397829N1221117W001,22N02W08B002M,5/27/2005,00:00,,,32.500,0.000,32.500,208.430,207.430,175.930,31.500,UNK - Unknown,Unknown,Department of Water Resources,Voluntary,5,27,2005
Glenn_01.01.2003-06.21.2013.csv,Glenn,39.7829,-122.1117,W001,2013-09-18 13:29:54,397829N1221117W001,22N02W08B002M,6/23/2005,00:00,,,54.300,0.000,54.300,208.430,207.430,154.130,53.300,UNK - Unknown,Unknown,Department of Water Resources,Voluntary,6,23,2005
Glenn_01.01.2003-06.21.2013.csv,Glenn,39.7829,-122.1117,W001,2013-09-18 13:29:54,397829N1221117W001,22N02W08B002M,7/29/2005,00:00,,2 - Nearby pump operating,74.600,0.000,74.600,208.430,207.430,133.830,73.600,UNK - Unknown,Unknown,Department of Water Resources,Voluntary,7,29,2005
Glenn_01.01.2003-06.21.2013.csv,Glenn,39.7829,-122.1117,W001,2013-09-18 13:29:54,397829N1221117W001,22N02W08B002M,8/26/2005,00:00,,2 - Nearby pump operating,73.100,0.000,73.100,208.430,207.430,135.330,72.100,UNK - Unknown,Unknown,Department of Water Resources,Voluntary,8,26,2005
Glenn_01.01.2003-06.21.2013.csv,Glenn,39.7829,-122.1117,W001,2013-09-18 13:29:54,397829N1221117W001,22N02W08B002M,9/29/2005,00:00,,,54.700,0.000,54.700,208.430,207.430,153.730,53.700,UNK - Unknown,Unknown,Department of Water Resources,Voluntary,9,29,2005
Glenn_01.01.2003-06.21.2013.csv,Glenn,39.7829,-122.1117,W001,2013-09-18 13:29:54,397829N1221117W001,22N02W08B002M,10/21/2005,00:00,,,48.900,0.000,48.900,208.430,207.430,159.530,47.900,UNK - Unknown,Unknown,Department of Water Resources,Voluntary,10,21,2005
Glenn_01.01.2003-06.21.2013.csv,Glenn,39.7829,-122.1117,W001,2013-09-18 13:29:54,397829N1221117W001,22N02W08B002M,3/30/2006,00:00,,,21.600,0.000,21.600,208.430,207.430,186.830,20.600,UNK - Unknown,Unknown,Department of Water Resources,Voluntary,3,30,2006
Glenn_01.01.2003-06.21.2013.csv,Glenn,39.7829,-122.1117,W001,2013-09-18 13:29:54,397829N1221117W001,22N02W08B002M,5/19/2006,00:00,,2 - Nearby pump operating,55.300,0.000,55.300,208.430,207.430,153.130,54.300,UNK - Unknown,Unknown,Department of Water Resources,Voluntary,5,19,2006
Glenn_01.01.2003-06.21.2013.csv,Glenn,39.7829,-122.1117,W001,2013-09-18 13:29:54,397829N1221117W001,22N02W08B002M,8/3/2006,00:00,,2 - Nearby pump operating,74.400,0.000,74.400,208.430,207.430,134.030,73.400,UNK - Unknown,Unknown,Department of Water Resources,Voluntary,8,3,2006
Glenn_01.01.2003-06.21.2013.csv,Glenn,39.7829,-122.1117,W001,2013-09-18 13:29:54,397829N1221117W001,22N02W08B002M,10/12/2006,00:00,,,50.000,0.000,50.000,208.430,207.430,158.430,49.000,UNK - Unknown,Unknown,Department of Water Resources,Voluntary,10,12,2006
Glenn_01.01.2003-06.21.2013.csv,Glenn,39.7829,-122.1117,W001,2013-09-18 13:29:54,397829N1221117W001,22N02W08B002M,3/20/2007,00:00,,,38.400,0.000,38.400,208.430,207.430,170.030,37.400,UNK - Unknown,Unknown,Department of Water Resources,Voluntary,3,20,2007
Glenn_01.01.2003-06.21.2013.csv,Glenn,39.7829,-122.1117,W001,2013-09-18 13:29:54,397829N1221117W001,22N02W08B002M,8/10/2007,00:00,,,71.470,0.000,71.470,208.430,207.430,136.960,70.470,UNK - Unknown,Unknown,Department of Water Resources,Voluntary,8,10,2007
Glenn_01.01.2003-06.21.2013.csv,Glenn,39.7829,-122.1117,W001,2013-09-18 13:29:54,397829N1221117W001,22N02W08B002M,10/15/2007,00:00,,,48.020,0.000,48.020,208.430,207.430,160.410,47.020,UNK - Unknown,Unknown,Department of Water Resources,Voluntary,10,15,2007
Glenn_01.01.2003-06.21.2013.csv,Glenn,39.7829,-122.1117,W001,2013-09-18 13:29:54,397829N1221117W001,22N02W08B002M,3/13/2008,00:00,,,28.740,0.000,28.740,208.430,207.430,179.690,27.740,UNK - Unknown,Unknown,Department of Water Resources,Voluntary,3,13,2008
Glenn_01.01.2003-06.21.2013.csv,Glenn,39.7829,-122.1117,W001,2013-09-18 13:29:54,397829N1221117W001,22N02W08B002M,8/5/2008,00:00,,,71.260,0.000,71.260,208.430,207.430,137.170,70.260,UNK - Unknown,Unknown,Department of Water Resources,Voluntary,8,5,2008
Glenn_01.01.2003-06.21.2013.csv,Glenn,39.7829,-122.1117,W001,2013-09-18 13:29:54,397829N1221117W001,22N02W08B002M,10/22/2008,00:00,,,54.400,0.000,54.400,208.430,207.430,154.030,53.400,UNK - Unknown,Unknown,Department of Water Resources,Voluntary,10,22,2008
Glenn_01.01.2003-06.21.2013.csv,Glenn,39.7829,-122.1117,W001,2013-09-18 13:29:54,397829N1221117W001,22N02W08B002M,1/12/2009,00:00,,,38.090,0.000,38.090,208.430,207.430,170.340,37.090,UNK - Unknown,Unknown,Department of Water Resources,Voluntary,1,12,2009
Glenn_01.01.2003-06.21.2013.csv,Glenn,39.7829,-122.1117,W001,2013-09-18 13:29:54,397829N1221117W001,22N02W08B002M,3/23/2009,00:00,,,31.230,0.000,31.230,208.430,207.430,177.200,30.230,UNK - Unknown,Unknown,Department of Water Resources,Voluntary,3,23,2009
Glenn_01.01.2003-06.21.2013.csv,Glenn,39.7829,-122.1117,W001,2013-09-18 13:29:54,397829N1221117W001,22N02W08B002M,5/15/2009,00:00,,,53.600,0.000,53.600,208.430,207.430,154.830,52.600,UNK - Unknown,Unknown,Department of Water Resources,Voluntary,5,15,2009
Glenn_01.01.2003-06.21.2013.csv,Glenn,39.7829,-122.1117,W001,2013-09-18 13:29:54,397829N1221117W001,22N02W08B002M,6/23/2009,00:00,3 - Tape hung up,,NULL,NULL,NULL,208.430,207.430,NULL,NULL,,,Department of Water Resources,Voluntary,6,23,2009
Glenn_01.01.2003-06.21.2013.csv,Glenn,39.7829,-122.1117,W001,2013-09-18 13:29:54,397829N1221117W001,22N02W08B002M,8/10/2009,00:00,,2 - Nearby pump operating,76.430,0.000,76.430,208.430,207.430,132.000,75.430,UNK - Unknown,Unknown,Department of Water Resources,Voluntary,8,10,2009
Glenn_01.01.2003-06.21.2013.csv,Glenn,39.7829,-122.1117,W001,2013-09-18 13:29:54,397829N1221117W001,22N02W08B002M,9/17/2009,00:00,,,65.550,0.000,65.550,208.430,207.430,142.880,64.550,UNK - Unknown,Unknown,Department of Water Resources,Voluntary,9,17,2009
Glenn_01.01.2003-06.21.2013.csv,Glenn,39.7829,-122.1117,W001,2013-09-18 13:29:54,397829N1221117W001,22N02W08B002M,10/22/2009,00:00,,,50.050,0.000,50.050,208.430,207.430,158.380,49.050,UNK - Unknown,Unknown,Department of Water Resources,Voluntary,10,22,2009
Glenn_01.01.2003-06.21.2013.csv,Glenn,39.7829,-122.1117,W001,2013-09-18 13:29:54,397829N1221117W001,22N02W08B002M,3/22/2010,00:00,,,28.750,0.000,28.750,208.430,207.430,179.680,27.750,UNK - Unknown,Unknown,Department of Water Resources,Voluntary,3,22,2010
Glenn_01.01.2003-06.21.2013.csv,Glenn,39.7829,-122.1117,W001,2013-09-18 13:29:54,397829N1221117W001,22N02W08B002M,8/2/2010,00:00,,2 - Nearby pump operating,75.840,0.000,75.840,208.430,207.430,132.590,74.840,UNK - Unknown,Unknown,Department of Water Resources,Voluntary,8,2,2010
Glenn_01.01.2003-06.21.2013.csv,Glenn,39.7829,-122.1117,W001,2013-09-18 13:29:54,397829N1221117W001,22N02W08B002M,10/18/2010,00:00,,,53.140,0.000,53.140,208.430,207.430,155.290,52.140,UNK - Unknown,Unknown,Department of Water Resources,Voluntary,10,18,2010
Glenn_01.01.2003-06.21.2013.csv,Glenn,39.7829,-122.1117,W001,2013-09-18 13:29:54,397829N1221117W001,22N02W08B002M,4/5/2011,00:00,,,26.020,0.000,26.020,208.430,207.430,182.410,25.020,UNK - Unknown,Unknown,Department of Water Resources,Voluntary,4,5,2011
Glenn_01.01.2003-06.21.2013.csv,Glenn,39.7829,-122.1117,W001,2013-09-18 13:29:54,397829N1221117W001,22N02W08B002M,8/3/2011,00:00,,,65.040,0.000,65.040,208.430,207.430,143.390,64.040,UNK - Unknown,Unknown,Department of Water Resources,Voluntary,8,3,2011
Glenn_01.01.2003-06.21.2013.csv,Glenn,39.7829,-122.1117,W001,2013-09-18 13:29:54,397829N1221117W001,22N02W08B002M,10/12/2011,00:00,,,44.720,0.000,44.720,208.430,207.430,163.710,43.720,UNK - Unknown,Unknown,Department of Water Resources,Voluntary,10,12,2011
Glenn_01.01.2003-06.21.2013.csv,Glenn,39.7829,-122.1117,W001,2013-09-18 13:29:54,397829N1221117W001,22N02W08B002M,3/19/2013,00:00,,,38.150,0.000,38.150,208.430,207.430,170.280,37.150,ES - Electric sounder measurement,0.01 Ft,Department of Water Resources,Voluntary,3,19,2013
Glenn_01.01.2003-06.21.2013.csv,Glenn,39.7836,-122.0461,W001,2013-09-18 13:29:54,397836N1220461W001,22N02W01N001M,10/12/2011,00:00,,,41.820,0.000,41.820,161.065,159.205,119.245,39.960,ES - Electric sounder measurement,0.01 Ft,Department of Water Resources,CASGEM,10,12,2011
Glenn_01.01.2003-06.21.2013.csv,Glenn,39.7836,-122.0461,W001,2013-09-18 13:29:54,397836N1220461W001,22N02W01N001M,10/12/2011,00:00,,,41.820,0.000,41.820,161.065,159.205,119.245,39.960,ES - Electric sounder measurement,0.01 Ft,Department of Water Resources,CASGEM,10,12,2011
Glenn_01.01.2003-06.21.2013.csv,Glenn,39.7836,-122.0461,W001,2013-09-18 13:29:54,397836N1220461W001,22N02W01N001M,3/30/2012,00:00,,,22.650,0.000,22.650,161.065,159.205,138.415,20.790,ES - Electric sounder measurement,0.01 Ft,Department of Water Resources,CASGEM,3,30,2012
Glenn_01.01.2003-06.21.2013.csv,Glenn,39.7836,-122.0461,W001,2013-09-18 13:29:54,397836N1220461W001,22N02W01N001M,8/1/2012,00:00,,,33.960,0.000,33.960,161.065,159.205,127.105,32.100,ES - Electric sounder measurement,0.01 Ft,Department of Water Resources,CASGEM,8,1,2012
Glenn_01.01.2003-06.21.2013.csv,Glenn,39.7836,-122.0461,W001,2013-09-18 13:29:54,397836N1220461W001,22N02W01N001M,10/17/2012,00:00,,,33.550,0.000,33.550,161.065,159.205,127.515,31.690,ES - Electric sounder measurement,0.01 Ft,Department of Water Resources,CASGEM,10,17,2012
Glenn_01.01.2003-06.21.2013.csv,Glenn,39.7836,-122.0461,W001,2013-09-18 13:29:54,397836N1220461W001,22N02W01N001M,3/19/2013,00:00,,,20.970,0.000,20.970,161.065,159.205,140.095,19.110,ES - Electric sounder measurement,0.01 Ft,Department of Water Resources,CASGEM,3,19,2013
Glenn_01.01.2003-06.21.2013.csv,Glenn,39.7836,-122.0461,W001,2013-09-18 13:29:54,397836N1220461W001,22N02W01N001M,2/14/2007,00:00,,,14.940,0.000,14.940,161.065,159.205,146.125,13.080,UNK - Unknown,Unknown,Department of Water Resources,Voluntary,NEW WELL2,14,2007
Glenn_01.01.2003-06.21.2013.csv,Glenn,39.7836,-122.0461,W001,2013-09-18 13:29:54,397836N1220461W001,22N02W01N001M,3/22/2007,00:00,,,14.000,0.000,14.000,161.065,159.205,147.065,12.140,UNK - Unknown,Unknown,Department of Water Resources,Voluntary,3,22,2007
Glenn_01.01.2003-06.21.2013.csv,Glenn,39.7836,-122.0461,W001,2013-09-18 13:29:54,397836N1220461W001,22N02W01N001M,4/16/2007,00:00,,,15.300,0.000,15.300,161.065,159.205,145.765,13.440,UNK - Unknown,Unknown,Department of Water Resources,Voluntary,4,16,2007
Glenn_01.01.2003-06.21.2013.csv,Glenn,39.7836,-122.0461,W001,2013-09-18 13:29:54,397836N1220461W001,22N02W01N001M,4/18/2007,00:00,,2 - Nearby pump operating,22.100,0.000,22.100,161.065,159.205,138.965,20.240,UNK - Unknown,Unknown,Department of Water Resources,Voluntary,4,18,2007
Glenn_01.01.2003-06.21.2013.csv,Glenn,39.7836,-122.0461,W001,2013-09-18 13:29:54,397836N1220461W001,22N02W01N001M,4/24/2007,00:00,,2 - Nearby pump operating,66.500,0.000,66.500,161.065,159.205,94.565,64.640,UNK - Unknown,Unknown,Department of Water Resources,Voluntary,4,24,2007
Glenn_01.01.2003-06.21.2013.csv,Glenn,39.7836,-122.0461,W001,2013-09-18 13:29:54,397836N1220461W001,22N02W01N001M,4/26/2007,00:00,,2 - Nearby pump operating,69.900,0.000,69.900,161.065,159.205,91.165,68.040,UNK - Unknown,Unknown,Department of Water Resources,Voluntary,4,26,2007
Glenn_01.01.2003-06.21.2013.csv,Glenn,39.7836,-122.0461,W001,2013-09-18 13:29:54,397836N1220461W001,22N02W01N001M,5/1/2007,00:00,,2 - Nearby pump operating,75.700,0.000,75.700,161.065,159.205,85.365,73.840,UNK - Unknown,Unknown,Department of Water Resources,Voluntary,5,1,2007
Glenn_01.01.2003-06.21.2013.csv,Glenn,39.7836,-122.0461,W001,2013-09-18 13:29:54,397836N1220461W001,22N02W01N001M,5/3/2007,00:00,,2 - Nearby pump operating,77.520,0.000,77.520,161.065,159.205,83.545,75.660,UNK - Unknown,Unknown,Department of Water Resources,Voluntary,5,3,2007
Glenn_01.01.2003-06.21.2013.csv,Glenn,39.7836,-122.0461,W001,2013-09-18 13:29:54,397836N1220461W001,22N02W01N001M,5/16/2007,00:00,,2 - Nearby pump operating,84.800,0.000,84.800,161.065,159.205,76.265,82.940,UNK - Unknown,Unknown,Department of Water Resources,Voluntary,5,16,2007
Glenn_01.01.2003-06.21.2013.csv,Glenn,39.7836,-122.0461,W001,2013-09-18 13:29:54,397836N1220461W001,22N02W01N001M,5/18/2007,00:00,,,51.600,0.000,51.600,161.065,159.205,109.465,49.740,UNK - Unknown,Unknown,Department of Water Resources,Voluntary,5,18,2007
Glenn_01.01.2003-06.21.2013.csv,Glenn,39.7836,-122.0461,W001,2013-09-18 13:29:54,397836N1220461W001,22N02W01N001M,5/30/2007,00:00,,,32.300,0.000,32.300,161.065,159.205,128.765,30.440,UNK - Unknown,Unknown,Department of Water Resources,Voluntary,5,30,2007
Glenn_01.01.2003-06.21.2013.csv,Glenn,39.7836,-122.0461,W001,2013-09-18 13:29:54,397836N1220461W001,22N02W01N001M,5/31/2007,00:00,,,31.800,0.000,31.800,161.065,159.205,129.265,29.940,UNK - Unknown,Unknown,Department of Water Resources,Voluntary,5,31,2007
Glenn_01.01.2003-06.21.2013.csv,Glenn,39.7836,-122.0461,W001,2013-09-18 13:29:54,397836N1220461W001,22N02W01N001M,6/20/2007,00:00,,,26.600,0.000,26.600,161.065,159.205,134.465,24.740,UNK - Unknown,Unknown,Department of Water Resources,Voluntary,6,20,2007
Glenn_01.01.2003-06.21.2013.csv,Glenn,39.7836,-122.0461,W001,2013-09-18 13:29:54,397836N1220461W001,22N02W01N001M,8/9/2007,00:00,,,30.430,0.000,30.430,161.065,159.205,130.635,28.570,UNK - Unknown,Unknown,Department of Water Resources,Voluntary,8,9,2007
Glenn_01.01.2003-06.21.2013.csv,Glenn,39.7836,-122.0461,W001,2013-09-18 13:29:54,397836N1220461W001,22N02W01N001M,8/31/2007,00:00,,,30.850,0.000,30.850,161.065,159.205,130.215,28.990,UNK - Unknown,Unknown,Department of Water Resources,Voluntary,8,31,2007
Glenn_01.01.2003-06.21.2013.csv,Glenn,39.7836,-122.0461,W001,2013-09-18 13:29:54,397836N1220461W001,22N02W01N001M,10/15/2007,00:00,,,28.780,0.000,28.780,161.065,159.205,132.285,26.920,UNK - Unknown,Unknown,Department of Water Resources,Voluntary,10,15,2007
Glenn_01.01.2003-06.21.2013.csv,Glenn,39.7836,-122.0461,W001,2013-09-18 13:29:54,397836N1220461W001,22N02W01N001M,1/15/2008,00:00,,,21.850,0.000,21.850,161.065,159.205,139.215,19.990,UNK - Unknown,Unknown,Department of Water Resources,Voluntary,1,15,2008
Glenn_01.01.2003-06.21.2013.csv,Glenn,39.7836,-122.0461,W001,2013-09-18 13:29:54,397836N1220461W001,22N02W01N001M,3/13/2008,00:00,,,17.910,0.000,17.910,161.065,159.205,143.155,16.050,UNK - Unknown,Unknown,Department of Water Resources,Voluntary,3,13,2008
Glenn_01.01.2003-06.21.2013.csv,Glenn,39.7836,-122.0461,W001,2013-09-18 13:29:54,397836N1220461W001,22N02W01N001M,7/1/2008,00:00,,,26.110,0.000,26.110,161.065,159.205,134.955,24.250,UNK - Unknown,Unknown,Department of Water Resources,Voluntary,7,1,2008
Glenn_01.01.2003-06.21.2013.csv,Glenn,39.7836,-122.0461,W001,2013-09-18 13:29:54,397836N1220461W001,22N02W01N001M,7/16/2008,00:00,,2 - Nearby pump operating,87.430,0.000,87.430,161.065,159.205,73.635,85.570,UNK - Unknown,Unknown,Department of Water Resources,Voluntary,7,16,2008
Glenn_01.01.2003-06.21.2013.csv,Glenn,39.7836,-122.0461,W001,2013-09-18 13:29:54,397836N1220461W001,22N02W01N001M,7/22/2008,00:00,,2 - Nearby pump operating,92.160,0.000,92.160,161.065,159.205,68.905,90.300,UNK - Unknown,Unknown,Department of Water Resources,Voluntary,7,22,2008
Glenn_01.01.2003-06.21.2013.csv,Glenn,39.7836,-122.0461,W001,2013-09-18 13:29:54,397836N1220461W001,22N02W01N001M,7/24/2008,00:00,,2 - Nearby pump operating,93.230,0.000,93.230,161.065,159.205,67.835,91.370,UNK - Unknown,Unknown,Department of Water Resources,Voluntary,7,24,2008
Glenn_01.01.2003-06.21.2013.csv,Glenn,39.7836,-122.0461,W001,2013-09-18 13:29:54,397836N1220461W001,22N02W01N001M,7/25/2008,00:00,,2 - Nearby pump operating,93.830,0.000,93.830,161.065,159.205,67.235,91.970,UNK - Unknown,Unknown,Department of Water Resources,Voluntary,7,25,2008
Glenn_01.01.2003-06.21.2013.csv,Glenn,39.7836,-122.0461,W001,2013-09-18 13:29:54,397836N1220461W001,22N02W01N001M,8/5/2008,00:00,,,55.160,0.000,55.160,161.065,159.205,105.905,53.300,UNK - Unknown,Unknown,Department of Water Resources,Voluntary,8,5,2008
Glenn_01.01.2003-06.21.2013.csv,Glenn,39.7836,-122.0461,W001,2013-09-18 13:29:54,397836N1220461W001,22N02W01N001M,8/17/2006,00:00,,,20.260,0.000,20.260,161.065,159.205,140.805,18.400,UNK - Unknown,Unknown,Department of Water Resources,Voluntary,8,17,2006
Glenn_01.01.2003-06.21.2013.csv,Glenn,39.7836,-122.0461,W001,2013-09-18 13:29:54,397836N1220461W001,22N02W01N001M,10/22/2008,00:00,,,32.770,0.000,32.770,161.065,159.205,128.295,30.910,UNK - Unknown,Unknown,Department of Water Resources,Voluntary,10,22,2008
Glenn_01.01.2003-06.21.2013.csv,Glenn,39.7836,-122.0461,W001,2013-09-18 13:29:54,397836N1220461W001,22N02W01N001M,12/9/2008,00:00,,,28.100,0.000,28.100,161.065,159.205,132.965,26.240,UNK - Unknown,Unknown,Glenn-Colusa Irrigation District,Voluntary,12,9,2008
Glenn_01.01.2003-06.21.2013.csv,Glenn,39.7836,-122.0461,W001,2013-09-18 13:29:54,397836N1220461W001,22N02W01N001M,1/12/2009,00:00,,,25.540,0.000,25.540,161.065,159.205,135.525,23.680,UNK - Unknown,Unknown,Glenn-Colusa Irrigation District,Voluntary,1,12,2009
Glenn_01.01.2003-06.21.2013.csv,Glenn,39.7836,-122.0461,W001,2013-09-18 13:29:54,397836N1220461W001,22N02W01N001M,2/25/2009,00:00,,,22.450,0.000,22.450,161.065,159.205,138.615,20.590,UNK - Unknown,Unknown,Department of Water Resources,Voluntary,2,25,2009
Glenn_01.01.2003-06.21.2013.csv,Glenn,39.7836,-122.0461,W001,2013-09-18 13:29:54,397836N1220461W001,22N02W01N001M,2/27/2009,00:00,,,22.750,0.000,22.750,161.065,159.205,138.315,20.890,UNK - Unknown,Unknown,Department of Water Resources,Voluntary,2,27,2009
Glenn_01.01.2003-06.21.2013.csv,Glenn,39.7836,-122.0461,W001,2013-09-18 13:29:54,397836N1220461W001,22N02W01N001M,3/2/2009,00:00,,2 - Nearby pump operating,63.200,0.000,63.200,161.065,159.205,97.865,61.340,UNK - Unknown,Unknown,Glenn-Colusa Irrigation District,Voluntary,3,2,2009
Glenn_01.01.2003-06.21.2013.csv,Glenn,39.7836,-122.0461,W001,2013-09-18 13:29:54,397836N1220461W001,22N02W01N001M,3/23/2009,00:00,,,25.700,0.000,25.700,161.065,159.205,135.365,23.840,UNK - Unknown,Unknown,Department of Water Resources,Voluntary,3,23,2009
Glenn_01.01.2003-06.21.2013.csv,Glenn,39.7836,-122.0461,W001,2013-09-18 13:29:54,397836N1220461W001,22N02W01N001M,5/15/2009,00:00,,,23.000,0.000,23.000,161.065,159.205,138.065,21.140,UNK - Unknown,Unknown,Department of Water Resources,Voluntary,5,15,2009
Glenn_01.01.2003-06.21.2013.csv,Glenn,39.7836,-122.0461,W001,2013-09-18 13:29:54,397836N1220461W001,22N02W01N001M,6/23/2009,00:00,,,43.450,0.000,43.450,161.065,159.205,117.615,41.590,UNK - Unknown,Unknown,Department of Water Resources,Voluntary,6,23,2009
Glenn_01.01.2003-06.21.2013.csv,Glenn,39.7836,-122.0461,W001,2013-09-18 13:29:54,397836N1220461W001,22N02W01N001M,8/10/2009,00:00,,2 - Nearby pump operating,99.890,0.000,99.890,161.065,159.205,61.175,98.030,UNK - Unknown,Unknown,Department of Water Resources,Voluntary,8,10,2009
Glenn_01.01.2003-06.21.2013.csv,Glenn,39.7836,-122.0461,W001,2013-09-18 13:29:54,397836N1220461W001,22N02W01N001M,9/17/2009,00:00,,,45.200,0.000,45.200,161.065,159.205,115.865,43.340,UNK - Unknown,Unknown,Department of Water Resources,Voluntary,9,17,2009
Glenn_01.01.2003-06.21.2013.csv,Glenn,39.7836,-122.0461,W001,2013-09-18 13:29:54,397836N1220461W001,22N02W01N001M,10/23/2009,00:00,,,36.870,0.000,36.870,161.065,159.205,124.195,35.010,UNK - Unknown,Unknown,Department of Water Resources,Voluntary,10,23,2009
Glenn_01.01.2003-06.21.2013.csv,Glenn,39.7836,-122.0461,W001,2013-09-18 13:29:54,397836N1220461W001,22N02W01N001M,3/22/2010,00:00,,,21.370,0.000,21.370,161.065,159.205,139.695,19.510,UNK - Unknown,Unknown,Department of Water Resources,Voluntary,3,22,2010
Glenn_01.01.2003-06.21.2013.csv,Glenn,39.7836,-122.0461,W001,2013-09-18 13:29:54,397836N1220461W001,22N02W01N001M,8/2/2010,00:00,,,27.620,0.000,27.620,161.065,159.205,133.445,25.760,UNK - Unknown,Unknown,Department of Water Resources,Voluntary,8,2,2010
Glenn_01.01.2003-06.21.2013.csv,Glenn,39.7836,-122.0461,W001,2013-09-18 13:29:54,397836N1220461W001,22N02W01N001M,10/18/2010,00:00,,,28.950,0.000,28.950,161.065,159.205,132.115,27.090,UNK - Unknown,Unknown,Department of Water Resources,Voluntary,10,18,2010
Glenn_01.01.2003-06.21.2013.csv,Glenn,39.7836,-122.0461,W001,2013-09-18 13:29:54,397836N1220461W001,22N02W01N001M,3/14/2011,00:00,,,24.710,0.000,24.710,161.065,159.205,136.355,22.850,UNK - Unknown,Unknown,Department of Water Resources,Voluntary,3,14,2011
Glenn_01.01.2003-06.21.2013.csv,Glenn,39.7836,-122.0461,W001,2013-09-18 13:29:54,397836N1220461W001,22N02W01N001M,4/5/2011,00:00,,,18.900,0.000,18.900,161.065,159.205,142.165,17.040,UNK - Unknown,Unknown,Department of Water Resources,Voluntary,4,5,2011
Glenn_01.01.2003-06.21.2013.csv,Glenn,39.7836,-122.0461,W001,2013-09-18 13:29:54,397836N1220461W001,22N02W01N001M,8/1/2011,00:00,,,34.350,0.000,34.350,161.065,159.205,126.715,32.490,UNK - Unknown,Unknown,Department of Water Resources,Voluntary,8,1,2011
Glenn_01.01.2003-06.21.2013.csv,Glenn,39.7836,-122.0461,W001,2013-09-18 13:29:54,397836N1220461W001,22N02W01N001M,11/28/2011,00:00,,,37.800,0.000,37.800,161.065,159.205,123.265,35.940,UNK - Unknown,Unknown,Department of Water Resources,Voluntary,11,28,2011
Glenn_01.01.2003-06.21.2013.csv,Glenn,39.7836,-122.0461,W001,2013-09-18 13:29:54,397836N1220461W001,22N02W01N001M,5/23/2013,00:00,,,26.300,0.000,26.300,161.065,159.205,134.765,24.440,ES - Electric sounder measurement,0.1 Ft,Department of Water Resources,Voluntary,5,23,2013
Glenn_01.01.2003-06.21.2013.csv,Glenn,39.7836,-122.0461,W002,2013-09-18 13:29:54,397836N1220461W002,22N02W01N002M,10/12/2011,00:00,,,35.280,0.000,35.280,161.305,159.205,126.025,33.180,ES - Electric sounder measurement,0.01 Ft,Department of Water Resources,CASGEM,10,12,2011
Glenn_01.01.2003-06.21.2013.csv,Glenn,39.7836,-122.0461,W002,2013-09-18 13:29:54,397836N1220461W002,22N02W01N002M,10/12/2011,00:00,,,35.280,0.000,35.280,161.305,159.205,126.025,33.180,ES - Electric sounder measurement,0.01 Ft,Department of Water Resources,CASGEM,10,12,2011
Glenn_01.01.2003-06.21.2013.csv,Glenn,39.7836,-122.0461,W002,2013-09-18 13:29:54,397836N1220461W002,22N02W01N002M,3/30/2012,00:00,,,17.190,0.000,17.190,161.305,159.205,144.115,15.090,ES - Electric sounder measurement,0.01 Ft,Department of Water Resources,CASGEM,3,30,2012
Glenn_01.01.2003-06.21.2013.csv,Glenn,39.7836,-122.0461,W002,2013-09-18 13:29:54,397836N1220461W002,22N02W01N002M,8/1/2012,00:00,,,55.580,0.000,55.580,161.305,159.205,105.725,53.480,ES - Electric sounder measurement,0.01 Ft,Department of Water Resources,CASGEM,8,1,2012
Glenn_01.01.2003-06.21.2013.csv,Glenn,39.7836,-122.0461,W002,2013-09-18 13:29:54,397836N1220461W002,22N02W01N002M,10/17/2012,00:00,,,36.440,0.000,36.440,161.305,159.205,124.865,34.340,ES - Electric sounder measurement,0.01 Ft,Department of Water Resources,CASGEM,10,17,2012
Glenn_01.01.2003-06.21.2013.csv,Glenn,39.7836,-122.0461,W002,2013-09-18 13:29:54,397836N1220461W002,22N02W01N002M,3/19/2013,00:00,,,18.760,0.000,18.760,161.305,159.205,142.545,16.660,ES - Electric sounder measurement,0.01 Ft,Department of Water Resources,CASGEM,3,19,2013
Glenn_01.01.2003-06.21.2013.csv,Glenn,39.7836,-122.0461,W002,2013-09-18 13:29:54,397836N1220461W002,22N02W01N002M,2/14/2007,00:00,,,13.090,0.000,13.090,161.305,159.205,148.215,10.990,UNK - Unknown,Unknown,Department of Water Resources,Voluntary,NEW WELL2,14,2007
Glenn_01.01.2003-06.21.2013.csv,Glenn,39.7836,-122.0461,W002,2013-09-18 13:29:54,397836N1220461W002,22N02W01N002M,3/22/2007,00:00,,,13.350,0.000,13.350,161.305,159.205,147.955,11.250,UNK - Unknown,Unknown,Department of Water Resources,Voluntary,3,22,2007
Glenn_01.01.2003-06.21.2013.csv,Glenn,39.7836,-122.0461,W002,2013-09-18 13:29:54,397836N1220461W002,22N02W01N002M,4/16/2007,00:00,,,19.600,0.000,19.600,161.305,159.205,141.705,17.500,UNK - Unknown,Unknown,Department of Water Resources,Voluntary,4,16,2007
Glenn_01.01.2003-06.21.2013.csv,Glenn,39.7836,-122.0461,W002,2013-09-18 13:29:54,397836N1220461W002,22N02W01N002M,4/18/2007,00:00,,2 - Nearby pump operating,19.600,0.000,19.600,161.305,159.205,141.705,17.500,UNK - Unknown,Unknown,Department of Water Resources,Voluntary,4,18,2007
Glenn_01.01.2003-06.21.2013.csv,Glenn,39.7836,-122.0461,W002,2013-09-18 13:29:54,397836N1220461W002,22N02W01N002M,4/24/2007,00:00,,2 - Nearby pump operating,26.300,0.000,26.300,161.305,159.205,135.005,24.200,UNK - Unknown,Unknown,Department of Water Resources,Voluntary,4,24,2007
Glenn_01.01.2003-06.21.2013.csv,Glenn,39.7836,-122.0461,W002,2013-09-18 13:29:54,397836N1220461W002,22N02W01N002M,4/26/2007,00:00,,2 - Nearby pump operating,26.900,0.000,26.900,161.305,159.205,134.405,24.800,UNK - Unknown,Unknown,Department of Water Resources,Voluntary,4,26,2007
Glenn_01.01.2003-06.21.2013.csv,Glenn,39.7836,-122.0461,W002,2013-09-18 13:29:54,397836N1220461W002,22N02W01N002M,5/1/2007,00:00,,2 - Nearby pump operating,31.900,0.000,31.900,161.305,159.205,129.405,29.800,UNK - Unknown,Unknown,Department of Water Resources,Voluntary,5,1,2007
Glenn_01.01.2003-06.21.2013.csv,Glenn,39.7836,-122.0461,W002,2013-09-18 13:29:54,397836N1220461W002,22N02W01N002M,5/3/2007,00:00,,2 - Nearby pump operating,35.400,0.000,35.400,161.305,159.205,125.905,33.300,UNK - Unknown,Unknown,Department of Water Resources,Voluntary,5,3,2007
Glenn_01.01.2003-06.21.2013.csv,Glenn,39.7836,-122.0461,W002,2013-09-18 13:29:54,397836N1220461W002,22N02W01N002M,5/16/2007,00:00,,2 - Nearby pump operating,46.400,0.000,46.400,161.305,159.205,114.905,44.300,UNK - Unknown,Unknown,Department of Water Resources,Voluntary,5,16,2007
Glenn_01.01.2003-06.21.2013.csv,Glenn,39.7836,-122.0461,W002,2013-09-18 13:29:54,397836N1220461W002,22N02W01N002M,5/18/2007,00:00,,,44.100,0.000,44.100,161.305,159.205,117.205,42.000,UNK - Unknown,Unknown,Department of Water Resources,Voluntary,5,18,2007
Glenn_01.01.2003-06.21.2013.csv,Glenn,39.7836,-122.0461,W002,2013-09-18 13:29:54,397836N1220461W002,22N02W01N002M,5/30/2007,00:00,,,42.000,0.000,42.000,161.305,159.205,119.305,39.900,UNK - Unknown,Unknown,Department of Water Resources,Voluntary,5,30,2007
Glenn_01.01.2003-06.21.2013.csv,Glenn,39.7836,-122.0461,W002,2013-09-18 13:29:54,397836N1220461W002,22N02W01N002M,5/31/2007,00:00,,,42.600,0.000,42.600,161.305,159.205,118.705,40.500,UNK - Unknown,Unknown,Department of Water Resources,Voluntary,5,31,2007
Glenn_01.01.2003-06.21.2013.csv,Glenn,39.7836,-122.0461,W002,2013-09-18 13:29:54,397836N1220461W002,22N02W01N002M,6/20/2007,00:00,,,45.100,0.000,45.100,161.305,159.205,116.205,43.000,UNK - Unknown,Unknown,Department of Water Resources,Voluntary,6,20,2007
Glenn_01.01.2003-06.21.2013.csv,Glenn,39.7836,-122.0461,W002,2013-09-18 13:29:54,397836N1220461W002,22N02W01N002M,8/9/2007,00:00,,,46.800,0.000,46.800,161.305,159.205,114.505,44.700,UNK - Unknown,Unknown,Department of Water Resources,Voluntary,8,9,2007
Glenn_01.01.2003-06.21.2013.csv,Glenn,39.7836,-122.0461,W002,2013-09-18 13:29:54,397836N1220461W002,22N02W01N002M,8/31/2007,00:00,,,44.030,0.000,44.030,161.305,159.205,117.275,41.930,UNK - Unknown,Unknown,Department of Water Resources,Voluntary,8,31,2007
Glenn_01.01.2003-06.21.2013.csv,Glenn,39.7836,-122.0461,W002,2013-09-18 13:29:54,397836N1220461W002,22N02W01N002M,10/15/2007,00:00,,,29.010,0.000,29.010,161.305,159.205,132.295,26.910,UNK - Unknown,Unknown,Department of Water Resources,Voluntary,10,15,2007
Glenn_01.01.2003-06.21.2013.csv,Glenn,39.7836,-122.0461,W002,2013-09-18 13:29:54,397836N1220461W002,22N02W01N002M,1/15/2008,00:00,,,18.180,0.000,18.180,161.305,159.205,143.125,16.080,UNK - Unknown,Unknown,Department of Water Resources,Voluntary,1,15,2008
Glenn_01.01.2003-06.21.2013.csv,Glenn,39.7836,-122.0461,W002,2013-09-18 13:29:54,397836N1220461W002,22N02W01N002M,3/13/2008,00:00,,,13.790,0.000,13.790,161.305,159.205,147.515,11.690,UNK - Unknown,Unknown,Department of Water Resources,Voluntary,3,13,2008
Glenn_01.01.2003-06.21.2013.csv,Glenn,39.7836,-122.0461,W002,2013-09-18 13:29:54,397836N1220461W002,22N02W01N002M,7/1/2008,00:00,,,46.420,0.000,46.420,161.305,159.205,114.885,44.320,UNK - Unknown,Unknown,Department of Water Resources,Voluntary,7,1,2008
Glenn_01.01.2003-06.21.2013.csv,Glenn,39.7836,-122.0461,W002,2013-09-18 13:29:54,397836N1220461W002,22N02W01N002M,7/16/2008,00:00,,2 - Nearby pump operating,60.650,0.000,60.650,161.305,159.205,100.655,58.550,UNK - Unknown,Unknown,Department of Water Resources,Voluntary,7,16,2008
Glenn_01.01.2003-06.21.2013.csv,Glenn,39.7836,-122.0461,W002,2013-09-18 13:29:54,397836N1220461W002,22N02W01N002M,7/22/2008,00:00,,2 - Nearby pump operating,58.070,0.000,58.070,161.305,159.205,103.235,55.970,UNK - Unknown,Unknown,Department of Water Resources,Voluntary,7,22,2008
Glenn_01.01.2003-06.21.2013.csv,Glenn,39.7836,-122.0461,W002,2013-09-18 13:29:54,397836N1220461W002,22N02W01N002M,7/24/2008,00:00,,2 - Nearby pump operating,61.960,0.000,61.960,161.305,159.205,99.345,59.860,UNK - Unknown,Unknown,Department of Water Resources,Voluntary,7,24,2008
Glenn_01.01.2003-06.21.2013.csv,Glenn,39.7836,-122.0461,W002,2013-09-18 13:29:54,397836N1220461W002,22N02W01N002M,7/25/2008,00:00,,2 - Nearby pump operating,63.080,0.000,63.080,161.305,159.205,98.225,60.980,UNK - Unknown,Unknown,Department of Water Resources,Voluntary,7,25,2008
Glenn_01.01.2003-06.21.2013.csv,Glenn,39.7836,-122.0461,W002,2013-09-18 13:29:54,397836N1220461W002,22N02W01N002M,8/5/2008,00:00,,,56.750,0.000,56.750,161.305,159.205,104.555,54.650,UNK - Unknown,Unknown,Department of Water Resources,Voluntary,8,5,2008
Glenn_01.01.2003-06.21.2013.csv,Glenn,39.7836,-122.0461,W002,2013-09-18 13:29:54,397836N1220461W002,22N02W01N002M,8/17/2006,00:00,,,39.990,0.000,39.990,161.305,159.205,121.315,37.890,UNK - Unknown,Unknown,Department of Water Resources,Voluntary,8,17,2006
Glenn_01.01.2003-06.21.2013.csv,Glenn,39.7836,-122.0461,W002,2013-09-18 13:29:54,397836N1220461W002,22N02W01N002M,10/22/2008,00:00,,,31.460,0.000,31.460,161.305,159.205,129.845,29.360,UNK - Unknown,Unknown,Department of Water Resources,Voluntary,10,22,2008
Glenn_01.01.2003-06.21.2013.csv,Glenn,39.7836,-122.0461,W002,2013-09-18 13:29:54,397836N1220461W002,22N02W01N002M,12/9/2008,00:00,,,22.800,0.000,22.800,161.305,159.205,138.505,20.700,UNK - Unknown,Unknown,Glenn-Colusa Irrigation District,Voluntary,12,9,2008
Glenn_01.01.2003-06.21.2013.csv,Glenn,39.7836,-122.0461,W002,2013-09-18 13:29:54,397836N1220461W002,22N02W01N002M,1/12/2009,00:00,,,20.300,0.000,20.300,161.305,159.205,141.005,18.200,UNK - Unknown,Unknown,Glenn-Colusa Irrigation District,Voluntary,1,12,2009
Glenn_01.01.2003-06.21.2013.csv,Glenn,39.7836,-122.0461,W002,2013-09-18 13:29:54,397836N1220461W002,22N02W01N002M,2/25/2009,00:00,,,17.840,0.000,17.840,161.305,159.205,143.465,15.740,UNK - Unknown,Unknown,Department of Water Resources,Voluntary,2,25,2009
Glenn_01.01.2003-06.21.2013.csv,Glenn,39.7836,-122.0461,W002,2013-09-18 13:29:54,397836N1220461W002,22N02W01N002M,2/27/2009,00:00,,,17.720,0.000,17.720,161.305,159.205,143.585,15.620,UNK - Unknown,Unknown,Department of Water Resources,Voluntary,2,27,2009
Glenn_01.01.2003-06.21.2013.csv,Glenn,39.7836,-122.0461,W002,2013-09-18 13:29:54,397836N1220461W002,22N02W01N002M,3/2/2009,00:00,,2 - Nearby pump operating,22.400,0.000,22.400,161.305,159.205,138.905,20.300,UNK - Unknown,Unknown,Glenn-Colusa Irrigation District,Voluntary,3,2,2009
Glenn_01.01.2003-06.21.2013.csv,Glenn,39.7836,-122.0461,W002,2013-09-18 13:29:54,397836N1220461W002,22N02W01N002M,3/23/2009,00:00,,,17.860,0.000,17.860,161.305,159.205,143.445,15.760,UNK - Unknown,Unknown,Department of Water Resources,Voluntary,3,23,2009
Glenn_01.01.2003-06.21.2013.csv,Glenn,39.7836,-122.0461,W002,2013-09-18 13:29:54,397836N1220461W002,22N02W01N002M,5/15/2009,00:00,,,31.310,0.000,31.310,161.305,159.205,129.995,29.210,UNK - Unknown,Unknown,Department of Water Resources,Voluntary,5,15,2009
Glenn_01.01.2003-06.21.2013.csv,Glenn,39.7836,-122.0461,W002,2013-09-18 13:29:54,397836N1220461W002,22N02W01N002M,6/23/2009,00:00,,,28.100,0.000,28.100,161.305,159.205,133.205,26.000,UNK - Unknown,Unknown,Department of Water Resources,Voluntary,6,23,2009
Glenn_01.01.2003-06.21.2013.csv,Glenn,39.7836,-122.0461,W002,2013-09-18 13:29:54,397836N1220461W002,22N02W01N002M,8/10/2009,00:00,,,63.700,0.000,63.700,161.305,159.205,97.605,61.600,UNK - Unknown,Unknown,Department of Water Resources,Voluntary,8,10,2009
Glenn_01.01.2003-06.21.2013.csv,Glenn,39.7836,-122.0461,W002,2013-09-18 13:29:54,397836N1220461W002,22N02W01N002M,9/17/2009,00:00,,,45.520,0.000,45.520,161.305,159.205,115.785,43.420,UNK - Unknown,Unknown,Department of Water Resources,Voluntary,9,17,2009
Glenn_01.01.2003-06.21.2013.csv,Glenn,39.7836,-122.0461,W002,2013-09-18 13:29:54,397836N1220461W002,22N02W01N002M,10/23/2009,00:00,,,32.270,0.000,32.270,161.305,159.205,129.035,30.170,UNK - Unknown,Unknown,Department of Water Resources,Voluntary,10,23,2009
Glenn_01.01.2003-06.21.2013.csv,Glenn,39.7836,-122.0461,W002,2013-09-18 13:29:54,397836N1220461W002,22N02W01N002M,3/22/2010,00:00,,,14.570,0.000,14.570,161.305,159.205,146.735,12.470,UNK - Unknown,Unknown,Department of Water Resources,Voluntary,3,22,2010
Glenn_01.01.2003-06.21.2013.csv,Glenn,39.7836,-122.0461,W002,2013-09-18 13:29:54,397836N1220461W002,22N02W01N002M,8/2/2010,00:00,,,45.370,0.000,45.370,161.305,159.205,115.935,43.270,UNK - Unknown,Unknown,Department of Water Resources,Voluntary,8,2,2010
Glenn_01.01.2003-06.21.2013.csv,Glenn,39.7836,-122.0461,W002,2013-09-18 13:29:54,397836N1220461W002,22N02W01N002M,10/18/2010,00:00,,,30.190,0.000,30.190,161.305,159.205,131.115,28.090,UNK - Unknown,Unknown,Department of Water Resources,Voluntary,10,18,2010
Glenn_01.01.2003-06.21.2013.csv,Glenn,39.7836,-122.0461,W002,2013-09-18 13:29:54,397836N1220461W002,22N02W01N002M,3/14/2011,00:00,,,13.880,0.000,13.880,161.305,159.205,147.425,11.780,UNK - Unknown,Unknown,Department of Water Resources,Voluntary,3,14,2011
Glenn_01.01.2003-06.21.2013.csv,Glenn,39.7836,-122.0461,W002,2013-09-18 13:29:54,397836N1220461W002,22N02W01N002M,4/5/2011,00:00,,,11.550,0.000,11.550,161.305,159.205,149.755,9.450,UNK - Unknown,Unknown,Department of Water Resources,Voluntary,4,5,2011
Glenn_01.01.2003-06.21.2013.csv,Glenn,39.7836,-122.0461,W002,2013-09-18 13:29:54,397836N1220461W002,22N02W01N002M,8/1/2011,00:00,,,46.350,0.000,46.350,161.305,159.205,114.955,44.250,UNK - Unknown,Unknown,Department of Water Resources,Voluntary,8,1,2011
Glenn_01.01.2003-06.21.2013.csv,Glenn,39.7836,-122.0461,W002,2013-09-18 13:29:54,397836N1220461W002,22N02W01N002M,11/28/2011,00:00,,,25.870,0.000,25.870,161.305,159.205,135.435,23.770,UNK - Unknown,Unknown,Department of Water Resources,Voluntary,11,28,2011
Glenn_01.01.2003-06.21.2013.csv,Glenn,39.7836,-122.0461,W002,2013-09-18 13:29:54,397836N1220461W002,22N02W01N002M,5/23/2013,00:00,,,40.950,0.000,40.950,161.305,159.205,120.355,38.850,ES - Electric sounder measurement,0.1 Ft,Department of Water Resources,Voluntary,5,23,2013
Glenn_01.01.2003-06.21.2013.csv,Glenn,39.7836,-122.0461,W003,2013-09-18 13:29:54,397836N1220461W003,22N02W01N003M,10/12/2011,00:00,,,22.410,0.000,22.410,161.495,159.205,139.085,20.120,ES - Electric sounder measurement,0.01 Ft,Department of Water Resources,CASGEM,10,12,2011
Glenn_01.01.2003-06.21.2013.csv,Glenn,39.7836,-122.0461,W003,2013-09-18 13:29:54,397836N1220461W003,22N02W01N003M,10/12/2011,00:00,,,22.410,0.000,22.410,161.495,159.205,139.085,20.120,ES - Electric sounder measurement,0.01 Ft,Department of Water Resources,CASGEM,10,12,2011
Glenn_01.01.2003-06.21.2013.csv,Glenn,39.7836,-122.0461,W003,2013-09-18 13:29:54,397836N1220461W003,22N02W01N003M,3/30/2012,00:00,,,18.710,0.000,18.710,161.495,159.205,142.785,16.420,ES - Electric sounder measurement,0.01 Ft,Department of Water Resources,CASGEM,3,30,2012
Glenn_01.01.2003-06.21.2013.csv,Glenn,39.7836,-122.0461,W003,2013-09-18 13:29:54,397836N1220461W003,22N02W01N003M,8/1/2012,00:00,,,47.580,0.000,47.580,161.495,159.205,113.915,45.290,ES - Electric sounder measurement,0.01 Ft,Department of Water Resources,CASGEM,8,1,2012
Glenn_01.01.2003-06.21.2013.csv,Glenn,39.7836,-122.0461,W003,2013-09-18 13:29:54,397836N1220461W003,22N02W01N003M,10/17/2012,00:00,,,30.170,0.000,30.170,161.495,159.205,131.325,27.880,ES - Electric sounder measurement,0.01 Ft,Department of Water Resources,CASGEM,10,17,2012
Glenn_01.01.2003-06.21.2013.csv,Glenn,39.7836,-122.0461,W003,2013-09-18 13:29:54,397836N1220461W003,22N02W01N003M,3/19/2013,00:00,,,22.910,0.000,22.910,161.495,159.205,138.585,20.620,ES - Electric sounder measurement,0.01 Ft,Department of Water Resources,CASGEM,3,19,2013
Glenn_01.01.2003-06.21.2013.csv,Glenn,39.7836,-122.0461,W003,2013-09-18 13:29:54,397836N1220461W003,22N02W01N003M,2/14/2007,00:00,,,17.400,0.000,17.400,161.495,159.205,144.095,15.110,UNK - Unknown,Unknown,Department of Water Resources,Voluntary,NEW WELL2,14,2007
Glenn_01.01.2003-06.21.2013.csv,Glenn,39.7836,-122.0461,W003,2013-09-18 13:29:54,397836N1220461W003,22N02W01N003M,3/22/2007,00:00,,,22.430,0.000,22.430,161.495,159.205,139.065,20.140,UNK - Unknown,Unknown,Department of Water Resources,Voluntary,3,22,2007
Glenn_01.01.2003-06.21.2013.csv,Glenn,39.7836,-122.0461,W003,2013-09-18 13:29:54,397836N1220461W003,22N02W01N003M,4/16/2007,00:00,,,22.000,0.000,22.000,161.495,159.205,139.495,19.710,UNK - Unknown,Unknown,Department of Water Resources,Voluntary,4,16,2007
Glenn_01.01.2003-06.21.2013.csv,Glenn,39.7836,-122.0461,W003,2013-09-18 13:29:54,397836N1220461W003,22N02W01N003M,4/18/2007,00:00,,2 - Nearby pump operating,21.800,0.000,21.800,161.495,159.205,139.695,19.510,UNK - Unknown,Unknown,Department of Water Resources,Voluntary,4,18,2007
Glenn_01.01.2003-06.21.2013.csv,Glenn,39.7836,-122.0461,W003,2013-09-18 13:29:54,397836N1220461W003,22N02W01N003M,4/24/2007,00:00,,2 - Nearby pump operating,22.500,0.000,22.500,161.495,159.205,138.995,20.210,UNK - Unknown,Unknown,Department of Water Resources,Voluntary,4,24,2007
Glenn_01.01.2003-06.21.2013.csv,Glenn,39.7836,-122.0461,W003,2013-09-18 13:29:54,397836N1220461W003,22N02W01N003M,4/26/2007,00:00,,2 - Nearby pump operating,24.000,0.000,24.000,161.495,159.205,137.495,21.710,UNK - Unknown,Unknown,Department of Water Resources,Voluntary,4,26,2007
Glenn_01.01.2003-06.21.2013.csv,Glenn,39.7836,-122.0461,W003,2013-09-18 13:29:54,397836N1220461W003,22N02W01N003M,5/1/2007,00:00,,2 - Nearby pump operating,29.600,0.000,29.600,161.495,159.205,131.895,27.310,UNK - Unknown,Unknown,Department of Water Resources,Voluntary,5,1,2007
Glenn_01.01.2003-06.21.2013.csv,Glenn,39.7836,-122.0461,W003,2013-09-18 13:29:54,397836N1220461W003,22N02W01N003M,5/3/2007,00:00,,2 - Nearby pump operating,27.300,0.000,27.300,161.495,159.205,134.195,25.010,UNK - Unknown,Unknown,Department of Water Resources,Voluntary,5,3,2007
Glenn_01.01.2003-06.21.2013.csv,Glenn,39.7836,-122.0461,W003,2013-09-18 13:29:54,397836N1220461W003,22N02W01N003M,5/16/2007,00:00,,2 - Nearby pump operating,36.100,0.000,36.100,161.495,159.205,125.395,33.810,UNK - Unknown,Unknown,Department of Water Resources,Voluntary,5,16,2007
Glenn_01.01.2003-06.21.2013.csv,Glenn,39.7836,-122.0461,W003,2013-09-18 13:29:54,397836N1220461W003,22N02W01N003M,5/18/2007,00:00,,,36.900,0.000,36.900,161.495,159.205,124.595,34.610,UNK - Unknown,Unknown,Department of Water Resources,Voluntary,5,18,2007
Glenn_01.01.2003-06.21.2013.csv,Glenn,39.7836,-122.0461,W003,2013-09-18 13:29:54,397836N1220461W003,22N02W01N003M,5/30/2007,00:00,,,42.800,0.000,42.800,161.495,159.205,118.695,40.510,UNK - Unknown,Unknown,Department of Water Resources,Voluntary,5,30,2007
Glenn_01.01.2003-06.21.2013.csv,Glenn,39.7836,-122.0461,W003,2013-09-18 13:29:54,397836N1220461W003,22N02W01N003M,5/31/2007,00:00,,,43.200,0.000,43.200,161.495,159.205,118.295,40.910,UNK - Unknown,Unknown,Department of Water Resources,Voluntary,5,31,2007
Glenn_01.01.2003-06.21.2013.csv,Glenn,39.7836,-122.0461,W003,2013-09-18 13:29:54,397836N1220461W003,22N02W01N003M,6/20/2007,00:00,,,47.600,0.000,47.600,161.495,159.205,113.895,45.310,UNK - Unknown,Unknown,Department of Water Resources,Voluntary,6,20,2007
Glenn_01.01.2003-06.21.2013.csv,Glenn,39.7836,-122.0461,W003,2013-09-18 13:29:54,397836N1220461W003,22N02W01N003M,8/9/2007,00:00,,,43.630,0.000,43.630,161.495,159.205,117.865,41.340,UNK - Unknown,Unknown,Department of Water Resources,Voluntary,8,9,2007
Glenn_01.01.2003-06.21.2013.csv,Glenn,39.7836,-122.0461,W003,2013-09-18 13:29:54,397836N1220461W003,22N02W01N003M,8/31/2007,00:00,,,39.430,0.000,39.430,161.495,159.205,122.065,37.140,UNK - Unknown,Unknown,Department of Water Resources,Voluntary,8,31,2007
Glenn_01.01.2003-06.21.2013.csv,Glenn,39.7836,-122.0461,W003,2013-09-18 13:29:54,397836N1220461W003,22N02W01N003M,10/15/2007,00:00,,,24.010,0.000,24.010,161.495,159.205,137.485,21.720,UNK - Unknown,Unknown,Department of Water Resources,Voluntary,10,15,2007
Glenn_01.01.2003-06.21.2013.csv,Glenn,39.7836,-122.0461,W003,2013-09-18 13:29:54,397836N1220461W003,22N02W01N003M,1/15/2008,00:00,,,20.120,0.000,20.120,161.495,159.205,141.375,17.830,UNK - Unknown,Unknown,Department of Water Resources,Voluntary,1,15,2008
Glenn_01.01.2003-06.21.2013.csv,Glenn,39.7836,-122.0461,W003,2013-09-18 13:29:54,397836N1220461W003,22N02W01N003M,3/13/2008,00:00,,,17.350,0.000,17.350,161.495,159.205,144.145,15.060,UNK - Unknown,Unknown,Department of Water Resources,Voluntary,3,13,2008
Glenn_01.01.2003-06.21.2013.csv,Glenn,39.7836,-122.0461,W003,2013-09-18 13:29:54,397836N1220461W003,22N02W01N003M,7/1/2008,00:00,,,46.880,0.000,46.880,161.495,159.205,114.615,44.590,UNK - Unknown,Unknown,Department of Water Resources,Voluntary,7,1,2008
Glenn_01.01.2003-06.21.2013.csv,Glenn,39.7836,-122.0461,W003,2013-09-18 13:29:54,397836N1220461W003,22N02W01N003M,7/16/2008,00:00,,2 - Nearby pump operating,46.850,0.000,46.850,161.495,159.205,114.645,44.560,UNK - Unknown,Unknown,Department of Water Resources,Voluntary,7,16,2008
Glenn_01.01.2003-06.21.2013.csv,Glenn,39.7836,-122.0461,W003,2013-09-18 13:29:54,397836N1220461W003,22N02W01N003M,7/22/2008,00:00,,2 - Nearby pump operating,45.460,0.000,45.460,161.495,159.205,116.035,43.170,UNK - Unknown,Unknown,Department of Water Resources,Voluntary,7,22,2008
Glenn_01.01.2003-06.21.2013.csv,Glenn,39.7836,-122.0461,W003,2013-09-18 13:29:54,397836N1220461W003,22N02W01N003M,7/24/2008,00:00,,2 - Nearby pump operating,46.080,0.000,46.080,161.495,159.205,115.415,43.790,UNK - Unknown,Unknown,Department of Water Resources,Voluntary,7,24,2008
Glenn_01.01.2003-06.21.2013.csv,Glenn,39.7836,-122.0461,W003,2013-09-18 13:29:54,397836N1220461W003,22N02W01N003M,7/25/2008,00:00,,2 - Nearby pump operating,46.610,0.000,46.610,161.495,159.205,114.885,44.320,UNK - Unknown,Unknown,Department of Water Resources,Voluntary,7,25,2008
Glenn_01.01.2003-06.21.2013.csv,Glenn,39.7836,-122.0461,W003,2013-09-18 13:29:54,397836N1220461W003,22N02W01N003M,8/5/2008,00:00,,,47.290,0.000,47.290,161.495,159.205,114.205,45.000,UNK - Unknown,Unknown,Department of Water Resources,Voluntary,8,5,2008
Glenn_01.01.2003-06.21.2013.csv,Glenn,39.7836,-122.0461,W003,2013-09-18 13:29:54,397836N1220461W003,22N02W01N003M,8/17/2006,00:00,,,41.170,0.000,41.170,161.495,159.205,120.325,38.880,UNK - Unknown,Unknown,Department of Water Resources,Voluntary,8,17,2006
Glenn_01.01.2003-06.21.2013.csv,Glenn,39.7836,-122.0461,W003,2013-09-18 13:29:54,397836N1220461W003,22N02W01N003M,10/22/2008,00:00,,,27.720,0.000,27.720,161.495,159.205,133.775,25.430,UNK - Unknown,Unknown,Department of Water Resources,Voluntary,10,22,2008
Glenn_01.01.2003-06.21.2013.csv,Glenn,39.7836,-122.0461,W003,2013-09-18 13:29:54,397836N1220461W003,22N02W01N003M,12/9/2008,00:00,,,22.900,0.000,22.900,161.495,159.205,138.595,20.610,UNK - Unknown,Unknown,Glenn-Colusa Irrigation District,Voluntary,12,9,2008
Glenn_01.01.2003-06.21.2013.csv,Glenn,39.7836,-122.0461,W003,2013-09-18 13:29:54,397836N1220461W003,22N02W01N003M,1/12/2009,00:00,,,21.720,0.000,21.720,161.495,159.205,139.775,19.430,UNK - Unknown,Unknown,Glenn-Colusa Irrigation District,Voluntary,1,12,2009
Glenn_01.01.2003-06.21.2013.csv,Glenn,39.7836,-122.0461,W003,2013-09-18 13:29:54,397836N1220461W003,22N02W01N003M,2/25/2009,00:00,,,18.090,0.000,18.090,161.495,159.205,143.405,15.800,UNK - Unknown,Unknown,Department of Water Resources,Voluntary,2,25,2009
Glenn_01.01.2003-06.21.2013.csv,Glenn,39.7836,-122.0461,W003,2013-09-18 13:29:54,397836N1220461W003,22N02W01N003M,2/27/2009,00:00,,,18.130,0.000,18.130,161.495,159.205,143.365,15.840,UNK - Unknown,Unknown,Department of Water Resources,Voluntary,2,27,2009
Glenn_01.01.2003-06.21.2013.csv,Glenn,39.7836,-122.0461,W003,2013-09-18 13:29:54,397836N1220461W003,22N02W01N003M,3/2/2009,00:00,,2 - Nearby pump operating,17.500,0.000,17.500,161.495,159.205,143.995,15.210,UNK - Unknown,Unknown,Glenn-Colusa Irrigation District,Voluntary,3,2,2009
Glenn_01.01.2003-06.21.2013.csv,Glenn,39.7836,-122.0461,W003,2013-09-18 13:29:54,397836N1220461W003,22N02W01N003M,3/23/2009,00:00,,,17.840,0.000,17.840,161.495,159.205,143.655,15.550,UNK - Unknown,Unknown,Department of Water Resources,Voluntary,3,23,2009
Glenn_01.01.2003-06.21.2013.csv,Glenn,39.7836,-122.0461,W003,2013-09-18 13:29:54,397836N1220461W003,22N02W01N003M,5/15/2009,00:00,,,34.920,0.000,34.920,161.495,159.205,126.575,32.630,UNK - Unknown,Unknown,Department of Water Resources,Voluntary,5,15,2009
Glenn_01.01.2003-06.21.2013.csv,Glenn,39.7836,-122.0461,W003,2013-09-18 13:29:54,397836N1220461W003,22N02W01N003M,6/23/2009,00:00,,,26.500,0.000,26.500,161.495,159.205,134.995,24.210,UNK - Unknown,Unknown,Department of Water Resources,Voluntary,6,23,2009
Glenn_01.01.2003-06.21.2013.csv,Glenn,39.7836,-122.0461,W003,2013-09-18 13:29:54,397836N1220461W003,22N02W01N003M,8/10/2009,00:00,,,43.640,0.000,43.640,161.495,159.205,117.855,41.350,UNK - Unknown,Unknown,Department of Water Resources,Voluntary,8,10,2009
Glenn_01.01.2003-06.21.2013.csv,Glenn,39.7836,-122.0461,W003,2013-09-18 13:29:54,397836N1220461W003,22N02W01N003M,9/17/2009,00:00,,,33.270,0.000,33.270,161.495,159.205,128.225,30.980,UNK - Unknown,Unknown,Department of Water Resources,Voluntary,9,17,2009
Glenn_01.01.2003-06.21.2013.csv,Glenn,39.7836,-122.0461,W003,2013-09-18 13:29:54,397836N1220461W003,22N02W01N003M,10/23/2009,00:00,,,24.630,0.000,24.630,161.495,159.205,136.865,22.340,UNK - Unknown,Unknown,Department of Water Resources,Voluntary,10,23,2009
Glenn_01.01.2003-06.21.2013.csv,Glenn,39.7836,-122.0461,W003,2013-09-18 13:29:54,397836N1220461W003,22N02W01N003M,3/22/2010,00:00,,,17.290,0.000,17.290,161.495,159.205,144.205,15.000,UNK - Unknown,Unknown,Department of Water Resources,Voluntary,3,22,2010
Glenn_01.01.2003-06.21.2013.csv,Glenn,39.7836,-122.0461,W003,2013-09-18 13:29:54,397836N1220461W003,22N02W01N003M,8/2/2010,00:00,,,41.010,0.000,41.010,161.495,159.205,120.485,38.720,UNK - Unknown,Unknown,Department of Water Resources,Voluntary,8,2,2010
Glenn_01.01.2003-06.21.2013.csv,Glenn,39.7836,-122.0461,W003,2013-09-18 13:29:54,397836N1220461W003,22N02W01N003M,10/18/2010,00:00,,,28.220,0.000,28.220,161.495,159.205,133.275,25.930,UNK - Unknown,Unknown,Department of Water Resources,Voluntary,10,18,2010
Glenn_01.01.2003-06.21.2013.csv,Glenn,39.7836,-122.0461,W003,2013-09-18 13:29:54,397836N1220461W003,22N02W01N003M,3/14/2011,00:00,,,17.090,0.000,17.090,161.495,159.205,144.405,14.800,UNK - Unknown,Unknown,Department of Water Resources,Voluntary,3,14,2011
Glenn_01.01.2003-06.21.2013.csv,Glenn,39.7836,-122.0461,W003,2013-09-18 13:29:54,397836N1220461W003,22N02W01N003M,4/5/2011,00:00,,,11.770,0.000,11.770,161.495,159.205,149.725,9.480,UNK - Unknown,Unknown,Department of Water Resources,Voluntary,4,5,2011
Glenn_01.01.2003-06.21.2013.csv,Glenn,39.7836,-122.0461,W003,2013-09-18 13:29:54,397836N1220461W003,22N02W01N003M,8/1/2011,00:00,,,38.770,0.000,38.770,161.495,159.205,122.725,36.480,UNK - Unknown,Unknown,Department of Water Resources,Voluntary,8,1,2011
Glenn_01.01.2003-06.21.2013.csv,Glenn,39.7836,-122.0461,W003,2013-09-18 13:29:54,397836N1220461W003,22N02W01N003M,11/28/2011,00:00,,,20.530,0.000,20.530,161.495,159.205,140.965,18.240,UNK - Unknown,Unknown,Department of Water Resources,Voluntary,11,28,2011
Glenn_01.01.2003-06.21.2013.csv,Glenn,39.7836,-122.0461,W003,2013-09-18 13:29:54,397836N1220461W003,22N02W01N003M,5/23/2013,00:00,,,38.500,0.000,38.500,161.495,159.205,122.995,36.210,ES - Electric sounder measurement,0.1 Ft,Department of Water Resources,Voluntary,5,23,2013
Glenn_01.01.2003-06.21.2013.csv,Glenn,39.7836,-122.0461,W004,2013-09-18 13:29:54,397836N1220461W004,22N02W01N004M,10/12/2011,00:00,,,24.080,0.000,24.080,161.645,159.205,137.565,21.640,ES - Electric sounder measurement,0.01 Ft,Department of Water Resources,CASGEM,10,12,2011
Glenn_01.01.2003-06.21.2013.csv,Glenn,39.7836,-122.0461,W004,2013-09-18 13:29:54,397836N1220461W004,22N02W01N004M,10/12/2011,00:00,,,24.080,0.000,24.080,161.645,159.205,137.565,21.640,ES - Electric sounder measurement,0.01 Ft,Department of Water Resources,CASGEM,10,12,2011
Glenn_01.01.2003-06.21.2013.csv,Glenn,39.7836,-122.0461,W004,2013-09-18 13:29:54,397836N1220461W004,22N02W01N004M,3/30/2012,00:00,,,22.210,0.000,22.210,161.645,159.205,139.435,19.770,ES - Electric sounder measurement,0.01 Ft,Department of Water Resources,CASGEM,3,30,2012
Glenn_01.01.2003-06.21.2013.csv,Glenn,39.7836,-122.0461,W004,2013-09-18 13:29:54,397836N1220461W004,22N02W01N004M,8/1/2012,00:00,,,28.260,0.000,28.260,161.645,159.205,133.385,25.820,ES - Electric sounder measurement,0.01 Ft,Department of Water Resources,CASGEM,8,1,2012
Glenn_01.01.2003-06.21.2013.csv,Glenn,39.7836,-122.0461,W004,2013-09-18 13:29:54,397836N1220461W004,22N02W01N004M,10/17/2012,00:00,,,27.370,0.000,27.370,161.645,159.205,134.275,24.930,ES - Electric sounder measurement,0.01 Ft,Department of Water Resources,CASGEM,10,17,2012
Glenn_01.01.2003-06.21.2013.csv,Glenn,39.7836,-122.0461,W004,2013-09-18 13:29:54,397836N1220461W004,22N02W01N004M,3/19/2013,00:00,,,25.440,0.000,25.440,161.645,159.205,136.205,23.000,ES - Electric sounder measurement,0.01 Ft,Department of Water Resources,CASGEM,3,19,2013
Glenn_01.01.2003-06.21.2013.csv,Glenn,39.7836,-122.0461,W004,2013-09-18 13:29:54,397836N1220461W004,22N02W01N004M,2/14/2007,00:00,,,22.090,0.000,22.090,161.645,159.205,139.555,19.650,UNK - Unknown,Unknown,Department of Water Resources,Voluntary,MEW WELL2,14,2007
Glenn_01.01.2003-06.21.2013.csv,Glenn,39.7836,-122.0461,W004,2013-09-18 13:29:54,397836N1220461W004,22N02W01N004M,3/22/2007,00:00,,,25.070,0.000,25.070,161.645,159.205,136.575,22.630,UNK - Unknown,Unknown,Department of Water Resources,Voluntary,3,22,2007
Glenn_01.01.2003-06.21.2013.csv,Glenn,39.7836,-122.0461,W004,2013-09-18 13:29:54,397836N1220461W004,22N02W01N004M,4/16/2007,00:00,,,24.300,0.000,24.300,161.645,159.205,137.345,21.860,UNK - Unknown,Unknown,Department of Water Resources,Voluntary,4,16,2007
Glenn_01.01.2003-06.21.2013.csv,Glenn,39.7836,-122.0461,W004,2013-09-18 13:29:54,397836N1220461W004,22N02W01N004M,4/18/2007,00:00,,2 - Nearby pump operating,24.200,0.000,24.200,161.645,159.205,137.445,21.760,UNK - Unknown,Unknown,Department of Water Resources,Voluntary,4,18,2007
Glenn_01.01.2003-06.21.2013.csv,Glenn,39.7836,-122.0461,W004,2013-09-18 13:29:54,397836N1220461W004,22N02W01N004M,4/24/2007,00:00,,2 - Nearby pump operating,24.200,0.000,24.200,161.645,159.205,137.445,21.760,UNK - Unknown,Unknown,Department of Water Resources,Voluntary,4,24,2007
Glenn_01.01.2003-06.21.2013.csv,Glenn,39.7836,-122.0461,W004,2013-09-18 13:29:54,397836N1220461W004,22N02W01N004M,4/26/2007,00:00,,2 - Nearby pump operating,24.400,0.000,24.400,161.645,159.205,137.245,21.960,UNK - Unknown,Unknown,Department of Water Resources,Voluntary,4,26,2007
Glenn_01.01.2003-06.21.2013.csv,Glenn,39.7836,-122.0461,W004,2013-09-18 13:29:54,397836N1220461W004,22N02W01N004M,5/1/2007,00:00,,2 - Nearby pump operating,26.200,0.000,26.200,161.645,159.205,135.445,23.760,UNK - Unknown,Unknown,Department of Water Resources,Voluntary,5,1,2007
Glenn_01.01.2003-06.21.2013.csv,Glenn,39.7836,-122.0461,W004,2013-09-18 13:29:54,397836N1220461W004,22N02W01N004M,5/3/2007,00:00,,2 - Nearby pump operating,26.800,0.000,26.800,161.645,159.205,134.845,24.360,UNK - Unknown,Unknown,Department of Water Resources,Voluntary,5,3,2007
Glenn_01.01.2003-06.21.2013.csv,Glenn,39.7836,-122.0461,W004,2013-09-18 13:29:54,397836N1220461W004,22N02W01N004M,5/16/2007,00:00,,2 - Nearby pump operating,27.300,0.000,27.300,161.645,159.205,134.345,24.860,UNK - Unknown,Unknown,Department of Water Resources,Voluntary,5,16,2007
Glenn_01.01.2003-06.21.2013.csv,Glenn,39.7836,-122.0461,W004,2013-09-18 13:29:54,397836N1220461W004,22N02W01N004M,5/18/2007,00:00,,,27.400,0.000,27.400,161.645,159.205,134.245,24.960,UNK - Unknown,Unknown,Department of Water Resources,Voluntary,5,18,2007
Glenn_01.01.2003-06.21.2013.csv,Glenn,39.7836,-122.0461,W004,2013-09-18 13:29:54,397836N1220461W004,22N02W01N004M,5/30/2007,00:00,,,27.300,0.000,27.300,161.645,159.205,134.345,24.860,UNK - Unknown,Unknown,Department of Water Resources,Voluntary,5,30,2007
Glenn_01.01.2003-06.21.2013.csv,Glenn,39.7836,-122.0461,W004,2013-09-18 13:29:54,397836N1220461W004,22N02W01N004M,5/31/2007,00:00,,,28.100,0.000,28.100,161.645,159.205,133.545,25.660,UNK - Unknown,Unknown,Department of Water Resources,Voluntary,5,31,2007
Glenn_01.01.2003-06.21.2013.csv,Glenn,39.7836,-122.0461,W004,2013-09-18 13:29:54,397836N1220461W004,22N02W01N004M,6/20/2007,00:00,,,28.400,0.000,28.400,161.645,159.205,133.245,25.960,UNK - Unknown,Unknown,Department of Water Resources,Voluntary,6,20,2007
Glenn_01.01.2003-06.21.2013.csv,Glenn,39.7836,-122.0461,W004,2013-09-18 13:29:54,397836N1220461W004,22N02W01N004M,8/9/2007,00:00,,,27.150,0.000,27.150,161.645,159.205,134.495,24.710,UNK - Unknown,Unknown,Department of Water Resources,Voluntary,8,9,2007
Glenn_01.01.2003-06.21.2013.csv,Glenn,39.7836,-122.0461,W004,2013-09-18 13:29:54,397836N1220461W004,22N02W01N004M,8/31/2007,00:00,,,27.480,0.000,27.480,161.645,159.205,134.165,25.040,UNK - Unknown,Unknown,Department of Water Resources,Voluntary,8,31,2007
Glenn_01.01.2003-06.21.2013.csv,Glenn,39.7836,-122.0461,W004,2013-09-18 13:29:54,397836N1220461W004,22N02W01N004M,10/15/2007,00:00,,,25.150,0.000,25.150,161.645,159.205,136.495,22.710,UNK - Unknown,Unknown,Department of Water Resources,Voluntary,10,15,2007
Glenn_01.01.2003-06.21.2013.csv,Glenn,39.7836,-122.0461,W004,2013-09-18 13:29:54,397836N1220461W004,22N02W01N004M,1/15/2008,00:00,,,23.540,0.000,23.540,161.645,159.205,138.105,21.100,UNK - Unknown,Unknown,Department of Water Resources,Voluntary,1,15,2008
Glenn_01.01.2003-06.21.2013.csv,Glenn,39.7836,-122.0461,W004,2013-09-18 13:29:54,397836N1220461W004,22N02W01N004M,3/13/2008,00:00,,,23.770,0.000,23.770,161.645,159.205,137.875,21.330,UNK - Unknown,Unknown,Department of Water Resources,Voluntary,3,13,2008
Glenn_01.01.2003-06.21.2013.csv,Glenn,39.7836,-122.0461,W004,2013-09-18 13:29:54,397836N1220461W004,22N02W01N004M,7/1/2008,00:00,,,27.940,0.000,27.940,161.645,159.205,133.705,25.500,UNK - Unknown,Unknown,Department of Water Resources,Voluntary,7,1,2008
Glenn_01.01.2003-06.21.2013.csv,Glenn,39.7836,-122.0461,W004,2013-09-18 13:29:54,397836N1220461W004,22N02W01N004M,7/16/2008,00:00,,2 - Nearby pump operating,28.330,0.000,28.330,161.645,159.205,133.315,25.890,UNK - Unknown,Unknown,Department of Water Resources,Voluntary,7,16,2008
Glenn_01.01.2003-06.21.2013.csv,Glenn,39.7836,-122.0461,W004,2013-09-18 13:29:54,397836N1220461W004,22N02W01N004M,7/22/2008,00:00,,2 - Nearby pump operating,27.960,0.000,27.960,161.645,159.205,133.685,25.520,UNK - Unknown,Unknown,Department of Water Resources,Voluntary,7,22,2008
Glenn_01.01.2003-06.21.2013.csv,Glenn,39.7836,-122.0461,W004,2013-09-18 13:29:54,397836N1220461W004,22N02W01N004M,7/24/2008,00:00,,2 - Nearby pump operating,28.080,0.000,28.080,161.645,159.205,133.565,25.640,UNK - Unknown,Unknown,Department of Water Resources,Voluntary,7,24,2008
Glenn_01.01.2003-06.21.2013.csv,Glenn,39.7836,-122.0461,W004,2013-09-18 13:29:54,397836N1220461W004,22N02W01N004M,7/25/2008,00:00,,2 - Nearby pump operating,28.160,0.000,28.160,161.645,159.205,133.485,25.720,UNK - Unknown,Unknown,Department of Water Resources,Voluntary,7,25,2008
Glenn_01.01.2003-06.21.2013.csv,Glenn,39.7836,-122.0461,W004,2013-09-18 13:29:54,397836N1220461W004,22N02W01N004M,8/5/2008,00:00,,,28.310,0.000,28.310,161.645,159.205,133.335,25.870,UNK - Unknown,Unknown,Department of Water Resources,Voluntary,8,5,2008
Glenn_01.01.2003-06.21.2013.csv,Glenn,39.7836,-122.0461,W004,2013-09-18 13:29:54,397836N1220461W004,22N02W01N004M,10/22/2008,00:00,,,26.530,0.000,26.530,161.645,159.205,135.115,24.090,UNK - Unknown,Unknown,Department of Water Resources,Voluntary,10,22,2008
Glenn_01.01.2003-06.21.2013.csv,Glenn,39.7836,-122.0461,W004,2013-09-18 13:29:54,397836N1220461W004,22N02W01N004M,12/9/2008,00:00,,,25.400,0.000,25.400,161.645,159.205,136.245,22.960,UNK - Unknown,Unknown,Glenn-Colusa Irrigation District,Voluntary,12,9,2008
Glenn_01.01.2003-06.21.2013.csv,Glenn,39.7836,-122.0461,W004,2013-09-18 13:29:54,397836N1220461W004,22N02W01N004M,1/12/2009,00:00,,,25.270,0.000,25.270,161.645,159.205,136.375,22.830,UNK - Unknown,Unknown,Glenn-Colusa Irrigation District,Voluntary,1,12,2009
Glenn_01.01.2003-06.21.2013.csv,Glenn,39.7836,-122.0461,W004,2013-09-18 13:29:54,397836N1220461W004,22N02W01N004M,2/25/2009,00:00,,,21.230,0.000,21.230,161.645,159.205,140.415,18.790,UNK - Unknown,Unknown,Department of Water Resources,Voluntary,2,25,2009
Glenn_01.01.2003-06.21.2013.csv,Glenn,39.7836,-122.0461,W004,2013-09-18 13:29:54,397836N1220461W004,22N02W01N004M,2/27/2009,00:00,,,21.810,0.000,21.810,161.645,159.205,139.835,19.370,UNK - Unknown,Unknown,Department of Water Resources,Voluntary,2,27,2009
Glenn_01.01.2003-06.21.2013.csv,Glenn,39.7836,-122.0461,W004,2013-09-18 13:29:54,397836N1220461W004,22N02W01N004M,3/2/2009,00:00,,,21.700,0.000,21.700,161.645,159.205,139.945,19.260,UNK - Unknown,Unknown,Glenn-Colusa Irrigation District,Voluntary,3,2,2009
Glenn_01.01.2003-06.21.2013.csv,Glenn,39.7836,-122.0461,W004,2013-09-18 13:29:54,397836N1220461W004,22N02W01N004M,3/23/2009,00:00,,,23.400,0.000,23.400,161.645,159.205,138.245,20.960,UNK - Unknown,Unknown,Department of Water Resources,Voluntary,3,23,2009
Glenn_01.01.2003-06.21.2013.csv,Glenn,39.7836,-122.0461,W004,2013-09-18 13:29:54,397836N1220461W004,22N02W01N004M,5/15/2009,00:00,,,26.840,0.000,26.840,161.645,159.205,134.805,24.400,UNK - Unknown,Unknown,Department of Water Resources,Voluntary,5,15,2009
Glenn_01.01.2003-06.21.2013.csv,Glenn,39.7836,-122.0461,W004,2013-09-18 13:29:54,397836N1220461W004,22N02W01N004M,6/23/2009,00:00,,2 - Nearby pump operating,41.500,0.000,41.500,161.645,159.205,120.145,39.060,UNK - Unknown,Unknown,Department of Water Resources,Voluntary,6,23,2009
Glenn_01.01.2003-06.21.2013.csv,Glenn,39.7836,-122.0461,W004,2013-09-18 13:29:54,397836N1220461W004,22N02W01N004M,8/10/2009,00:00,,,27.580,0.000,27.580,161.645,159.205,134.065,25.140,UNK - Unknown,Unknown,Department of Water Resources,Voluntary,8,10,2009
Glenn_01.01.2003-06.21.2013.csv,Glenn,39.7836,-122.0461,W004,2013-09-18 13:29:54,397836N1220461W004,22N02W01N004M,9/17/2009,00:00,,,26.830,0.000,26.830,161.645,159.205,134.815,24.390,UNK - Unknown,Unknown,Department of Water Resources,Voluntary,9,17,2009
Glenn_01.01.2003-06.21.2013.csv,Glenn,39.7836,-122.0461,W004,2013-09-18 13:29:54,397836N1220461W004,22N02W01N004M,10/23/2009,00:00,,,25.430,0.000,25.430,161.645,159.205,136.215,22.990,UNK - Unknown,Unknown,Department of Water Resources,Voluntary,10,23,2009
Glenn_01.01.2003-06.21.2013.csv,Glenn,39.7836,-122.0461,W004,2013-09-18 13:29:54,397836N1220461W004,22N02W01N004M,3/22/2010,00:00,,,23.520,0.000,23.520,161.645,159.205,138.125,21.080,UNK - Unknown,Unknown,Department of Water Resources,Voluntary,3,22,2010
Glenn_01.01.2003-06.21.2013.csv,Glenn,39.7836,-122.0461,W004,2013-09-18 13:29:54,397836N1220461W004,22N02W01N004M,8/2/2010,00:00,,,27.880,0.000,27.880,161.645,159.205,133.765,25.440,UNK - Unknown,Unknown,Department of Water Resources,Voluntary,8,2,2010
Glenn_01.01.2003-06.21.2013.csv,Glenn,39.7836,-122.0461,W004,2013-09-18 13:29:54,397836N1220461W004,22N02W01N004M,10/18/2010,00:00,,,26.100,0.000,26.100,161.645,159.205,135.545,23.660,UNK - Unknown,Unknown,Department of Water Resources,Voluntary,10,18,2010
Glenn_01.01.2003-06.21.2013.csv,Glenn,39.7836,-122.0461,W004,2013-09-18 13:29:54,397836N1220461W004,22N02W01N004M,3/14/2011,00:00,,,22.060,0.000,22.060,161.645,159.205,139.585,19.620,UNK - Unknown,Unknown,Department of Water Resources,Voluntary,3,14,2011
Glenn_01.01.2003-06.21.2013.csv,Glenn,39.7836,-122.0461,W004,2013-09-18 13:29:54,397836N1220461W004,22N02W01N004M,4/5/2011,00:00,,,16.220,0.000,16.220,161.645,159.205,145.425,13.780,UNK - Unknown,Unknown,Department of Water Resources,Voluntary,4,5,2011
Glenn_01.01.2003-06.21.2013.csv,Glenn,39.7836,-122.0461,W004,2013-09-18 13:29:54,397836N1220461W004,22N02W01N004M,8/1/2011,00:00,,,26.550,0.000,26.550,161.645,159.205,135.095,24.110,UNK - Unknown,Unknown,Department of Water Resources,Voluntary,8,1,2011
Glenn_01.01.2003-06.21.2013.csv,Glenn,39.7836,-122.0461,W004,2013-09-18 13:29:54,397836N1220461W004,22N02W01N004M,11/28/2011,00:00,,,24.090,0.000,24.090,161.645,159.205,137.555,21.650,UNK - Unknown,Unknown,Department of Water Resources,Voluntary,11,28,2011
Glenn_01.01.2003-06.21.2013.csv,Glenn,39.7836,-122.0461,W004,2013-09-18 13:29:54,397836N1220461W004,22N02W01N004M,5/23/2013,00:00,,,27.400,0.000,27.400,161.645,159.205,134.245,24.960,ES - Electric sounder measurement,0.1 Ft,Department of Water Resources,Voluntary,5,23,2013
Glenn_01.01.2003-06.21.2013.csv,Glenn,39.7866,-122.1455,W001,2013-09-18 13:29:54,397866N1221455W001,22N03W01R001M,10/12/2011,00:00,,,66.030,0.000,66.030,228.174,225.974,162.144,63.830,ES - Electric sounder measurement,0.01 Ft,Department of Water Resources,CASGEM,10,12,2011
Glenn_01.01.2003-06.21.2013.csv,Glenn,39.7866,-122.1455,W001,2013-09-18 13:29:54,397866N1221455W001,22N03W01R001M,3/30/2012,00:00,,,50.890,0.000,50.890,228.174,225.974,177.284,48.690,ES - Electric sounder measurement,0.01 Ft,Department of Water Resources,CASGEM,3,30,2012
Glenn_01.01.2003-06.21.2013.csv,Glenn,39.7866,-122.1455,W001,2013-09-18 13:29:54,397866N1221455W001,22N03W01R001M,8/1/2012,00:00,,,111.300,0.000,111.300,228.174,225.974,116.874,109.100,ES - Electric sounder measurement,0.01 Ft,Department of Water Resources,CASGEM,8,1,2012
Glenn_01.01.2003-06.21.2013.csv,Glenn,39.7866,-122.1455,W001,2013-09-18 13:29:54,397866N1221455W001,22N03W01R001M,10/17/2012,00:00,,,82.150,0.000,82.150,228.174,225.974,146.024,79.950,ES - Electric sounder measurement,0.01 Ft,Department of Water Resources,CASGEM,10,17,2012
Glenn_01.01.2003-06.21.2013.csv,Glenn,39.7866,-122.1455,W001,2013-09-18 13:29:54,397866N1221455W001,22N03W01R001M,3/19/2013,00:00,,,60.170,0.000,60.170,228.174,225.974,168.004,57.970,ES - Electric sounder measurement,0.01 Ft,Department of Water Resources,CASGEM,3,19,2013
Glenn_01.01.2003-06.21.2013.csv,Glenn,39.7866,-122.1455,W001,2013-09-18 13:29:54,397866N1221455W001,22N03W01R001M,7/31/2003,00:00,,,96.520,0.000,96.520,228.174,225.974,131.654,94.320,UNK - Unknown,Unknown,Department of Water Resources,Voluntary,7,31,2003
Glenn_01.01.2003-06.21.2013.csv,Glenn,39.7866,-122.1455,W001,2013-09-18 13:29:54,397866N1221455W001,22N03W01R001M,8/26/2003,00:00,,,89.800,0.000,89.800,228.174,225.974,138.374,87.600,UNK - Unknown,Unknown,Department of Water Resources,Voluntary,8,26,2003
Glenn_01.01.2003-06.21.2013.csv,Glenn,39.7866,-122.1455,W001,2013-09-18 13:29:54,397866N1221455W001,22N03W01R001M,9/4/2003,00:00,,,91.700,0.000,91.700,228.174,225.974,136.474,89.500,UNK - Unknown,Unknown,Department of Water Resources,Voluntary,9,4,2003
Glenn_01.01.2003-06.21.2013.csv,Glenn,39.7866,-122.1455,W001,2013-09-18 13:29:54,397866N1221455W001,22N03W01R001M,7/24/2003,00:00,,,92.820,0.000,92.820,228.174,225.974,135.354,90.620,UNK - Unknown,Unknown,Department of Water Resources,Voluntary,7,24,2003
Glenn_01.01.2003-06.21.2013.csv,Glenn,39.7866,-122.1455,W001,2013-09-18 13:29:54,397866N1221455W001,22N03W01R001M,8/7/2003,00:00,,,89.870,0.000,89.870,228.174,225.974,138.304,87.670,UNK - Unknown,Unknown,Department of Water Resources,Voluntary,8,7,2003
Glenn_01.01.2003-06.21.2013.csv,Glenn,39.7866,-122.1455,W001,2013-09-18 13:29:54,397866N1221455W001,22N03W01R001M,8/14/2003,00:00,,,93.650,0.000,93.650,228.174,225.974,134.524,91.450,UNK - Unknown,Unknown,Department of Water Resources,Voluntary,8,14,2003
Glenn_01.01.2003-06.21.2013.csv,Glenn,39.7866,-122.1455,W001,2013-09-18 13:29:54,397866N1221455W001,22N03W01R001M,8/21/2003,00:00,,,96.550,0.000,96.550,228.174,225.974,131.624,94.350,UNK - Unknown,Unknown,Department of Water Resources,Voluntary,8,21,2003
Glenn_01.01.2003-06.21.2013.csv,Glenn,39.7866,-122.1455,W001,2013-09-18 13:29:54,397866N1221455W001,22N03W01R001M,8/28/2003,00:00,,,89.760,0.000,89.760,228.174,225.974,138.414,87.560,UNK - Unknown,Unknown,Department of Water Resources,Voluntary,8,28,2003
Glenn_01.01.2003-06.21.2013.csv,Glenn,39.7866,-122.1455,W001,2013-09-18 13:29:54,397866N1221455W001,22N03W01R001M,9/22/2003,00:00,,,86.800,0.000,86.800,228.174,225.974,141.374,84.600,UNK - Unknown,Unknown,Department of Water Resources,Voluntary,9,22,2003
Glenn_01.01.2003-06.21.2013.csv,Glenn,39.7866,-122.1455,W001,2013-09-18 13:29:54,397866N1221455W001,22N03W01R001M,9/25/2003,00:00,,,81.700,0.000,81.700,228.174,225.974,146.474,79.500,UNK - Unknown,Unknown,Department of Water Resources,Voluntary,9,25,2003
Glenn_01.01.2003-06.21.2013.csv,Glenn,39.7866,-122.1455,W001,2013-09-18 13:29:54,397866N1221455W001,22N03W01R001M,10/2/2003,00:00,,,82.500,0.000,82.500,228.174,225.974,145.674,80.300,UNK - Unknown,Unknown,Department of Water Resources,Voluntary,10,2,2003
Glenn_01.01.2003-06.21.2013.csv,Glenn,39.7866,-122.1455,W001,2013-09-18 13:29:54,397866N1221455W001,22N03W01R001M,10/16/2003,00:00,,,72.800,0.000,72.800,228.174,225.974,155.374,70.600,UNK - Unknown,Unknown,Department of Water Resources,Voluntary,10,16,2003
Glenn_01.01.2003-06.21.2013.csv,Glenn,39.7866,-122.1455,W001,2013-09-18 13:29:54,397866N1221455W001,22N03W01R001M,10/9/2003,00:00,,,76.100,0.000,76.100,228.174,225.974,152.074,73.900,UNK - Unknown,Unknown,Department of Water Resources,Voluntary,10,9,2003
Glenn_01.01.2003-06.21.2013.csv,Glenn,39.7866,-122.1455,W001,2013-09-18 13:29:54,397866N1221455W001,22N03W01R001M,10/23/2003,00:00,,,69.300,0.000,69.300,228.174,225.974,158.874,67.100,UNK - Unknown,Unknown,Department of Water Resources,Voluntary,10,23,2003
Glenn_01.01.2003-06.21.2013.csv,Glenn,39.7866,-122.1455,W001,2013-09-18 13:29:54,397866N1221455W001,22N03W01R001M,10/30/2003,00:00,,,66.800,0.000,66.800,228.174,225.974,161.374,64.600,UNK - Unknown,Unknown,Department of Water Resources,Voluntary,10,30,2003
Glenn_01.01.2003-06.21.2013.csv,Glenn,39.7866,-122.1455,W001,2013-09-18 13:29:54,397866N1221455W001,22N03W01R001M,11/25/2003,00:00,,,56.200,0.000,56.200,228.174,225.974,171.974,54.000,UNK - Unknown,Unknown,Department of Water Resources,Voluntary,11,25,2003
Glenn_01.01.2003-06.21.2013.csv,Glenn,39.7866,-122.1455,W001,2013-09-18 13:29:54,397866N1221455W001,22N03W01R001M,11/6/2003,00:00,,,61.600,0.000,61.600,228.174,225.974,166.574,59.400,UNK - Unknown,Unknown,Department of Water Resources,Voluntary,11,6,2003
Glenn_01.01.2003-06.21.2013.csv,Glenn,39.7866,-122.1455,W001,2013-09-18 13:29:54,397866N1221455W001,22N03W01R001M,11/13/2003,00:00,,,58.300,0.000,58.300,228.174,225.974,169.874,56.100,UNK - Unknown,Unknown,Department of Water Resources,Voluntary,11,13,2003
Glenn_01.01.2003-06.21.2013.csv,Glenn,39.7866,-122.1455,W001,2013-09-18 13:29:54,397866N1221455W001,22N03W01R001M,12/9/2003,00:00,,,52.100,0.000,52.100,228.174,225.974,176.074,49.900,UNK - Unknown,Unknown,Department of Water Resources,Voluntary,12,9,2003
Glenn_01.01.2003-06.21.2013.csv,Glenn,39.7866,-122.1455,W001,2013-09-18 13:29:54,397866N1221455W001,22N03W01R001M,3/31/2004,00:00,,,35.400,0.000,35.400,228.174,225.974,192.774,33.200,UNK - Unknown,Unknown,Department of Water Resources,Voluntary,3,31,2004
Glenn_01.01.2003-06.21.2013.csv,Glenn,39.7866,-122.1455,W001,2013-09-18 13:29:54,397866N1221455W001,22N03W01R001M,4/26/2004,00:00,,,61.200,0.000,61.200,228.174,225.974,166.974,59.000,UNK - Unknown,Unknown,Department of Water Resources,Voluntary,4,26,2004
Glenn_01.01.2003-06.21.2013.csv,Glenn,39.7866,-122.1455,W001,2013-09-18 13:29:54,397866N1221455W001,22N03W01R001M,5/21/2004,00:00,,,70.600,0.000,70.600,228.174,225.974,157.574,68.400,UNK - Unknown,Unknown,Department of Water Resources,Voluntary,5,21,2004
Glenn_01.01.2003-06.21.2013.csv,Glenn,39.7866,-122.1455,W001,2013-09-18 13:29:54,397866N1221455W001,22N03W01R001M,2/10/2004,00:00,,,38.900,0.000,38.900,228.174,225.974,189.274,36.700,UNK - Unknown,Unknown,Department of Water Resources,Voluntary,2,10,2004
Glenn_01.01.2003-06.21.2013.csv,Glenn,39.7866,-122.1455,W001,2013-09-18 13:29:54,397866N1221455W001,22N03W01R001M,7/27/2004,00:00,,,99.700,0.000,99.700,228.174,225.974,128.474,97.500,UNK - Unknown,Unknown,Department of Water Resources,Voluntary,7,27,2004
Glenn_01.01.2003-06.21.2013.csv,Glenn,39.7866,-122.1455,W001,2013-09-18 13:29:54,397866N1221455W001,22N03W01R001M,6/21/2004,00:00,,,90.600,0.000,90.600,228.174,225.974,137.574,88.400,UNK - Unknown,Unknown,Department of Water Resources,Voluntary,6,21,2004
Glenn_01.01.2003-06.21.2013.csv,Glenn,39.7866,-122.1455,W001,2013-09-18 13:29:54,397866N1221455W001,22N03W01R001M,8/24/2004,00:00,,,87.600,0.000,87.600,228.174,225.974,140.574,85.400,UNK - Unknown,Unknown,Department of Water Resources,Voluntary,8,24,2004
Glenn_01.01.2003-06.21.2013.csv,Glenn,39.7866,-122.1455,W001,2013-09-18 13:29:54,397866N1221455W001,22N03W01R001M,9/21/2004,00:00,,,77.200,0.000,77.200,228.174,225.974,150.974,75.000,UNK - Unknown,Unknown,Department of Water Resources,Voluntary,9,21,2004
Glenn_01.01.2003-06.21.2013.csv,Glenn,39.7866,-122.1455,W001,2013-09-18 13:29:54,397866N1221455W001,22N03W01R001M,10/19/2004,00:00,,,66.100,0.000,66.100,228.174,225.974,162.074,63.900,UNK - Unknown,Unknown,Department of Water Resources,Voluntary,10,19,2004
Glenn_01.01.2003-06.21.2013.csv,Glenn,39.7866,-122.1455,W001,2013-09-18 13:29:54,397866N1221455W001,22N03W01R001M,11/22/2004,00:00,,,52.300,0.000,52.300,228.174,225.974,175.874,50.100,UNK - Unknown,Unknown,Department of Water Resources,Voluntary,11,22,2004
Glenn_01.01.2003-06.21.2013.csv,Glenn,39.7866,-122.1455,W001,2013-09-18 13:29:54,397866N1221455W001,22N03W01R001M,3/31/2005,00:00,,,38.600,0.000,38.600,228.174,225.974,189.574,36.400,UNK - Unknown,Unknown,Department of Water Resources,Voluntary,3,31,2005
Glenn_01.01.2003-06.21.2013.csv,Glenn,39.7866,-122.1455,W001,2013-09-18 13:29:54,397866N1221455W001,22N03W01R001M,4/28/2005,00:00,,,40.400,0.000,40.400,228.174,225.974,187.774,38.200,UNK - Unknown,Unknown,Department of Water Resources,Voluntary,4,28,2005
Glenn_01.01.2003-06.21.2013.csv,Glenn,39.7866,-122.1455,W001,2013-09-18 13:29:54,397866N1221455W001,22N03W01R001M,5/27/2005,00:00,,,45.300,0.000,45.300,228.174,225.974,182.874,43.100,UNK - Unknown,Unknown,Department of Water Resources,Voluntary,5,27,2005
Glenn_01.01.2003-06.21.2013.csv,Glenn,39.7866,-122.1455,W001,2013-09-18 13:29:54,397866N1221455W001,22N03W01R001M,6/24/2005,00:00,,,72.800,0.000,72.800,228.174,225.974,155.374,70.600,UNK - Unknown,Unknown,Department of Water Resources,Voluntary,6,24,2005
Glenn_01.01.2003-06.21.2013.csv,Glenn,39.7866,-122.1455,W001,2013-09-18 13:29:54,397866N1221455W001,22N03W01R001M,7/29/2005,00:00,,,93.300,0.000,93.300,228.174,225.974,134.874,91.100,UNK - Unknown,Unknown,Department of Water Resources,Voluntary,7,29,2005
Glenn_01.01.2003-06.21.2013.csv,Glenn,39.7866,-122.1455,W001,2013-09-18 13:29:54,397866N1221455W001,22N03W01R001M,8/26/2005,00:00,,,75.100,0.000,75.100,228.174,225.974,153.074,72.900,UNK - Unknown,Unknown,Department of Water Resources,Voluntary,8,26,2005
Glenn_01.01.2003-06.21.2013.csv,Glenn,39.7866,-122.1455,W001,2013-09-18 13:29:54,397866N1221455W001,22N03W01R001M,9/29/2005,00:00,,,70.800,0.000,70.800,228.174,225.974,157.374,68.600,UNK - Unknown,Unknown,Department of Water Resources,Voluntary,9,29,2005
Glenn_01.01.2003-06.21.2013.csv,Glenn,39.7866,-122.1455,W001,2013-09-18 13:29:54,397866N1221455W001,22N03W01R001M,10/21/2005,00:00,,,68.100,0.000,68.100,228.174,225.974,160.074,65.900,UNK - Unknown,Unknown,Department of Water Resources,Voluntary,10,21,2005
Glenn_01.01.2003-06.21.2013.csv,Glenn,39.7866,-122.1455,W001,2013-09-18 13:29:54,397866N1221455W001,22N03W01R001M,3/30/2006,00:00,,,39.500,0.000,39.500,228.174,225.974,188.674,37.300,UNK - Unknown,Unknown,Department of Water Resources,Voluntary,3,30,2006
Glenn_01.01.2003-06.21.2013.csv,Glenn,39.7866,-122.1455,W001,2013-09-18 13:29:54,397866N1221455W001,22N03W01R001M,5/19/2006,00:00,,,55.000,0.000,55.000,228.174,225.974,173.174,52.800,UNK - Unknown,Unknown,Department of Water Resources,Voluntary,5,19,2006
Glenn_01.01.2003-06.21.2013.csv,Glenn,39.7866,-122.1455,W001,2013-09-18 13:29:54,397866N1221455W001,22N03W01R001M,8/4/2006,00:00,,,90.700,0.000,90.700,228.174,225.974,137.474,88.500,UNK - Unknown,Unknown,Department of Water Resources,Voluntary,8,4,2006
Glenn_01.01.2003-06.21.2013.csv,Glenn,39.7866,-122.1455,W001,2013-09-18 13:29:54,397866N1221455W001,22N03W01R001M,10/12/2006,00:00,,,68.300,0.000,68.300,228.174,225.974,159.874,66.100,UNK - Unknown,Unknown,Department of Water Resources,Voluntary,10,12,2006
Glenn_01.01.2003-06.21.2013.csv,Glenn,39.7866,-122.1455,W001,2013-09-18 13:29:54,397866N1221455W001,22N03W01R001M,3/22/2007,00:00,,,44.840,0.000,44.840,228.174,225.974,183.334,42.640,UNK - Unknown,Unknown,Department of Water Resources,Voluntary,3,22,2007
Glenn_01.01.2003-06.21.2013.csv,Glenn,39.7866,-122.1455,W001,2013-09-18 13:29:54,397866N1221455W001,22N03W01R001M,4/16/2007,00:00,,,47.800,0.000,47.800,228.174,225.974,180.374,45.600,UNK - Unknown,Unknown,Department of Water Resources,Voluntary,4,16,2007
Glenn_01.01.2003-06.21.2013.csv,Glenn,39.7866,-122.1455,W001,2013-09-18 13:29:54,397866N1221455W001,22N03W01R001M,4/26/2007,00:00,,,46.200,0.000,46.200,228.174,225.974,181.974,44.000,UNK - Unknown,Unknown,Department of Water Resources,Voluntary,4,26,2007
Glenn_01.01.2003-06.21.2013.csv,Glenn,39.7866,-122.1455,W001,2013-09-18 13:29:54,397866N1221455W001,22N03W01R001M,5/3/2007,00:00,,,51.100,0.000,51.100,228.174,225.974,177.074,48.900,UNK - Unknown,Unknown,Department of Water Resources,Voluntary,5,3,2007
Glenn_01.01.2003-06.21.2013.csv,Glenn,39.7866,-122.1455,W001,2013-09-18 13:29:54,397866N1221455W001,22N03W01R001M,5/18/2007,00:00,,,64.100,0.000,64.100,228.174,225.974,164.074,61.900,UNK - Unknown,Unknown,Department of Water Resources,Voluntary,5,18,2007
Glenn_01.01.2003-06.21.2013.csv,Glenn,39.7866,-122.1455,W001,2013-09-18 13:29:54,397866N1221455W001,22N03W01R001M,5/30/2007,00:00,,,70.500,0.000,70.500,228.174,225.974,157.674,68.300,UNK - Unknown,Unknown,Department of Water Resources,Voluntary,5,30,2007
Glenn_01.01.2003-06.21.2013.csv,Glenn,39.7866,-122.1455,W001,2013-09-18 13:29:54,397866N1221455W001,22N03W01R001M,5/31/2007,00:00,,,70.300,0.000,70.300,228.174,225.974,157.874,68.100,UNK - Unknown,Unknown,Department of Water Resources,Voluntary,5,31,2007
Glenn_01.01.2003-06.21.2013.csv,Glenn,39.7866,-122.1455,W001,2013-09-18 13:29:54,397866N1221455W001,22N03W01R001M,8/10/2007,00:00,,,98.890,0.000,98.890,228.174,225.974,129.284,96.690,UNK - Unknown,Unknown,Department of Water Resources,Voluntary,8,10,2007
Glenn_01.01.2003-06.21.2013.csv,Glenn,39.7866,-122.1455,W001,2013-09-18 13:29:54,397866N1221455W001,22N03W01R001M,8/31/2007,00:00,,,96.870,0.000,96.870,228.174,225.974,131.304,94.670,UNK - Unknown,Unknown,Department of Water Resources,Voluntary,8,31,2007
Glenn_01.01.2003-06.21.2013.csv,Glenn,39.7866,-122.1455,W001,2013-09-18 13:29:54,397866N1221455W001,22N03W01R001M,10/15/2007,00:00,,,68.090,0.000,68.090,228.174,225.974,160.084,65.890,UNK - Unknown,Unknown,Department of Water Resources,Voluntary,10,15,2007
Glenn_01.01.2003-06.21.2013.csv,Glenn,39.7866,-122.1455,W001,2013-09-18 13:29:54,397866N1221455W001,22N03W01R001M,1/15/2008,00:00,,,53.460,0.000,53.460,228.174,225.974,174.714,51.260,UNK - Unknown,Unknown,Department of Water Resources,Voluntary,1,15,2008
Glenn_01.01.2003-06.21.2013.csv,Glenn,39.7866,-122.1455,W001,2013-09-18 13:29:54,397866N1221455W001,22N03W01R001M,3/13/2008,00:00,,,47.370,0.000,47.370,228.174,225.974,180.804,45.170,UNK - Unknown,Unknown,Department of Water Resources,Voluntary,3,13,2008
Glenn_01.01.2003-06.21.2013.csv,Glenn,39.7866,-122.1455,W001,2013-09-18 13:29:54,397866N1221455W001,22N03W01R001M,7/8/2008,00:00,,,93.670,0.000,93.670,228.174,225.974,134.504,91.470,UNK - Unknown,Unknown,Department of Water Resources,Voluntary,7,8,2008
Glenn_01.01.2003-06.21.2013.csv,Glenn,39.7866,-122.1455,W001,2013-09-18 13:29:54,397866N1221455W001,22N03W01R001M,7/16/2008,00:00,,,96.660,0.000,96.660,228.174,225.974,131.514,94.460,UNK - Unknown,Unknown,Department of Water Resources,Voluntary,7,16,2008
Glenn_01.01.2003-06.21.2013.csv,Glenn,39.7866,-122.1455,W001,2013-09-18 13:29:54,397866N1221455W001,22N03W01R001M,7/24/2008,00:00,,,96.490,0.000,96.490,228.174,225.974,131.684,94.290,UNK - Unknown,Unknown,Department of Water Resources,Voluntary,7,24,2008
Glenn_01.01.2003-06.21.2013.csv,Glenn,39.7866,-122.1455,W001,2013-09-18 13:29:54,397866N1221455W001,22N03W01R001M,8/5/2008,00:00,,,95.670,0.000,95.670,228.174,225.974,132.504,93.470,UNK - Unknown,Unknown,Department of Water Resources,Voluntary,8,5,2008
Glenn_01.01.2003-06.21.2013.csv,Glenn,39.7866,-122.1455,W001,2013-09-18 13:29:54,397866N1221455W001,22N03W01R001M,10/22/2008,00:00,,,76.060,0.000,76.060,228.174,225.974,152.114,73.860,UNK - Unknown,Unknown,Department of Water Resources,Voluntary,10,22,2008
Glenn_01.01.2003-06.21.2013.csv,Glenn,39.7866,-122.1455,W001,2013-09-18 13:29:54,397866N1221455W001,22N03W01R001M,1/12/2009,00:00,,,55.400,0.000,55.400,228.174,225.974,172.774,53.200,UNK - Unknown,Unknown,Department of Water Resources,Voluntary,1,12,2009
Glenn_01.01.2003-06.21.2013.csv,Glenn,39.7866,-122.1455,W001,2013-09-18 13:29:54,397866N1221455W001,22N03W01R001M,3/23/2009,00:00,,,49.910,0.000,49.910,228.174,225.974,178.264,47.710,UNK - Unknown,Unknown,Department of Water Resources,Voluntary,3,23,2009
Glenn_01.01.2003-06.21.2013.csv,Glenn,39.7866,-122.1455,W001,2013-09-18 13:29:54,397866N1221455W001,22N03W01R001M,5/15/2009,00:00,,,73.260,0.000,73.260,228.174,225.974,154.914,71.060,UNK - Unknown,Unknown,Department of Water Resources,Voluntary,5,15,2009
Glenn_01.01.2003-06.21.2013.csv,Glenn,39.7866,-122.1455,W001,2013-09-18 13:29:54,397866N1221455W001,22N03W01R001M,6/23/2009,00:00,,,99.300,0.000,99.300,228.174,225.974,128.874,97.100,UNK - Unknown,Unknown,Department of Water Resources,Voluntary,6,23,2009
Glenn_01.01.2003-06.21.2013.csv,Glenn,39.7866,-122.1455,W001,2013-09-18 13:29:54,397866N1221455W001,22N03W01R001M,8/10/2009,00:00,,,103.020,0.000,103.020,228.174,225.974,125.154,100.820,UNK - Unknown,Unknown,Department of Water Resources,Voluntary,8,10,2009
Glenn_01.01.2003-06.21.2013.csv,Glenn,39.7866,-122.1455,W001,2013-09-18 13:29:54,397866N1221455W001,22N03W01R001M,9/17/2009,00:00,,,85.470,0.000,85.470,228.174,225.974,142.704,83.270,UNK - Unknown,Unknown,Department of Water Resources,Voluntary,9,17,2009
Glenn_01.01.2003-06.21.2013.csv,Glenn,39.7866,-122.1455,W001,2013-09-18 13:29:54,397866N1221455W001,22N03W01R001M,10/23/2009,00:00,,,68.650,0.000,68.650,228.174,225.974,159.524,66.450,UNK - Unknown,Unknown,Department of Water Resources,Voluntary,10,23,2009
Glenn_01.01.2003-06.21.2013.csv,Glenn,39.7866,-122.1455,W001,2013-09-18 13:29:54,397866N1221455W001,22N03W01R001M,3/22/2010,00:00,,,49.210,0.000,49.210,228.174,225.974,178.964,47.010,UNK - Unknown,Unknown,Department of Water Resources,Voluntary,3,22,2010
Glenn_01.01.2003-06.21.2013.csv,Glenn,39.7866,-122.1455,W001,2013-09-18 13:29:54,397866N1221455W001,22N03W01R001M,8/2/2010,00:00,,,102.610,0.000,102.610,228.174,225.974,125.564,100.410,UNK - Unknown,Unknown,Department of Water Resources,Voluntary,8,2,2010
Glenn_01.01.2003-06.21.2013.csv,Glenn,39.7866,-122.1455,W001,2013-09-18 13:29:54,397866N1221455W001,22N03W01R001M,10/18/2010,00:00,,,72.880,0.000,72.880,228.174,225.974,155.294,70.680,UNK - Unknown,Unknown,Department of Water Resources,Voluntary,10,18,2010
Glenn_01.01.2003-06.21.2013.csv,Glenn,39.7866,-122.1455,W001,2013-09-18 13:29:54,397866N1221455W001,22N03W01R001M,1/20/2011,00:00,,,51.320,0.000,51.320,228.174,225.974,176.854,49.120,UNK - Unknown,Unknown,Department of Water Resources,Voluntary,1,20,2011
Glenn_01.01.2003-06.21.2013.csv,Glenn,39.7866,-122.1455,W001,2013-09-18 13:29:54,397866N1221455W001,22N03W01R001M,2/14/2011,00:00,,,49.770,0.000,49.770,228.174,225.974,178.404,47.570,UNK - Unknown,Unknown,Department of Water Resources,Voluntary,2,14,2011
Glenn_01.01.2003-06.21.2013.csv,Glenn,39.7866,-122.1455,W001,2013-09-18 13:29:54,397866N1221455W001,22N03W01R001M,2/23/2011,00:00,,,50.750,0.000,50.750,228.174,225.974,177.424,48.550,UNK - Unknown,Unknown,Department of Water Resources,Voluntary,2,23,2011
Glenn_01.01.2003-06.21.2013.csv,Glenn,39.7866,-122.1455,W001,2013-09-18 13:29:54,397866N1221455W001,22N03W01R001M,3/10/2011,00:00,,,49.990,0.000,49.990,228.174,225.974,178.184,47.790,UNK - Unknown,Unknown,Department of Water Resources,Voluntary,3,10,2011
Glenn_01.01.2003-06.21.2013.csv,Glenn,39.7866,-122.1455,W001,2013-09-18 13:29:54,397866N1221455W001,22N03W01R001M,4/5/2011,00:00,,,45.680,0.000,45.680,228.174,225.974,182.494,43.480,UNK - Unknown,Unknown,Department of Water Resources,Voluntary,4,5,2011
Glenn_01.01.2003-06.21.2013.csv,Glenn,39.7866,-122.1455,W001,2013-09-18 13:29:54,397866N1221455W001,22N03W01R001M,8/1/2011,00:00,,,97.150,0.000,97.150,228.174,225.974,131.024,94.950,UNK - Unknown,Unknown,Department of Water Resources,Voluntary,8,1,2011
Glenn_01.01.2003-06.21.2013.csv,Glenn,39.7866,-122.1455,W001,2013-09-18 13:29:54,397866N1221455W001,22N03W01R001M,11/28/2011,00:00,,,55.100,0.000,55.100,228.174,225.974,173.074,52.900,UNK - Unknown,Unknown,Department of Water Resources,Voluntary,11,28,2011
Glenn_01.01.2003-06.21.2013.csv,Glenn,39.7866,-122.1455,W002,2013-09-18 13:29:54,397866N1221455W002,22N03W01R002M,10/12/2011,00:00,,,58.240,0.000,58.240,228.529,226.029,170.289,55.740,ES - Electric sounder measurement,0.01 Ft,Department of Water Resources,CASGEM,10,12,2011
Glenn_01.01.2003-06.21.2013.csv,Glenn,39.7866,-122.1455,W002,2013-09-18 13:29:54,397866N1221455W002,22N03W01R002M,3/30/2012,00:00,,,47.170,0.000,47.170,228.529,226.029,181.359,44.670,ES - Electric sounder measurement,0.01 Ft,Department of Water Resources,CASGEM,3,30,2012
Glenn_01.01.2003-06.21.2013.csv,Glenn,39.7866,-122.1455,W002,2013-09-18 13:29:54,397866N1221455W002,22N03W01R002M,8/1/2012,00:00,,,91.680,0.000,91.680,228.529,226.029,136.849,89.180,ES - Electric sounder measurement,0.01 Ft,Department of Water Resources,CASGEM,8,1,2012
Glenn_01.01.2003-06.21.2013.csv,Glenn,39.7866,-122.1455,W002,2013-09-18 13:29:54,397866N1221455W002,22N03W01R002M,10/17/2012,00:00,,,72.960,0.000,72.960,228.529,226.029,155.569,70.460,ES - Electric sounder measurement,0.01 Ft,Department of Water Resources,CASGEM,10,17,2012
Glenn_01.01.2003-06.21.2013.csv,Glenn,39.7866,-122.1455,W002,2013-09-18 13:29:54,397866N1221455W002,22N03W01R002M,3/19/2013,00:00,,,55.040,0.000,55.040,228.529,226.029,173.489,52.540,ES - Electric sounder measurement,0.01 Ft,Department of Water Resources,CASGEM,3,19,2013
Glenn_01.01.2003-06.21.2013.csv,Glenn,39.7866,-122.1455,W002,2013-09-18 13:29:54,397866N1221455W002,22N03W01R002M,7/31/2003,00:00,,,90.180,0.000,90.180,228.529,226.029,138.349,87.680,UNK - Unknown,Unknown,Department of Water Resources,Voluntary,7,31,2003
Glenn_01.01.2003-06.21.2013.csv,Glenn,39.7866,-122.1455,W002,2013-09-18 13:29:54,397866N1221455W002,22N03W01R002M,8/26/2003,00:00,,,81.200,0.000,81.200,228.529,226.029,147.329,78.700,UNK - Unknown,Unknown,Department of Water Resources,Voluntary,8,26,2003
Glenn_01.01.2003-06.21.2013.csv,Glenn,39.7866,-122.1455,W002,2013-09-18 13:29:54,397866N1221455W002,22N03W01R002M,8/14/2003,00:00,,,87.000,0.000,87.000,228.529,226.029,141.529,84.500,UNK - Unknown,Unknown,Department of Water Resources,Voluntary,8,14,2003
Glenn_01.01.2003-06.21.2013.csv,Glenn,39.7866,-122.1455,W002,2013-09-18 13:29:54,397866N1221455W002,22N03W01R002M,9/4/2003,00:00,,,76.400,0.000,76.400,228.529,226.029,152.129,73.900,UNK - Unknown,Unknown,Department of Water Resources,Voluntary,9,4,2003
Glenn_01.01.2003-06.21.2013.csv,Glenn,39.7866,-122.1455,W002,2013-09-18 13:29:54,397866N1221455W002,22N03W01R002M,7/24/2003,00:00,,,81.920,0.000,81.920,228.529,226.029,146.609,79.420,UNK - Unknown,Unknown,Department of Water Resources,Voluntary,7,24,2003
Glenn_01.01.2003-06.21.2013.csv,Glenn,39.7866,-122.1455,W002,2013-09-18 13:29:54,397866N1221455W002,22N03W01R002M,8/7/2003,00:00,,,77.450,0.000,77.450,228.529,226.029,151.079,74.950,UNK - Unknown,Unknown,Department of Water Resources,Voluntary,8,7,2003
Glenn_01.01.2003-06.21.2013.csv,Glenn,39.7866,-122.1455,W002,2013-09-18 13:29:54,397866N1221455W002,22N03W01R002M,8/21/2003,00:00,,,85.780,0.000,85.780,228.529,226.029,142.749,83.280,UNK - Unknown,Unknown,Department of Water Resources,Voluntary,8,21,2003
Glenn_01.01.2003-06.21.2013.csv,Glenn,39.7866,-122.1455,W002,2013-09-18 13:29:54,397866N1221455W002,22N03W01R002M,8/28/2003,00:00,,,81.330,0.000,81.330,228.529,226.029,147.199,78.830,UNK - Unknown,Unknown,Department of Water Resources,Voluntary,8,28,2003
Glenn_01.01.2003-06.21.2013.csv,Glenn,39.7866,-122.1455,W002,2013-09-18 13:29:54,397866N1221455W002,22N03W01R002M,9/22/2003,00:00,,,72.700,0.000,72.700,228.529,226.029,155.829,70.200,UNK - Unknown,Unknown,Department of Water Resources,Voluntary,9,22,2003
Glenn_01.01.2003-06.21.2013.csv,Glenn,39.7866,-122.1455,W002,2013-09-18 13:29:54,397866N1221455W002,22N03W01R002M,9/25/2003,00:00,,,71.700,0.000,71.700,228.529,226.029,156.829,69.200,UNK - Unknown,Unknown,Department of Water Resources,Voluntary,9,25,2003
Glenn_01.01.2003-06.21.2013.csv,Glenn,39.7866,-122.1455,W002,2013-09-18 13:29:54,397866N1221455W002,22N03W01R002M,10/2/2003,00:00,,,71.500,0.000,71.500,228.529,226.029,157.029,69.000,UNK - Unknown,Unknown,Department of Water Resources,Voluntary,10,2,2003
Glenn_01.01.2003-06.21.2013.csv,Glenn,39.7866,-122.1455,W002,2013-09-18 13:29:54,397866N1221455W002,22N03W01R002M,10/16/2003,00:00,,,65.900,0.000,65.900,228.529,226.029,162.629,63.400,UNK - Unknown,Unknown,Department of Water Resources,Voluntary,10,16,2003
Glenn_01.01.2003-06.21.2013.csv,Glenn,39.7866,-122.1455,W002,2013-09-18 13:29:54,397866N1221455W002,22N03W01R002M,10/9/2003,00:00,,,66.300,0.000,66.300,228.529,226.029,162.229,63.800,UNK - Unknown,Unknown,Department of Water Resources,Voluntary,10,9,2003
Glenn_01.01.2003-06.21.2013.csv,Glenn,39.7866,-122.1455,W002,2013-09-18 13:29:54,397866N1221455W002,22N03W01R002M,10/23/2003,00:00,,,62.000,0.000,62.000,228.529,226.029,166.529,59.500,UNK - Unknown,Unknown,Department of Water Resources,Voluntary,10,23,2003
Glenn_01.01.2003-06.21.2013.csv,Glenn,39.7866,-122.1455,W002,2013-09-18 13:29:54,397866N1221455W002,22N03W01R002M,10/30/2003,00:00,,,61.500,0.000,61.500,228.529,226.029,167.029,59.000,UNK - Unknown,Unknown,Department of Water Resources,Voluntary,10,30,2003
Glenn_01.01.2003-06.21.2013.csv,Glenn,39.7866,-122.1455,W002,2013-09-18 13:29:54,397866N1221455W002,22N03W01R002M,11/25/2003,00:00,,,52.700,0.000,52.700,228.529,226.029,175.829,50.200,UNK - Unknown,Unknown,Department of Water Resources,Voluntary,11,25,2003
Glenn_01.01.2003-06.21.2013.csv,Glenn,39.7866,-122.1455,W002,2013-09-18 13:29:54,397866N1221455W002,22N03W01R002M,11/6/2003,00:00,,,56.100,0.000,56.100,228.529,226.029,172.429,53.600,UNK - Unknown,Unknown,Department of Water Resources,Voluntary,11,6,2003
Glenn_01.01.2003-06.21.2013.csv,Glenn,39.7866,-122.1455,W002,2013-09-18 13:29:54,397866N1221455W002,22N03W01R002M,11/13/2003,00:00,,,54.100,0.000,54.100,228.529,226.029,174.429,51.600,UNK - Unknown,Unknown,Department of Water Resources,Voluntary,11,13,2003
Glenn_01.01.2003-06.21.2013.csv,Glenn,39.7866,-122.1455,W002,2013-09-18 13:29:54,397866N1221455W002,22N03W01R002M,12/9/2003,00:00,,,50.200,0.000,50.200,228.529,226.029,178.329,47.700,UNK - Unknown,Unknown,Department of Water Resources,Voluntary,12,9,2003
Glenn_01.01.2003-06.21.2013.csv,Glenn,39.7866,-122.1455,W002,2013-09-18 13:29:54,397866N1221455W002,22N03W01R002M,3/31/2004,00:00,,,38.600,0.000,38.600,228.529,226.029,189.929,36.100,UNK - Unknown,Unknown,Department of Water Resources,Voluntary,3,31,2004
Glenn_01.01.2003-06.21.2013.csv,Glenn,39.7866,-122.1455,W002,2013-09-18 13:29:54,397866N1221455W002,22N03W01R002M,4/26/2004,00:00,,,62.400,0.000,62.400,228.529,226.029,166.129,59.900,UNK - Unknown,Unknown,Department of Water Resources,Voluntary,4,26,2004
Glenn_01.01.2003-06.21.2013.csv,Glenn,39.7866,-122.1455,W002,2013-09-18 13:29:54,397866N1221455W002,22N03W01R002M,5/21/2004,00:00,,,63.300,0.000,63.300,228.529,226.029,165.229,60.800,UNK - Unknown,Unknown,Department of Water Resources,Voluntary,5,21,2004
Glenn_01.01.2003-06.21.2013.csv,Glenn,39.7866,-122.1455,W002,2013-09-18 13:29:54,397866N1221455W002,22N03W01R002M,2/10/2004,00:00,,,42.200,0.000,42.200,228.529,226.029,186.329,39.700,UNK - Unknown,Unknown,Department of Water Resources,Voluntary,2,10,2004
Glenn_01.01.2003-06.21.2013.csv,Glenn,39.7866,-122.1455,W002,2013-09-18 13:29:54,397866N1221455W002,22N03W01R002M,7/27/2004,00:00,,,91.000,0.000,91.000,228.529,226.029,137.529,88.500,UNK - Unknown,Unknown,Department of Water Resources,Voluntary,7,27,2004
Glenn_01.01.2003-06.21.2013.csv,Glenn,39.7866,-122.1455,W002,2013-09-18 13:29:54,397866N1221455W002,22N03W01R002M,6/21/2004,00:00,,,76.300,0.000,76.300,228.529,226.029,152.229,73.800,UNK - Unknown,Unknown,Department of Water Resources,Voluntary,6,21,2004
Glenn_01.01.2003-06.21.2013.csv,Glenn,39.7866,-122.1455,W002,2013-09-18 13:29:54,397866N1221455W002,22N03W01R002M,8/24/2004,00:00,,,73.500,0.000,73.500,228.529,226.029,155.029,71.000,UNK - Unknown,Unknown,Department of Water Resources,Voluntary,8,24,2004
Glenn_01.01.2003-06.21.2013.csv,Glenn,39.7866,-122.1455,W002,2013-09-18 13:29:54,397866N1221455W002,22N03W01R002M,9/21/2004,00:00,,,78.200,0.000,78.200,228.529,226.029,150.329,75.700,UNK - Unknown,Unknown,Department of Water Resources,Voluntary,9,21,2004
Glenn_01.01.2003-06.21.2013.csv,Glenn,39.7866,-122.1455,W002,2013-09-18 13:29:54,397866N1221455W002,22N03W01R002M,10/19/2004,00:00,,,61.400,0.000,61.400,228.529,226.029,167.129,58.900,UNK - Unknown,Unknown,Department of Water Resources,Voluntary,10,19,2004
Glenn_01.01.2003-06.21.2013.csv,Glenn,39.7866,-122.1455,W002,2013-09-18 13:29:54,397866N1221455W002,22N03W01R002M,11/22/2004,00:00,,,52.000,0.000,52.000,228.529,226.029,176.529,49.500,UNK - Unknown,Unknown,Department of Water Resources,Voluntary,11,22,2004
Glenn_01.01.2003-06.21.2013.csv,Glenn,39.7866,-122.1455,W002,2013-09-18 13:29:54,397866N1221455W002,22N03W01R002M,3/31/2005,00:00,,,39.000,0.000,39.000,228.529,226.029,189.529,36.500,UNK - Unknown,Unknown,Department of Water Resources,Voluntary,3,31,2005
Glenn_01.01.2003-06.21.2013.csv,Glenn,39.7866,-122.1455,W002,2013-09-18 13:29:54,397866N1221455W002,22N03W01R002M,4/28/2005,00:00,,,42.900,0.000,42.900,228.529,226.029,185.629,40.400,UNK - Unknown,Unknown,Department of Water Resources,Voluntary,4,28,2005
Glenn_01.01.2003-06.21.2013.csv,Glenn,39.7866,-122.1455,W002,2013-09-18 13:29:54,397866N1221455W002,22N03W01R002M,5/27/2005,00:00,,,50.500,0.000,50.500,228.529,226.029,178.029,48.000,UNK - Unknown,Unknown,Department of Water Resources,Voluntary,5,27,2005
Glenn_01.01.2003-06.21.2013.csv,Glenn,39.7866,-122.1455,W002,2013-09-18 13:29:54,397866N1221455W002,22N03W01R002M,6/24/2005,00:00,,,63.900,0.000,63.900,228.529,226.029,164.629,61.400,UNK - Unknown,Unknown,Department of Water Resources,Voluntary,6,24,2005
Glenn_01.01.2003-06.21.2013.csv,Glenn,39.7866,-122.1455,W002,2013-09-18 13:29:54,397866N1221455W002,22N03W01R002M,7/29/2005,00:00,,,78.800,0.000,78.800,228.529,226.029,149.729,76.300,UNK - Unknown,Unknown,Department of Water Resources,Voluntary,7,29,2005
Glenn_01.01.2003-06.21.2013.csv,Glenn,39.7866,-122.1455,W002,2013-09-18 13:29:54,397866N1221455W002,22N03W01R002M,8/26/2005,00:00,,,77.900,0.000,77.900,228.529,226.029,150.629,75.400,UNK - Unknown,Unknown,Department of Water Resources,Voluntary,8,26,2005
Glenn_01.01.2003-06.21.2013.csv,Glenn,39.7866,-122.1455,W002,2013-09-18 13:29:54,397866N1221455W002,22N03W01R002M,9/29/2005,00:00,,,69.600,0.000,69.600,228.529,226.029,158.929,67.100,UNK - Unknown,Unknown,Department of Water Resources,Voluntary,9,29,2005
Glenn_01.01.2003-06.21.2013.csv,Glenn,39.7866,-122.1455,W002,2013-09-18 13:29:54,397866N1221455W002,22N03W01R002M,10/21/2005,00:00,,,64.500,0.000,64.500,228.529,226.029,164.029,62.000,UNK - Unknown,Unknown,Department of Water Resources,Voluntary,10,21,2005
Glenn_01.01.2003-06.21.2013.csv,Glenn,39.7866,-122.1455,W002,2013-09-18 13:29:54,397866N1221455W002,22N03W01R002M,3/30/2006,00:00,,,37.400,0.000,37.400,228.529,226.029,191.129,34.900,UNK - Unknown,Unknown,Department of Water Resources,Voluntary,3,30,2006
Glenn_01.01.2003-06.21.2013.csv,Glenn,39.7866,-122.1455,W002,2013-09-18 13:29:54,397866N1221455W002,22N03W01R002M,5/19/2006,00:00,,,55.900,0.000,55.900,228.529,226.029,172.629,53.400,UNK - Unknown,Unknown,Department of Water Resources,Voluntary,5,19,2006
Glenn_01.01.2003-06.21.2013.csv,Glenn,39.7866,-122.1455,W002,2013-09-18 13:29:54,397866N1221455W002,22N03W01R002M,8/4/2006,00:00,,,86.000,0.000,86.000,228.529,226.029,142.529,83.500,UNK - Unknown,Unknown,Department of Water Resources,Voluntary,8,4,2006
Glenn_01.01.2003-06.21.2013.csv,Glenn,39.7866,-122.1455,W002,2013-09-18 13:29:54,397866N1221455W002,22N03W01R002M,10/12/2006,00:00,,,64.100,0.000,64.100,228.529,226.029,164.429,61.600,UNK - Unknown,Unknown,Department of Water Resources,Voluntary,10,12,2006
Glenn_01.01.2003-06.21.2013.csv,Glenn,39.7866,-122.1455,W002,2013-09-18 13:29:54,397866N1221455W002,22N03W01R002M,3/22/2007,00:00,,,47.940,0.000,47.940,228.529,226.029,180.589,45.440,UNK - Unknown,Unknown,Department of Water Resources,Voluntary,3,22,2007
Glenn_01.01.2003-06.21.2013.csv,Glenn,39.7866,-122.1455,W002,2013-09-18 13:29:54,397866N1221455W002,22N03W01R002M,4/16/2007,00:00,,,50.600,0.000,50.600,228.529,226.029,177.929,48.100,UNK - Unknown,Unknown,Department of Water Resources,Voluntary,4,16,2007
Glenn_01.01.2003-06.21.2013.csv,Glenn,39.7866,-122.1455,W002,2013-09-18 13:29:54,397866N1221455W002,22N03W01R002M,4/26/2007,00:00,,,55.100,0.000,55.100,228.529,226.029,173.429,52.600,UNK - Unknown,Unknown,Department of Water Resources,Voluntary,4,26,2007
Glenn_01.01.2003-06.21.2013.csv,Glenn,39.7866,-122.1455,W002,2013-09-18 13:29:54,397866N1221455W002,22N03W01R002M,5/3/2007,00:00,,,58.200,0.000,58.200,228.529,226.029,170.329,55.700,UNK - Unknown,Unknown,Department of Water Resources,Voluntary,5,3,2007
Glenn_01.01.2003-06.21.2013.csv,Glenn,39.7866,-122.1455,W002,2013-09-18 13:29:54,397866N1221455W002,22N03W01R002M,5/18/2007,00:00,,,68.800,0.000,68.800,228.529,226.029,159.729,66.300,UNK - Unknown,Unknown,Department of Water Resources,Voluntary,5,18,2007
Glenn_01.01.2003-06.21.2013.csv,Glenn,39.7866,-122.1455,W002,2013-09-18 13:29:54,397866N1221455W002,22N03W01R002M,5/30/2007,00:00,,,73.800,0.000,73.800,228.529,226.029,154.729,71.300,UNK - Unknown,Unknown,Department of Water Resources,Voluntary,5,30,2007
Glenn_01.01.2003-06.21.2013.csv,Glenn,39.7866,-122.1455,W002,2013-09-18 13:29:54,397866N1221455W002,22N03W01R002M,8/10/2007,00:00,,,82.530,0.000,82.530,228.529,226.029,145.999,80.030,UNK - Unknown,Unknown,Department of Water Resources,Voluntary,8,10,2007
Glenn_01.01.2003-06.21.2013.csv,Glenn,39.7866,-122.1455,W002,2013-09-18 13:29:54,397866N1221455W002,22N03W01R002M,8/31/2007,00:00,,,81.380,0.000,81.380,228.529,226.029,147.149,78.880,UNK - Unknown,Unknown,Department of Water Resources,Voluntary,8,31,2007
Glenn_01.01.2003-06.21.2013.csv,Glenn,39.7866,-122.1455,W002,2013-09-18 13:29:54,397866N1221455W002,22N03W01R002M,10/15/2007,00:00,,,60.510,0.000,60.510,228.529,226.029,168.019,58.010,UNK - Unknown,Unknown,Department of Water Resources,Voluntary,10,15,2007
Glenn_01.01.2003-06.21.2013.csv,Glenn,39.7866,-122.1455,W002,2013-09-18 13:29:54,397866N1221455W002,22N03W01R002M,1/15/2008,00:00,,,50.080,0.000,50.080,228.529,226.029,178.449,47.580,UNK - Unknown,Unknown,Department of Water Resources,Voluntary,1,15,2008
Glenn_01.01.2003-06.21.2013.csv,Glenn,39.7866,-122.1455,W002,2013-09-18 13:29:54,397866N1221455W002,22N03W01R002M,3/13/2008,00:00,,,45.360,0.000,45.360,228.529,226.029,183.169,42.860,UNK - Unknown,Unknown,Department of Water Resources,Voluntary,3,13,2008
Glenn_01.01.2003-06.21.2013.csv,Glenn,39.7866,-122.1455,W002,2013-09-18 13:29:54,397866N1221455W002,22N03W01R002M,7/8/2008,00:00,,,87.280,0.000,87.280,228.529,226.029,141.249,84.780,UNK - Unknown,Unknown,Department of Water Resources,Voluntary,7,8,2008
Glenn_01.01.2003-06.21.2013.csv,Glenn,39.7866,-122.1455,W002,2013-09-18 13:29:54,397866N1221455W002,22N03W01R002M,7/16/2008,00:00,,,85.660,0.000,85.660,228.529,226.029,142.869,83.160,UNK - Unknown,Unknown,Department of Water Resources,Voluntary,7,16,2008
Glenn_01.01.2003-06.21.2013.csv,Glenn,39.7866,-122.1455,W002,2013-09-18 13:29:54,397866N1221455W002,22N03W01R002M,7/24/2008,00:00,,,86.170,0.000,86.170,228.529,226.029,142.359,83.670,UNK - Unknown,Unknown,Department of Water Resources,Voluntary,7,24,2008
Glenn_01.01.2003-06.21.2013.csv,Glenn,39.7866,-122.1455,W002,2013-09-18 13:29:54,397866N1221455W002,22N03W01R002M,8/5/2008,00:00,,,88.460,0.000,88.460,228.529,226.029,140.069,85.960,UNK - Unknown,Unknown,Department of Water Resources,Voluntary,8,5,2008
Glenn_01.01.2003-06.21.2013.csv,Glenn,39.7866,-122.1455,W002,2013-09-18 13:29:54,397866N1221455W002,22N03W01R002M,10/22/2008,00:00,,,68.810,0.000,68.810,228.529,226.029,159.719,66.310,UNK - Unknown,Unknown,Department of Water Resources,Voluntary,10,22,2008
Glenn_01.01.2003-06.21.2013.csv,Glenn,39.7866,-122.1455,W002,2013-09-18 13:29:54,397866N1221455W002,22N03W01R002M,1/12/2009,00:00,,,52.700,0.000,52.700,228.529,226.029,175.829,50.200,UNK - Unknown,Unknown,Department of Water Resources,Voluntary,1,12,2009
Glenn_01.01.2003-06.21.2013.csv,Glenn,39.7866,-122.1455,W002,2013-09-18 13:29:54,397866N1221455W002,22N03W01R002M,3/23/2009,00:00,,,47.710,0.000,47.710,228.529,226.029,180.819,45.210,UNK - Unknown,Unknown,Department of Water Resources,Voluntary,3,23,2009
Glenn_01.01.2003-06.21.2013.csv,Glenn,39.7866,-122.1455,W002,2013-09-18 13:29:54,397866N1221455W002,22N03W01R002M,5/15/2009,00:00,,,63.670,0.000,63.670,228.529,226.029,164.859,61.170,UNK - Unknown,Unknown,Department of Water Resources,Voluntary,5,15,2009
Glenn_01.01.2003-06.21.2013.csv,Glenn,39.7866,-122.1455,W002,2013-09-18 13:29:54,397866N1221455W002,22N03W01R002M,6/23/2009,00:00,,,78.500,0.000,78.500,228.529,226.029,150.029,76.000,UNK - Unknown,Unknown,Department of Water Resources,Voluntary,6,23,2009
Glenn_01.01.2003-06.21.2013.csv,Glenn,39.7866,-122.1455,W002,2013-09-18 13:29:54,397866N1221455W002,22N03W01R002M,8/10/2009,00:00,,,90.910,0.000,90.910,228.529,226.029,137.619,88.410,UNK - Unknown,Unknown,Department of Water Resources,Voluntary,8,10,2009
Glenn_01.01.2003-06.21.2013.csv,Glenn,39.7866,-122.1455,W002,2013-09-18 13:29:54,397866N1221455W002,22N03W01R002M,9/17/2009,00:00,,,73.170,0.000,73.170,228.529,226.029,155.359,70.670,UNK - Unknown,Unknown,Department of Water Resources,Voluntary,9,17,2009
Glenn_01.01.2003-06.21.2013.csv,Glenn,39.7866,-122.1455,W002,2013-09-18 13:29:54,397866N1221455W002,22N03W01R002M,10/23/2009,00:00,,,61.950,0.000,61.950,228.529,226.029,166.579,59.450,UNK - Unknown,Unknown,Department of Water Resources,Voluntary,10,23,2009
Glenn_01.01.2003-06.21.2013.csv,Glenn,39.7866,-122.1455,W002,2013-09-18 13:29:54,397866N1221455W002,22N03W01R002M,3/22/2010,00:00,,,46.260,0.000,46.260,228.529,226.029,182.269,43.760,UNK - Unknown,Unknown,Department of Water Resources,Voluntary,3,22,2010
Glenn_01.01.2003-06.21.2013.csv,Glenn,39.7866,-122.1455,W002,2013-09-18 13:29:54,397866N1221455W002,22N03W01R002M,8/2/2010,00:00,,,87.010,0.000,87.010,228.529,226.029,141.519,84.510,UNK - Unknown,Unknown,Department of Water Resources,Voluntary,8,2,2010
Glenn_01.01.2003-06.21.2013.csv,Glenn,39.7866,-122.1455,W002,2013-09-18 13:29:54,397866N1221455W002,22N03W01R002M,10/18/2010,00:00,,,67.570,0.000,67.570,228.529,226.029,160.959,65.070,UNK - Unknown,Unknown,Department of Water Resources,Voluntary,10,18,2010
Glenn_01.01.2003-06.21.2013.csv,Glenn,39.7866,-122.1455,W002,2013-09-18 13:29:54,397866N1221455W002,22N03W01R002M,1/20/2011,00:00,,,48.740,0.000,48.740,228.529,226.029,179.789,46.240,UNK - Unknown,Unknown,Department of Water Resources,Voluntary,1,20,2011
Glenn_01.01.2003-06.21.2013.csv,Glenn,39.7866,-122.1455,W002,2013-09-18 13:29:54,397866N1221455W002,22N03W01R002M,2/14/2011,00:00,,,47.400,0.000,47.400,228.529,226.029,181.129,44.900,UNK - Unknown,Unknown,Department of Water Resources,Voluntary,2,14,2011
Glenn_01.01.2003-06.21.2013.csv,Glenn,39.7866,-122.1455,W002,2013-09-18 13:29:54,397866N1221455W002,22N03W01R002M,2/23/2011,00:00,,,48.040,0.000,48.040,228.529,226.029,180.489,45.540,UNK - Unknown,Unknown,Department of Water Resources,Voluntary,2,23,2011
Glenn_01.01.2003-06.21.2013.csv,Glenn,39.7866,-122.1455,W002,2013-09-18 13:29:54,397866N1221455W002,22N03W01R002M,3/10/2011,00:00,,,46.290,0.000,46.290,228.529,226.029,182.239,43.790,UNK - Unknown,Unknown,Department of Water Resources,Voluntary,3,10,2011
Glenn_01.01.2003-06.21.2013.csv,Glenn,39.7866,-122.1455,W002,2013-09-18 13:29:54,397866N1221455W002,22N03W01R002M,4/5/2011,00:00,,,43.380,0.000,43.380,228.529,226.029,185.149,40.880,UNK - Unknown,Unknown,Department of Water Resources,Voluntary,4,5,2011
Glenn_01.01.2003-06.21.2013.csv,Glenn,39.7866,-122.1455,W002,2013-09-18 13:29:54,397866N1221455W002,22N03W01R002M,8/1/2011,00:00,,,81.470,0.000,81.470,228.529,226.029,147.059,78.970,UNK - Unknown,Unknown,Department of Water Resources,Voluntary,8,1,2011
Glenn_01.01.2003-06.21.2013.csv,Glenn,39.7866,-122.1455,W002,2013-09-18 13:29:54,397866N1221455W002,22N03W01R002M,11/28/2011,00:00,,,51.370,0.000,51.370,228.529,226.029,177.159,48.870,UNK - Unknown,Unknown,Department of Water Resources,Voluntary,11,28,2011
Glenn_01.01.2003-06.21.2013.csv,Glenn,39.7866,-122.1455,W003,2013-09-18 13:29:54,397866N1221455W003,22N03W01R003M,10/12/2011,00:00,,,39.480,0.000,39.480,229.039,226.039,189.559,36.480,ES - Electric sounder measurement,0.01 Ft,Department of Water Resources,CASGEM,10,12,2011
Glenn_01.01.2003-06.21.2013.csv,Glenn,39.7866,-122.1455,W003,2013-09-18 13:29:54,397866N1221455W003,22N03W01R003M,3/30/2012,00:00,,,34.650,0.000,34.650,229.039,226.039,194.389,31.650,ES - Electric sounder measurement,0.01 Ft,Department of Water Resources,CASGEM,3,30,2012
Glenn_01.01.2003-06.21.2013.csv,Glenn,39.7866,-122.1455,W003,2013-09-18 13:29:54,397866N1221455W003,22N03W01R003M,8/1/2012,00:00,,,54.730,0.000,54.730,229.039,226.039,174.309,51.730,ES - Electric sounder measurement,0.01 Ft,Department of Water Resources,CASGEM,8,1,2012
Glenn_01.01.2003-06.21.2013.csv,Glenn,39.7866,-122.1455,W003,2013-09-18 13:29:54,397866N1221455W003,22N03W01R003M,10/17/2012,00:00,,,49.150,0.000,49.150,229.039,226.039,179.889,46.150,ES - Electric sounder measurement,0.01 Ft,Department of Water Resources,CASGEM,10,17,2012
Glenn_01.01.2003-06.21.2013.csv,Glenn,39.7866,-122.1455,W003,2013-09-18 13:29:54,397866N1221455W003,22N03W01R003M,3/19/2013,00:00,,,37.300,0.000,37.300,229.039,226.039,191.739,34.300,ES - Electric sounder measurement,0.01 Ft,Department of Water Resources,CASGEM,3,19,2013
Glenn_01.01.2003-06.21.2013.csv,Glenn,39.7866,-122.1455,W003,2013-09-18 13:29:54,397866N1221455W003,22N03W01R003M,7/31/2003,00:00,,,43.770,0.000,43.770,229.039,226.039,185.269,40.770,UNK - Unknown,Unknown,Department of Water Resources,Voluntary,7,31,2003
Glenn_01.01.2003-06.21.2013.csv,Glenn,39.7866,-122.1455,W003,2013-09-18 13:29:54,397866N1221455W003,22N03W01R003M,8/26/2003,00:00,,,36.700,0.000,36.700,229.039,226.039,192.339,33.700,UNK - Unknown,Unknown,Department of Water Resources,Voluntary,8,26,2003
Glenn_01.01.2003-06.21.2013.csv,Glenn,39.7866,-122.1455,W003,2013-09-18 13:29:54,397866N1221455W003,22N03W01R003M,9/4/2003,00:00,,,36.700,0.000,36.700,229.039,226.039,192.339,33.700,UNK - Unknown,Unknown,Department of Water Resources,Voluntary,9,4,2003
Glenn_01.01.2003-06.21.2013.csv,Glenn,39.7866,-122.1455,W003,2013-09-18 13:29:54,397866N1221455W003,22N03W01R003M,7/24/2003,00:00,,,40.310,0.000,40.310,229.039,226.039,188.729,37.310,UNK - Unknown,Unknown,Department of Water Resources,Voluntary,7,24,2003
Glenn_01.01.2003-06.21.2013.csv,Glenn,39.7866,-122.1455,W003,2013-09-18 13:29:54,397866N1221455W003,22N03W01R003M,8/7/2003,00:00,,,39.970,0.000,39.970,229.039,226.039,189.069,36.970,UNK - Unknown,Unknown,Department of Water Resources,Voluntary,8,7,2003
Glenn_01.01.2003-06.21.2013.csv,Glenn,39.7866,-122.1455,W003,2013-09-18 13:29:54,397866N1221455W003,22N03W01R003M,8/14/2003,00:00,,,41.950,0.000,41.950,229.039,226.039,187.089,38.950,UNK - Unknown,Unknown,Department of Water Resources,Voluntary,8,14,2003
Glenn_01.01.2003-06.21.2013.csv,Glenn,39.7866,-122.1455,W003,2013-09-18 13:29:54,397866N1221455W003,22N03W01R003M,8/21/2003,00:00,,,38.450,0.000,38.450,229.039,226.039,190.589,35.450,UNK - Unknown,Unknown,Department of Water Resources,Voluntary,8,21,2003
Glenn_01.01.2003-06.21.2013.csv,Glenn,39.7866,-122.1455,W003,2013-09-18 13:29:54,397866N1221455W003,22N03W01R003M,8/28/2003,00:00,,,36.730,0.000,36.730,229.039,226.039,192.309,33.730,UNK - Unknown,Unknown,Department of Water Resources,Voluntary,8,28,2003
Glenn_01.01.2003-06.21.2013.csv,Glenn,39.7866,-122.1455,W003,2013-09-18 13:29:54,397866N1221455W003,22N03W01R003M,9/22/2003,00:00,,,35.600,0.000,35.600,229.039,226.039,193.439,32.600,UNK - Unknown,Unknown,Department of Water Resources,Voluntary,9,22,2003
Glenn_01.01.2003-06.21.2013.csv,Glenn,39.7866,-122.1455,W003,2013-09-18 13:29:54,397866N1221455W003,22N03W01R003M,9/25/2003,00:00,,,34.900,0.000,34.900,229.039,226.039,194.139,31.900,UNK - Unknown,Unknown,Department of Water Resources,Voluntary,9,25,2003
Glenn_01.01.2003-06.21.2013.csv,Glenn,39.7866,-122.1455,W003,2013-09-18 13:29:54,397866N1221455W003,22N03W01R003M,10/2/2003,00:00,,,32.500,0.000,32.500,229.039,226.039,196.539,29.500,UNK - Unknown,Unknown,Department of Water Resources,Voluntary,10,2,2003
Glenn_01.01.2003-06.21.2013.csv,Glenn,39.7866,-122.1455,W003,2013-09-18 13:29:54,397866N1221455W003,22N03W01R003M,10/16/2003,00:00,,,31.600,0.000,31.600,229.039,226.039,197.439,28.600,UNK - Unknown,Unknown,Department of Water Resources,Voluntary,10,16,2003
Glenn_01.01.2003-06.21.2013.csv,Glenn,39.7866,-122.1455,W003,2013-09-18 13:29:54,397866N1221455W003,22N03W01R003M,10/9/2003,00:00,,,32.000,0.000,32.000,229.039,226.039,197.039,29.000,UNK - Unknown,Unknown,Department of Water Resources,Voluntary,10,9,2003
Glenn_01.01.2003-06.21.2013.csv,Glenn,39.7866,-122.1455,W003,2013-09-18 13:29:54,397866N1221455W003,22N03W01R003M,10/30/2003,00:00,,,29.900,0.000,29.900,229.039,226.039,199.139,26.900,UNK - Unknown,Unknown,Department of Water Resources,Voluntary,10,30,2003
Glenn_01.01.2003-06.21.2013.csv,Glenn,39.7866,-122.1455,W003,2013-09-18 13:29:54,397866N1221455W003,22N03W01R003M,11/25/2003,00:00,,,26.300,0.000,26.300,229.039,226.039,202.739,23.300,UNK - Unknown,Unknown,Department of Water Resources,Voluntary,11,25,2003
Glenn_01.01.2003-06.21.2013.csv,Glenn,39.7866,-122.1455,W003,2013-09-18 13:29:54,397866N1221455W003,22N03W01R003M,11/6/2003,00:00,,,28.200,0.000,28.200,229.039,226.039,200.839,25.200,UNK - Unknown,Unknown,Department of Water Resources,Voluntary,11,6,2003
Glenn_01.01.2003-06.21.2013.csv,Glenn,39.7866,-122.1455,W003,2013-09-18 13:29:54,397866N1221455W003,22N03W01R003M,11/13/2003,00:00,,,27.100,0.000,27.100,229.039,226.039,201.939,24.100,UNK - Unknown,Unknown,Department of Water Resources,Voluntary,11,13,2003
Glenn_01.01.2003-06.21.2013.csv,Glenn,39.7866,-122.1455,W003,2013-09-18 13:29:54,397866N1221455W003,22N03W01R003M,12/9/2003,00:00,,,25.100,0.000,25.100,229.039,226.039,203.939,22.100,UNK - Unknown,Unknown,Department of Water Resources,Voluntary,12,9,2003
Glenn_01.01.2003-06.21.2013.csv,Glenn,39.7866,-122.1455,W003,2013-09-18 13:29:54,397866N1221455W003,22N03W01R003M,3/31/2004,00:00,,,18.900,0.000,18.900,229.039,226.039,210.139,15.900,UNK - Unknown,Unknown,Department of Water Resources,Voluntary,3,31,2004
Glenn_01.01.2003-06.21.2013.csv,Glenn,39.7866,-122.1455,W003,2013-09-18 13:29:54,397866N1221455W003,22N03W01R003M,4/26/2004,00:00,,,25.030,0.000,25.030,229.039,226.039,204.009,22.030,UNK - Unknown,Unknown,Department of Water Resources,Voluntary,4,26,2004
Glenn_01.01.2003-06.21.2013.csv,Glenn,39.7866,-122.1455,W003,2013-09-18 13:29:54,397866N1221455W003,22N03W01R003M,5/21/2004,00:00,,,25.200,0.000,25.200,229.039,226.039,203.839,22.200,UNK - Unknown,Unknown,Department of Water Resources,Voluntary,5,21,2004
Glenn_01.01.2003-06.21.2013.csv,Glenn,39.7866,-122.1455,W003,2013-09-18 13:29:54,397866N1221455W003,22N03W01R003M,2/10/2004,00:00,,,20.000,0.000,20.000,229.039,226.039,209.039,17.000,UNK - Unknown,Unknown,Department of Water Resources,Voluntary,2,10,2004
Glenn_01.01.2003-06.21.2013.csv,Glenn,39.7866,-122.1455,W003,2013-09-18 13:29:54,397866N1221455W003,22N03W01R003M,7/27/2004,00:00,,,28.200,0.000,28.200,229.039,226.039,200.839,25.200,UNK - Unknown,Unknown,Department of Water Resources,Voluntary,7,27,2004
Glenn_01.01.2003-06.21.2013.csv,Glenn,39.7866,-122.1455,W003,2013-09-18 13:29:54,397866N1221455W003,22N03W01R003M,6/21/2004,00:00,,,27.800,0.000,27.800,229.039,226.039,201.239,24.800,UNK - Unknown,Unknown,Department of Water Resources,Voluntary,6,21,2004
Glenn_01.01.2003-06.21.2013.csv,Glenn,39.7866,-122.1455,W003,2013-09-18 13:29:54,397866N1221455W003,22N03W01R003M,8/24/2004,00:00,,,27.400,0.000,27.400,229.039,226.039,201.639,24.400,UNK - Unknown,Unknown,Department of Water Resources,Voluntary,8,24,2004
Glenn_01.01.2003-06.21.2013.csv,Glenn,39.7866,-122.1455,W003,2013-09-18 13:29:54,397866N1221455W003,22N03W01R003M,9/21/2004,00:00,,,29.300,0.000,29.300,229.039,226.039,199.739,26.300,UNK - Unknown,Unknown,Department of Water Resources,Voluntary,9,21,2004
Glenn_01.01.2003-06.21.2013.csv,Glenn,39.7866,-122.1455,W003,2013-09-18 13:29:54,397866N1221455W003,22N03W01R003M,10/19/2004,00:00,,,27.000,0.000,27.000,229.039,226.039,202.039,24.000,UNK - Unknown,Unknown,Department of Water Resources,Voluntary,10,19,2004
Glenn_01.01.2003-06.21.2013.csv,Glenn,39.7866,-122.1455,W003,2013-09-18 13:29:54,397866N1221455W003,22N03W01R003M,11/22/2004,00:00,,,25.800,0.000,25.800,229.039,226.039,203.239,22.800,UNK - Unknown,Unknown,Department of Water Resources,Voluntary,11,22,2004
Glenn_01.01.2003-06.21.2013.csv,Glenn,39.7866,-122.1455,W003,2013-09-18 13:29:54,397866N1221455W003,22N03W01R003M,3/31/2005,00:00,,,21.600,0.000,21.600,229.039,226.039,207.439,18.600,UNK - Unknown,Unknown,Department of Water Resources,Voluntary,3,31,2005
Glenn_01.01.2003-06.21.2013.csv,Glenn,39.7866,-122.1455,W003,2013-09-18 13:29:54,397866N1221455W003,22N03W01R003M,4/28/2005,00:00,,,22.800,0.000,22.800,229.039,226.039,206.239,19.800,UNK - Unknown,Unknown,Department of Water Resources,Voluntary,4,28,2005
Glenn_01.01.2003-06.21.2013.csv,Glenn,39.7866,-122.1455,W003,2013-09-18 13:29:54,397866N1221455W003,22N03W01R003M,5/27/2005,00:00,,,24.000,0.000,24.000,229.039,226.039,205.039,21.000,UNK - Unknown,Unknown,Department of Water Resources,Voluntary,5,27,2005
Glenn_01.01.2003-06.21.2013.csv,Glenn,39.7866,-122.1455,W003,2013-09-18 13:29:54,397866N1221455W003,22N03W01R003M,6/24/2005,00:00,,,27.300,0.000,27.300,229.039,226.039,201.739,24.300,UNK - Unknown,Unknown,Department of Water Resources,Voluntary,6,24,2005
Glenn_01.01.2003-06.21.2013.csv,Glenn,39.7866,-122.1455,W003,2013-09-18 13:29:54,397866N1221455W003,22N03W01R003M,7/29/2005,00:00,,,28.700,0.000,28.700,229.039,226.039,200.339,25.700,UNK - Unknown,Unknown,Department of Water Resources,Voluntary,7,29,2005
Glenn_01.01.2003-06.21.2013.csv,Glenn,39.7866,-122.1455,W003,2013-09-18 13:29:54,397866N1221455W003,22N03W01R003M,8/26/2005,00:00,,,30.600,0.000,30.600,229.039,226.039,198.439,27.600,UNK - Unknown,Unknown,Department of Water Resources,Voluntary,8,26,2005
Glenn_01.01.2003-06.21.2013.csv,Glenn,39.7866,-122.1455,W003,2013-09-18 13:29:54,397866N1221455W003,22N03W01R003M,9/29/2005,00:00,,,29.100,0.000,29.100,229.039,226.039,199.939,26.100,UNK - Unknown,Unknown,Department of Water Resources,Voluntary,9,29,2005
Glenn_01.01.2003-06.21.2013.csv,Glenn,39.7866,-122.1455,W003,2013-09-18 13:29:54,397866N1221455W003,22N03W01R003M,10/21/2005,00:00,,,28.500,0.000,28.500,229.039,226.039,200.539,25.500,UNK - Unknown,Unknown,Department of Water Resources,Voluntary,10,21,2005
Glenn_01.01.2003-06.21.2013.csv,Glenn,39.7866,-122.1455,W003,2013-09-18 13:29:54,397866N1221455W003,22N03W01R003M,3/30/2006,00:00,,,19.600,0.000,19.600,229.039,226.039,209.439,16.600,UNK - Unknown,Unknown,Department of Water Resources,Voluntary,3,30,2006
Glenn_01.01.2003-06.21.2013.csv,Glenn,39.7866,-122.1455,W003,2013-09-18 13:29:54,397866N1221455W003,22N03W01R003M,5/19/2006,00:00,,,24.500,0.000,24.500,229.039,226.039,204.539,21.500,UNK - Unknown,Unknown,Department of Water Resources,Voluntary,5,19,2006
Glenn_01.01.2003-06.21.2013.csv,Glenn,39.7866,-122.1455,W003,2013-09-18 13:29:54,397866N1221455W003,22N03W01R003M,8/4/2006,00:00,,,31.700,0.000,31.700,229.039,226.039,197.339,28.700,UNK - Unknown,Unknown,Department of Water Resources,Voluntary,8,4,2006
Glenn_01.01.2003-06.21.2013.csv,Glenn,39.7866,-122.1455,W003,2013-09-18 13:29:54,397866N1221455W003,22N03W01R003M,10/12/2006,00:00,,,30.000,0.000,30.000,229.039,226.039,199.039,27.000,UNK - Unknown,Unknown,Department of Water Resources,Voluntary,10,12,2006
Glenn_01.01.2003-06.21.2013.csv,Glenn,39.7866,-122.1455,W003,2013-09-18 13:29:54,397866N1221455W003,22N03W01R003M,3/22/2007,00:00,,,29.660,0.000,29.660,229.039,226.039,199.379,26.660,UNK - Unknown,Unknown,Department of Water Resources,Voluntary,3,22,2007
Glenn_01.01.2003-06.21.2013.csv,Glenn,39.7866,-122.1455,W003,2013-09-18 13:29:54,397866N1221455W003,22N03W01R003M,4/16/2007,00:00,,,29.800,0.000,29.800,229.039,226.039,199.239,26.800,UNK - Unknown,Unknown,Department of Water Resources,Voluntary,4,16,2007
Glenn_01.01.2003-06.21.2013.csv,Glenn,39.7866,-122.1455,W003,2013-09-18 13:29:54,397866N1221455W003,22N03W01R003M,4/26/2007,00:00,,,29.800,0.000,29.800,229.039,226.039,199.239,26.800,UNK - Unknown,Unknown,Department of Water Resources,Voluntary,4,26,2007
Glenn_01.01.2003-06.21.2013.csv,Glenn,39.7866,-122.1455,W003,2013-09-18 13:29:54,397866N1221455W003,22N03W01R003M,5/3/2007,00:00,,,30.900,0.000,30.900,229.039,226.039,198.139,27.900,UNK - Unknown,Unknown,Department of Water Resources,Voluntary,5,3,2007
Glenn_01.01.2003-06.21.2013.csv,Glenn,39.7866,-122.1455,W003,2013-09-18 13:29:54,397866N1221455W003,22N03W01R003M,5/18/2007,00:00,,,31.700,0.000,31.700,229.039,226.039,197.339,28.700,UNK - Unknown,Unknown,Department of Water Resources,Voluntary,5,18,2007
Glenn_01.01.2003-06.21.2013.csv,Glenn,39.7866,-122.1455,W003,2013-09-18 13:29:54,397866N1221455W003,22N03W01R003M,5/30/2007,00:00,,,29.700,0.000,29.700,229.039,226.039,199.339,26.700,UNK - Unknown,Unknown,Department of Water Resources,Voluntary,5,30,2007
Glenn_01.01.2003-06.21.2013.csv,Glenn,39.7866,-122.1455,W003,2013-09-18 13:29:54,397866N1221455W003,22N03W01R003M,8/10/2007,00:00,,,25.990,0.000,25.990,229.039,226.039,203.049,22.990,UNK - Unknown,Unknown,Department of Water Resources,Voluntary,8,10,2007
Glenn_01.01.2003-06.21.2013.csv,Glenn,39.7866,-122.1455,W003,2013-09-18 13:29:54,397866N1221455W003,22N03W01R003M,8/31/2007,00:00,,,26.010,0.000,26.010,229.039,226.039,203.029,23.010,UNK - Unknown,Unknown,Department of Water Resources,Voluntary,8,31,2007
Glenn_01.01.2003-06.21.2013.csv,Glenn,39.7866,-122.1455,W003,2013-09-18 13:29:54,397866N1221455W003,22N03W01R003M,10/15/2007,00:00,,,39.490,0.000,39.490,229.039,226.039,189.549,36.490,UNK - Unknown,Unknown,Department of Water Resources,Voluntary,10,15,2007
Glenn_01.01.2003-06.21.2013.csv,Glenn,39.7866,-122.1455,W003,2013-09-18 13:29:54,397866N1221455W003,22N03W01R003M,1/15/2008,00:00,,,34.280,0.000,34.280,229.039,226.039,194.759,31.280,UNK - Unknown,Unknown,Department of Water Resources,Voluntary,1,15,2008
Glenn_01.01.2003-06.21.2013.csv,Glenn,39.7866,-122.1455,W003,2013-09-18 13:29:54,397866N1221455W003,22N03W01R003M,3/13/2008,00:00,,,29.800,0.000,29.800,229.039,226.039,199.239,26.800,UNK - Unknown,Unknown,Department of Water Resources,Voluntary,3,13,2008
Glenn_01.01.2003-06.21.2013.csv,Glenn,39.7866,-122.1455,W003,2013-09-18 13:29:54,397866N1221455W003,22N03W01R003M,7/8/2008,00:00,,,49.120,0.000,49.120,229.039,226.039,179.919,46.120,UNK - Unknown,Unknown,Department of Water Resources,Voluntary,7,8,2008
Glenn_01.01.2003-06.21.2013.csv,Glenn,39.7866,-122.1455,W003,2013-09-18 13:29:54,397866N1221455W003,22N03W01R003M,7/16/2008,00:00,,,48.600,0.000,48.600,229.039,226.039,180.439,45.600,UNK - Unknown,Unknown,Department of Water Resources,Voluntary,7,16,2008
Glenn_01.01.2003-06.21.2013.csv,Glenn,39.7866,-122.1455,W003,2013-09-18 13:29:54,397866N1221455W003,22N03W01R003M,7/24/2008,00:00,,,50.030,0.000,50.030,229.039,226.039,179.009,47.030,UNK - Unknown,Unknown,Department of Water Resources,Voluntary,7,24,2008
Glenn_01.01.2003-06.21.2013.csv,Glenn,39.7866,-122.1455,W003,2013-09-18 13:29:54,397866N1221455W003,22N03W01R003M,8/5/2008,00:00,,,48.330,0.000,48.330,229.039,226.039,180.709,45.330,UNK - Unknown,Unknown,Department of Water Resources,Voluntary,8,5,2008
Glenn_01.01.2003-06.21.2013.csv,Glenn,39.7866,-122.1455,W003,2013-09-18 13:29:54,397866N1221455W003,22N03W01R003M,10/22/2008,00:00,,,44.460,0.000,44.460,229.039,226.039,184.579,41.460,UNK - Unknown,Unknown,Department of Water Resources,Voluntary,10,22,2008
Glenn_01.01.2003-06.21.2013.csv,Glenn,39.7866,-122.1455,W003,2013-09-18 13:29:54,397866N1221455W003,22N03W01R003M,1/12/2009,00:00,,,36.790,0.000,36.790,229.039,226.039,192.249,33.790,UNK - Unknown,Unknown,Department of Water Resources,Voluntary,1,12,2009
Glenn_01.01.2003-06.21.2013.csv,Glenn,39.7866,-122.1455,W003,2013-09-18 13:29:54,397866N1221455W003,22N03W01R003M,3/23/2009,00:00,,,31.840,0.000,31.840,229.039,226.039,197.199,28.840,UNK - Unknown,Unknown,Department of Water Resources,Voluntary,3,23,2009
Glenn_01.01.2003-06.21.2013.csv,Glenn,39.7866,-122.1455,W003,2013-09-18 13:29:54,397866N1221455W003,22N03W01R003M,5/15/2009,00:00,,,41.930,0.000,41.930,229.039,226.039,187.109,38.930,UNK - Unknown,Unknown,Department of Water Resources,Voluntary,5,15,2009
Glenn_01.01.2003-06.21.2013.csv,Glenn,39.7866,-122.1455,W003,2013-09-18 13:29:54,397866N1221455W003,22N03W01R003M,6/23/2009,00:00,,,47.400,0.000,47.400,229.039,226.039,181.639,44.400,UNK - Unknown,Unknown,Department of Water Resources,Voluntary,6,23,2009
Glenn_01.01.2003-06.21.2013.csv,Glenn,39.7866,-122.1455,W003,2013-09-18 13:29:54,397866N1221455W003,22N03W01R003M,8/10/2009,00:00,,,51.720,0.000,51.720,229.039,226.039,177.319,48.720,UNK - Unknown,Unknown,Department of Water Resources,Voluntary,8,10,2009
Glenn_01.01.2003-06.21.2013.csv,Glenn,39.7866,-122.1455,W003,2013-09-18 13:29:54,397866N1221455W003,22N03W01R003M,9/17/2009,00:00,,,48.780,0.000,48.780,229.039,226.039,180.259,45.780,UNK - Unknown,Unknown,Department of Water Resources,Voluntary,9,17,2009
Glenn_01.01.2003-06.21.2013.csv,Glenn,39.7866,-122.1455,W003,2013-09-18 13:29:54,397866N1221455W003,22N03W01R003M,10/23/2009,00:00,,,41.910,0.000,41.910,229.039,226.039,187.129,38.910,UNK - Unknown,Unknown,Department of Water Resources,Voluntary,10,23,2009
Glenn_01.01.2003-06.21.2013.csv,Glenn,39.7866,-122.1455,W003,2013-09-18 13:29:54,397866N1221455W003,22N03W01R003M,3/22/2010,00:00,,,31.220,0.000,31.220,229.039,226.039,197.819,28.220,UNK - Unknown,Unknown,Department of Water Resources,Voluntary,3,22,2010
Glenn_01.01.2003-06.21.2013.csv,Glenn,39.7866,-122.1455,W003,2013-09-18 13:29:54,397866N1221455W003,22N03W01R003M,8/2/2010,00:00,,,50.840,0.000,50.840,229.039,226.039,178.199,47.840,UNK - Unknown,Unknown,Department of Water Resources,Voluntary,8,2,2010
Glenn_01.01.2003-06.21.2013.csv,Glenn,39.7866,-122.1455,W003,2013-09-18 13:29:54,397866N1221455W003,22N03W01R003M,10/18/2010,00:00,,,43.530,0.000,43.530,229.039,226.039,185.509,40.530,UNK - Unknown,Unknown,Department of Water Resources,Voluntary,10,18,2010
Glenn_01.01.2003-06.21.2013.csv,Glenn,39.7866,-122.1455,W003,2013-09-18 13:29:54,397866N1221455W003,22N03W01R003M,1/20/2011,00:00,,,32.730,0.000,32.730,229.039,226.039,196.309,29.730,UNK - Unknown,Unknown,Department of Water Resources,Voluntary,1,20,2011
Glenn_01.01.2003-06.21.2013.csv,Glenn,39.7866,-122.1455,W003,2013-09-18 13:29:54,397866N1221455W003,22N03W01R003M,2/14/2011,00:00,,,32.420,0.000,32.420,229.039,226.039,196.619,29.420,UNK - Unknown,Unknown,Department of Water Resources,Voluntary,2,14,2011
Glenn_01.01.2003-06.21.2013.csv,Glenn,39.7866,-122.1455,W003,2013-09-18 13:29:54,397866N1221455W003,22N03W01R003M,2/23/2011,00:00,,,32.570,0.000,32.570,229.039,226.039,196.469,29.570,UNK - Unknown,Unknown,Department of Water Resources,Voluntary,2,23,2011
Glenn_01.01.2003-06.21.2013.csv,Glenn,39.7866,-122.1455,W003,2013-09-18 13:29:54,397866N1221455W003,22N03W01R003M,3/10/2011,00:00,,,31.800,0.000,31.800,229.039,226.039,197.239,28.800,UNK - Unknown,Unknown,Department of Water Resources,Voluntary,3,10,2011
Glenn_01.01.2003-06.21.2013.csv,Glenn,39.7866,-122.1455,W003,2013-09-18 13:29:54,397866N1221455W003,22N03W01R003M,4/5/2011,00:00,,,28.970,0.000,28.970,229.039,226.039,200.069,25.970,UNK - Unknown,Unknown,Department of Water Resources,Voluntary,4,5,2011
Glenn_01.01.2003-06.21.2013.csv,Glenn,39.7866,-122.1455,W003,2013-09-18 13:29:54,397866N1221455W003,22N03W01R003M,8/1/2011,00:00,,,49.620,0.000,49.620,229.039,226.039,179.419,46.620,UNK - Unknown,Unknown,Department of Water Resources,Voluntary,8,1,2011
Glenn_01.01.2003-06.21.2013.csv,Glenn,39.7866,-122.1455,W003,2013-09-18 13:29:54,397866N1221455W003,22N03W01R003M,11/28/2011,00:00,,,35.760,0.000,35.760,229.039,226.039,193.279,32.760,UNK - Unknown,Unknown,Department of Water Resources,Voluntary,11,28,2011
Glenn_01.01.2003-06.21.2013.csv,Glenn,39.7875,-122.0494,W001,2013-09-18 13:29:54,397875N1220494W001,22N02W02J001M,10/12/2011,00:00,,,42.200,0.000,42.200,166.430,164.730,124.230,40.500,ES - Electric sounder measurement,0.01 Ft,Department of Water Resources,Voluntary,10,12,2011
Glenn_01.01.2003-06.21.2013.csv,Glenn,39.7875,-122.0494,W001,2013-09-18 13:29:54,397875N1220494W001,22N02W02J001M,10/12/2011,00:00,,,42.200,0.000,42.200,166.430,164.730,124.230,40.500,ES - Electric sounder measurement,0.01 Ft,Department of Water Resources,Voluntary,10,12,2011
Glenn_01.01.2003-06.21.2013.csv,Glenn,39.7875,-122.0494,W001,2013-09-18 13:29:54,397875N1220494W001,22N02W02J001M,3/30/2012,00:00,,,24.100,0.000,24.100,166.430,164.730,142.330,22.400,ES - Electric sounder measurement,0.01 Ft,Department of Water Resources,Voluntary,3,30,2012
Glenn_01.01.2003-06.21.2013.csv,Glenn,39.7875,-122.0494,W001,2013-09-18 13:29:54,397875N1220494W001,22N02W02J001M,8/1/2012,00:00,,,36.210,0.000,36.210,166.430,164.730,130.220,34.510,ES - Electric sounder measurement,0.01 Ft,Department of Water Resources,Voluntary,8,1,2012
Glenn_01.01.2003-06.21.2013.csv,Glenn,39.7875,-122.0494,W001,2013-09-18 13:29:54,397875N1220494W001,22N02W02J001M,10/17/2012,00:00,,,35.870,0.000,35.870,166.430,164.730,130.560,34.170,ES - Electric sounder measurement,0.01 Ft,Department of Water Resources,Voluntary,10,17,2012
Glenn_01.01.2003-06.21.2013.csv,Glenn,39.7875,-122.0494,W001,2013-09-18 13:29:54,397875N1220494W001,22N02W02J001M,2/14/2007,00:00,,,17.100,0.000,17.100,166.430,164.730,149.330,15.400,UNK - Unknown,Unknown,Department of Water Resources,Voluntary,NEW WELL2,14,2007
Glenn_01.01.2003-06.21.2013.csv,Glenn,39.7875,-122.0494,W001,2013-09-18 13:29:54,397875N1220494W001,22N02W02J001M,3/22/2007,00:00,,,16.100,0.000,16.100,166.430,164.730,150.330,14.400,UNK - Unknown,Unknown,Department of Water Resources,Voluntary,3,22,2007
Glenn_01.01.2003-06.21.2013.csv,Glenn,39.7875,-122.0494,W001,2013-09-18 13:29:54,397875N1220494W001,22N02W02J001M,4/16/2007,00:00,,,17.300,0.000,17.300,166.430,164.730,149.130,15.600,UNK - Unknown,Unknown,Department of Water Resources,Voluntary,4,16,2007
Glenn_01.01.2003-06.21.2013.csv,Glenn,39.7875,-122.0494,W001,2013-09-18 13:29:54,397875N1220494W001,22N02W02J001M,4/17/2007,00:00,,,17.800,0.000,17.800,166.430,164.730,148.630,16.100,UNK - Unknown,Unknown,Department of Water Resources,Voluntary,4,17,2007
Glenn_01.01.2003-06.21.2013.csv,Glenn,39.7875,-122.0494,W001,2013-09-18 13:29:54,397875N1220494W001,22N02W02J001M,4/18/2007,00:00,,,17.400,0.000,17.400,166.430,164.730,149.030,15.700,UNK - Unknown,Unknown,Department of Water Resources,Voluntary,4,18,2007
Glenn_01.01.2003-06.21.2013.csv,Glenn,39.7875,-122.0494,W001,2013-09-18 13:29:54,397875N1220494W001,22N02W02J001M,4/18/2007,00:00,,1 - Pumping,154.680,0.000,154.680,166.430,164.730,11.750,152.980,UNK - Unknown,Unknown,Department of Water Resources,Voluntary,4,18,2007
Glenn_01.01.2003-06.21.2013.csv,Glenn,39.7875,-122.0494,W001,2013-09-18 13:29:54,397875N1220494W001,22N02W02J001M,4/23/2007,00:00,,1 - Pumping,192.700,0.000,192.700,166.430,164.730,-26.270,191.000,UNK - Unknown,Unknown,Department of Water Resources,Voluntary,4,23,2007
Glenn_01.01.2003-06.21.2013.csv,Glenn,39.7875,-122.0494,W001,2013-09-18 13:29:54,397875N1220494W001,22N02W02J001M,4/24/2007,00:00,,1 - Pumping,200.970,0.000,200.970,166.430,164.730,-34.540,199.270,UNK - Unknown,Unknown,Department of Water Resources,Voluntary,4,24,2007
Glenn_01.01.2003-06.21.2013.csv,Glenn,39.7875,-122.0494,W001,2013-09-18 13:29:54,397875N1220494W001,22N02W02J001M,4/26/2007,00:00,,1 - Pumping,203.700,0.000,203.700,166.430,164.730,-37.270,202.000,UNK - Unknown,Unknown,Department of Water Resources,Voluntary,4,26,2007
Glenn_01.01.2003-06.21.2013.csv,Glenn,39.7875,-122.0494,W001,2013-09-18 13:29:54,397875N1220494W001,22N02W02J001M,5/1/2007,00:00,,1 - Pumping,208.400,0.000,208.400,166.430,164.730,-41.970,206.700,UNK - Unknown,Unknown,Department of Water Resources,Voluntary,5,1,2007
Glenn_01.01.2003-06.21.2013.csv,Glenn,39.7875,-122.0494,W001,2013-09-18 13:29:54,397875N1220494W001,22N02W02J001M,5/3/2007,00:00,,1 - Pumping,209.700,0.000,209.700,166.430,164.730,-43.270,208.000,UNK - Unknown,Unknown,Department of Water Resources,Voluntary,5,3,2007
Glenn_01.01.2003-06.21.2013.csv,Glenn,39.7875,-122.0494,W001,2013-09-18 13:29:54,397875N1220494W001,22N02W02J001M,5/16/2007,00:00,,1 - Pumping,213.900,0.000,213.900,166.430,164.730,-47.470,212.200,UNK - Unknown,Unknown,Department of Water Resources,Voluntary,5,16,2007
Glenn_01.01.2003-06.21.2013.csv,Glenn,39.7875,-122.0494,W001,2013-09-18 13:29:54,397875N1220494W001,22N02W02J001M,5/18/2007,00:00,,4 - Pumped recently,54.300,0.000,54.300,166.430,164.730,112.130,52.600,UNK - Unknown,Unknown,Department of Water Resources,Voluntary,5,18,2007
Glenn_01.01.2003-06.21.2013.csv,Glenn,39.7875,-122.0494,W001,2013-09-18 13:29:54,397875N1220494W001,22N02W02J001M,5/22/2007,00:00,,,42.100,0.000,42.100,166.430,164.730,124.330,40.400,UNK - Unknown,Unknown,Department of Water Resources,Voluntary,5,22,2007
Glenn_01.01.2003-06.21.2013.csv,Glenn,39.7875,-122.0494,W001,2013-09-18 13:29:54,397875N1220494W001,22N02W02J001M,5/30/2007,00:00,,,34.700,0.000,34.700,166.430,164.730,131.730,33.000,UNK - Unknown,Unknown,Department of Water Resources,Voluntary,5,30,2007
Glenn_01.01.2003-06.21.2013.csv,Glenn,39.7875,-122.0494,W001,2013-09-18 13:29:54,397875N1220494W001,22N02W02J001M,5/31/2007,00:00,,,34.100,0.000,34.100,166.430,164.730,132.330,32.400,UNK - Unknown,Unknown,Department of Water Resources,Voluntary,5,31,2007
Glenn_01.01.2003-06.21.2013.csv,Glenn,39.7875,-122.0494,W001,2013-09-18 13:29:54,397875N1220494W001,22N02W02J001M,6/20/2007,00:00,,,30.600,0.000,30.600,166.430,164.730,135.830,28.900,UNK - Unknown,Unknown,Department of Water Resources,Voluntary,6,20,2007
Glenn_01.01.2003-06.21.2013.csv,Glenn,39.7875,-122.0494,W001,2013-09-18 13:29:54,397875N1220494W001,22N02W02J001M,8/9/2007,00:00,,,32.390,0.000,32.390,166.430,164.730,134.040,30.690,UNK - Unknown,Unknown,Department of Water Resources,Voluntary,8,9,2007
Glenn_01.01.2003-06.21.2013.csv,Glenn,39.7875,-122.0494,W001,2013-09-18 13:29:54,397875N1220494W001,22N02W02J001M,8/31/2007,00:00,,,32.930,0.000,32.930,166.430,164.730,133.500,31.230,UNK - Unknown,Unknown,Department of Water Resources,Voluntary,8,31,2007
Glenn_01.01.2003-06.21.2013.csv,Glenn,39.7875,-122.0494,W001,2013-09-18 13:29:54,397875N1220494W001,22N02W02J001M,10/15/2007,00:00,,,30.960,0.000,30.960,166.430,164.730,135.470,29.260,UNK - Unknown,Unknown,Department of Water Resources,Voluntary,10,15,2007
Glenn_01.01.2003-06.21.2013.csv,Glenn,39.7875,-122.0494,W001,2013-09-18 13:29:54,397875N1220494W001,22N02W02J001M,1/15/2008,00:00,,,23.910,0.000,23.910,166.430,164.730,142.520,22.210,UNK - Unknown,Unknown,Department of Water Resources,Voluntary,1,15,2008
Glenn_01.01.2003-06.21.2013.csv,Glenn,39.7875,-122.0494,W001,2013-09-18 13:29:54,397875N1220494W001,22N02W02J001M,3/13/2008,00:00,,,19.870,0.000,19.870,166.430,164.730,146.560,18.170,UNK - Unknown,Unknown,Department of Water Resources,Voluntary,3,13,2008
Glenn_01.01.2003-06.21.2013.csv,Glenn,39.7875,-122.0494,W001,2013-09-18 13:29:54,397875N1220494W001,22N02W02J001M,7/1/2008,00:00,,,28.280,0.000,28.280,166.430,164.730,138.150,26.580,UNK - Unknown,Unknown,Department of Water Resources,Voluntary,7,1,2008
Glenn_01.01.2003-06.21.2013.csv,Glenn,39.7875,-122.0494,W001,2013-09-18 13:29:54,397875N1220494W001,22N02W02J001M,7/8/2008,00:00,,1 - Pumping,210.500,0.000,210.500,166.430,164.730,-44.070,208.800,UNK - Unknown,Unknown,Department of Water Resources,Voluntary,7,8,2008
Glenn_01.01.2003-06.21.2013.csv,Glenn,39.7875,-122.0494,W001,2013-09-18 13:29:54,397875N1220494W001,22N02W02J001M,7/16/2008,00:00,,1 - Pumping,216.560,0.000,216.560,166.430,164.730,-50.130,214.860,UNK - Unknown,Unknown,Department of Water Resources,Voluntary,7,16,2008
Glenn_01.01.2003-06.21.2013.csv,Glenn,39.7875,-122.0494,W001,2013-09-18 13:29:54,397875N1220494W001,22N02W02J001M,7/25/2008,00:00,,1 - Pumping,221.200,0.000,221.200,166.430,164.730,-54.770,219.500,UNK - Unknown,Unknown,Department of Water Resources,Voluntary,7,25,2008
Glenn_01.01.2003-06.21.2013.csv,Glenn,39.7875,-122.0494,W001,2013-09-18 13:29:54,397875N1220494W001,22N02W02J001M,8/5/2008,00:00,,,57.490,0.000,57.490,166.430,164.730,108.940,55.790,UNK - Unknown,Unknown,Department of Water Resources,Voluntary,8,5,2008
Glenn_01.01.2003-06.21.2013.csv,Glenn,39.7875,-122.0494,W001,2013-09-18 13:29:54,397875N1220494W001,22N02W02J001M,10/22/2008,00:00,,,35.040,0.000,35.040,166.430,164.730,131.390,33.340,UNK - Unknown,Unknown,Department of Water Resources,Voluntary,10,22,2008
Glenn_01.01.2003-06.21.2013.csv,Glenn,39.7875,-122.0494,W001,2013-09-18 13:29:54,397875N1220494W001,22N02W02J001M,12/9/2008,00:00,,,30.300,0.000,30.300,166.430,164.730,136.130,28.600,UNK - Unknown,Unknown,Glenn-Colusa Irrigation District,Voluntary,12,9,2008
Glenn_01.01.2003-06.21.2013.csv,Glenn,39.7875,-122.0494,W001,2013-09-18 13:29:54,397875N1220494W001,22N02W02J001M,1/12/2009,00:00,,,27.530,0.000,27.530,166.430,164.730,138.900,25.830,UNK - Unknown,Unknown,Glenn-Colusa Irrigation District,Voluntary,1,12,2009
Glenn_01.01.2003-06.21.2013.csv,Glenn,39.7875,-122.0494,W001,2013-09-18 13:29:54,397875N1220494W001,22N02W02J001M,2/25/2009,00:00,,,24.500,0.000,24.500,166.430,164.730,141.930,22.800,UNK - Unknown,Unknown,Department of Water Resources,Voluntary,2,25,2009
Glenn_01.01.2003-06.21.2013.csv,Glenn,39.7875,-122.0494,W001,2013-09-18 13:29:54,397875N1220494W001,22N02W02J001M,2/26/2009,00:00,,,26.280,0.000,26.280,166.430,164.730,140.150,24.580,UNK - Unknown,Unknown,Department of Water Resources,Voluntary,2,26,2009
Glenn_01.01.2003-06.21.2013.csv,Glenn,39.7875,-122.0494,W001,2013-09-18 13:29:54,397875N1220494W001,22N02W02J001M,2/27/2009,00:00,,,24.840,0.000,24.840,166.430,164.730,141.590,23.140,UNK - Unknown,Unknown,Department of Water Resources,Voluntary,2,27,2009
Glenn_01.01.2003-06.21.2013.csv,Glenn,39.7875,-122.0494,W001,2013-09-18 13:29:54,397875N1220494W001,22N02W02J001M,3/2/2009,00:00,,1 - Pumping,200.600,0.000,200.600,166.430,164.730,-34.170,198.900,UNK - Unknown,Unknown,Glenn-Colusa Irrigation District,Voluntary,3,2,2009
Glenn_01.01.2003-06.21.2013.csv,Glenn,39.7875,-122.0494,W001,2013-09-18 13:29:54,397875N1220494W001,22N02W02J001M,3/23/2009,00:00,,,27.900,0.000,27.900,166.430,164.730,138.530,26.200,UNK - Unknown,Unknown,Department of Water Resources,Voluntary,3,23,2009
Glenn_01.01.2003-06.21.2013.csv,Glenn,39.7875,-122.0494,W001,2013-09-18 13:29:54,397875N1220494W001,22N02W02J001M,5/15/2009,00:00,,,25.330,0.000,25.330,166.430,164.730,141.100,23.630,UNK - Unknown,Unknown,Department of Water Resources,Voluntary,5,15,2009
Glenn_01.01.2003-06.21.2013.csv,Glenn,39.7875,-122.0494,W001,2013-09-18 13:29:54,397875N1220494W001,22N02W02J001M,6/23/2009,00:00,,,28.800,0.000,28.800,166.430,164.730,137.630,27.100,UNK - Unknown,Unknown,Department of Water Resources,Voluntary,6,23,2009
Glenn_01.01.2003-06.21.2013.csv,Glenn,39.7875,-122.0494,W001,2013-09-18 13:29:54,397875N1220494W001,22N02W02J001M,8/10/2009,00:00,9 - Temporarily inaccessible,,NULL,NULL,NULL,166.430,164.730,NULL,NULL,,,Department of Water Resources,Voluntary,8,10,2009
Glenn_01.01.2003-06.21.2013.csv,Glenn,39.7875,-122.0494,W001,2013-09-18 13:29:54,397875N1220494W001,22N02W02J001M,9/17/2009,00:00,9 - Temporarily inaccessible,,NULL,NULL,NULL,166.430,164.730,NULL,NULL,,,Department of Water Resources,Voluntary,9,17,2009
Glenn_01.01.2003-06.21.2013.csv,Glenn,39.7875,-122.0494,W001,2013-09-18 13:29:54,397875N1220494W001,22N02W02J001M,10/23/2009,00:00,,,39.120,0.000,39.120,166.430,164.730,127.310,37.420,UNK - Unknown,Unknown,Department of Water Resources,Voluntary,10,23,2009
Glenn_01.01.2003-06.21.2013.csv,Glenn,39.7875,-122.0494,W001,2013-09-18 13:29:54,397875N1220494W001,22N02W02J001M,3/30/2010,00:00,,,22.600,0.000,22.600,166.430,164.730,143.830,20.900,UNK - Unknown,Unknown,Department of Water Resources,Voluntary,3,30,2010
Glenn_01.01.2003-06.21.2013.csv,Glenn,39.7875,-122.0494,W001,2013-09-18 13:29:54,397875N1220494W001,22N02W02J001M,8/2/2010,00:00,,,29.930,0.000,29.930,166.430,164.730,136.500,28.230,UNK - Unknown,Unknown,Department of Water Resources,Voluntary,8,2,2010
Glenn_01.01.2003-06.21.2013.csv,Glenn,39.7875,-122.0494,W001,2013-09-18 13:29:54,397875N1220494W001,22N02W02J001M,10/18/2010,00:00,,,31.170,0.000,31.170,166.430,164.730,135.260,29.470,UNK - Unknown,Unknown,Department of Water Resources,Voluntary,10,18,2010
Glenn_01.01.2003-06.21.2013.csv,Glenn,39.7875,-122.0494,W001,2013-09-18 13:29:54,397875N1220494W001,22N02W02J001M,4/5/2011,00:00,,,20.600,0.000,20.600,166.430,164.730,145.830,18.900,UNK - Unknown,Unknown,Department of Water Resources,Voluntary,4,5,2011
Glenn_01.01.2003-06.21.2013.csv,Glenn,39.7875,-122.0494,W001,2013-09-18 13:29:54,397875N1220494W001,22N02W02J001M,8/1/2011,00:00,,,35.440,0.000,35.440,166.430,164.730,130.990,33.740,UNK - Unknown,Unknown,Department of Water Resources,Voluntary,8,1,2011
Glenn_01.01.2003-06.21.2013.csv,Glenn,39.7875,-122.0494,W001,2013-09-18 13:29:54,397875N1220494W001,22N02W02J001M,10/12/2011,00:00,,,42.200,0.000,42.200,166.430,164.730,124.230,40.500,UNK - Unknown,Unknown,Department of Water Resources,Voluntary,10,12,2011
Glenn_01.01.2003-06.21.2013.csv,Glenn,39.7875,-122.0494,W001,2013-09-18 13:29:54,397875N1220494W001,22N02W02J001M,11/28/2011,00:00,,,38.450,0.000,38.450,166.430,164.730,127.980,36.750,UNK - Unknown,Unknown,Department of Water Resources,Voluntary,11,28,2011
Glenn_01.01.2003-06.21.2013.csv,Glenn,39.7875,-122.0494,W001,2013-09-18 13:29:54,397875N1220494W001,22N02W02J001M,3/19/2013,00:00,,,23.230,0.000,23.230,166.430,164.730,143.200,21.530,ES - Electric sounder measurement,0.01 Ft,Department of Water Resources,Voluntary,3,19,2013
Glenn_01.01.2003-06.21.2013.csv,Glenn,39.7946,-122.2138,W001,2013-09-18 13:29:54,397946N1222138W001,,10/15/2012,00:00,,,78.900,0.000,78.900,285.980,285.480,207.080,78.400,ES - Electric sounder measurement,0.1 Ft,Bureau of Reclamation,Voluntary,10,15,2012
Glenn_01.01.2003-06.21.2013.csv,Glenn,39.7946,-122.2138,W001,2013-09-18 13:29:54,397946N1222138W001,,4/15/2013,00:00,,,75.200,0.000,75.200,285.980,285.480,210.780,74.700,ES - Electric sounder measurement,0.1 Ft,Bureau of Reclamation,Voluntary,4,15,2013
Glenn_01.01.2003-06.21.2013.csv,Glenn,39.7946,-122.2138,W001,2013-09-18 13:29:54,397946N1222138W001,,4/7/2003,00:00,,,68.000,0.000,68.000,285.980,285.480,217.980,67.500,UNK - Unknown,Unknown,Bureau of Reclamation,Voluntary,4,7,2003
Glenn_01.01.2003-06.21.2013.csv,Glenn,39.7946,-122.2138,W001,2013-09-18 13:29:54,397946N1222138W001,,7/11/2003,00:00,,,74.100,0.000,74.100,285.980,285.480,211.880,73.600,UNK - Unknown,Unknown,Bureau of Reclamation,Voluntary,7,11,2003
Glenn_01.01.2003-06.21.2013.csv,Glenn,39.7946,-122.2138,W001,2013-09-18 13:29:54,397946N1222138W001,,7/18/2003,00:00,,4 - Pumped recently,74.700,0.000,74.700,285.980,285.480,211.280,74.200,UNK - Unknown,Unknown,Bureau of Reclamation,Voluntary,7,18,2003
Glenn_01.01.2003-06.21.2013.csv,Glenn,39.7946,-122.2138,W001,2013-09-18 13:29:54,397946N1222138W001,,7/24/2003,00:00,,,74.900,0.000,74.900,285.980,285.480,211.080,74.400,UNK - Unknown,Unknown,Bureau of Reclamation,Voluntary,7,24,2003
Glenn_01.01.2003-06.21.2013.csv,Glenn,39.7946,-122.2138,W001,2013-09-18 13:29:54,397946N1222138W001,,7/31/2003,00:00,,1 - Pumping,76.000,0.000,76.000,285.980,285.480,209.980,75.500,UNK - Unknown,Unknown,Bureau of Reclamation,Voluntary,7,31,2003
Glenn_01.01.2003-06.21.2013.csv,Glenn,39.7946,-122.2138,W001,2013-09-18 13:29:54,397946N1222138W001,,8/7/2003,00:00,,2 - Nearby pump operating,75.300,0.000,75.300,285.980,285.480,210.680,74.800,UNK - Unknown,Unknown,Bureau of Reclamation,Voluntary,8,7,2003
Glenn_01.01.2003-06.21.2013.csv,Glenn,39.7946,-122.2138,W001,2013-09-18 13:29:54,397946N1222138W001,,8/14/2003,00:00,,,75.600,0.000,75.600,285.980,285.480,210.380,75.100,UNK - Unknown,Unknown,Bureau of Reclamation,Voluntary,8,14,2003
Glenn_01.01.2003-06.21.2013.csv,Glenn,39.7946,-122.2138,W001,2013-09-18 13:29:54,397946N1222138W001,,8/21/2003,00:00,,,75.900,0.000,75.900,285.980,285.480,210.080,75.400,UNK - Unknown,Unknown,Bureau of Reclamation,Voluntary,8,21,2003
Glenn_01.01.2003-06.21.2013.csv,Glenn,39.7946,-122.2138,W001,2013-09-18 13:29:54,397946N1222138W001,,9/4/2003,00:00,,,76.300,0.000,76.300,285.980,285.480,209.680,75.800,UNK - Unknown,Unknown,Bureau of Reclamation,Voluntary,9,4,2003
Glenn_01.01.2003-06.21.2013.csv,Glenn,39.7946,-122.2138,W001,2013-09-18 13:29:54,397946N1222138W001,,9/25/2003,00:00,,,77.200,0.000,77.200,285.980,285.480,208.780,76.700,UNK - Unknown,Unknown,Bureau of Reclamation,Voluntary,9,25,2003
Glenn_01.01.2003-06.21.2013.csv,Glenn,39.7946,-122.2138,W001,2013-09-18 13:29:54,397946N1222138W001,,10/2/2003,00:00,,,77.200,0.000,77.200,285.980,285.480,208.780,76.700,UNK - Unknown,Unknown,Bureau of Reclamation,Voluntary,10,2,2003
Glenn_01.01.2003-06.21.2013.csv,Glenn,39.7946,-122.2138,W001,2013-09-18 13:29:54,397946N1222138W001,,10/14/2003,00:00,,,76.400,0.000,76.400,285.980,285.480,209.580,75.900,UNK - Unknown,Unknown,Bureau of Reclamation,Voluntary,10,14,2003
Glenn_01.01.2003-06.21.2013.csv,Glenn,39.7946,-122.2138,W001,2013-09-18 13:29:54,397946N1222138W001,,10/9/2003,00:00,,,76.600,0.000,76.600,285.980,285.480,209.380,76.100,UNK - Unknown,Unknown,Bureau of Reclamation,Voluntary,10,9,2003
Glenn_01.01.2003-06.21.2013.csv,Glenn,39.7946,-122.2138,W001,2013-09-18 13:29:54,397946N1222138W001,,10/23/2003,00:00,,,77.700,0.000,77.700,285.980,285.480,208.280,77.200,UNK - Unknown,Unknown,Bureau of Reclamation,Voluntary,10,23,2003
Glenn_01.01.2003-06.21.2013.csv,Glenn,39.7946,-122.2138,W001,2013-09-18 13:29:54,397946N1222138W001,,10/30/2003,00:00,,,76.400,0.000,76.400,285.980,285.480,209.580,75.900,UNK - Unknown,Unknown,Bureau of Reclamation,Voluntary,10,30,2003
Glenn_01.01.2003-06.21.2013.csv,Glenn,39.7946,-122.2138,W001,2013-09-18 13:29:54,397946N1222138W001,,11/6/2003,00:00,,,76.400,0.000,76.400,285.980,285.480,209.580,75.900,UNK - Unknown,Unknown,Bureau of Reclamation,Voluntary,11,6,2003
Glenn_01.01.2003-06.21.2013.csv,Glenn,39.7946,-122.2138,W001,2013-09-18 13:29:54,397946N1222138W001,,11/13/2003,00:00,,,77.000,0.000,77.000,285.980,285.480,208.980,76.500,UNK - Unknown,Unknown,Bureau of Reclamation,Voluntary,11,13,2003
Glenn_01.01.2003-06.21.2013.csv,Glenn,39.7946,-122.2138,W001,2013-09-18 13:29:54,397946N1222138W001,,4/1/2004,00:00,,,70.000,0.000,70.000,285.980,285.480,215.980,69.500,UNK - Unknown,Unknown,Bureau of Reclamation,Voluntary,4,1,2004
Glenn_01.01.2003-06.21.2013.csv,Glenn,39.7946,-122.2138,W001,2013-09-18 13:29:54,397946N1222138W001,,11/5/2004,00:00,,,77.600,0.000,77.600,285.980,285.480,208.380,77.100,UNK - Unknown,Unknown,Bureau of Reclamation,Voluntary,11,5,2004
Glenn_01.01.2003-06.21.2013.csv,Glenn,39.7946,-122.2138,W001,2013-09-18 13:29:54,397946N1222138W001,,4/14/2005,00:00,,,70.600,0.000,70.600,285.980,285.480,215.380,70.100,UNK - Unknown,Unknown,Bureau of Reclamation,Voluntary,4,14,2005
Glenn_01.01.2003-06.21.2013.csv,Glenn,39.7946,-122.2138,W001,2013-09-18 13:29:54,397946N1222138W001,,7/1/2005,00:00,,,70.700,0.000,70.700,285.980,285.480,215.280,70.200,UNK - Unknown,Unknown,Bureau of Reclamation,Voluntary,7,1,2005
Glenn_01.01.2003-06.21.2013.csv,Glenn,39.7946,-122.2138,W001,2013-09-18 13:29:54,397946N1222138W001,,7/7/2005,00:00,,,71.200,0.000,71.200,285.980,285.480,214.780,70.700,UNK - Unknown,Unknown,Bureau of Reclamation,Voluntary,7,7,2005
Glenn_01.01.2003-06.21.2013.csv,Glenn,39.7946,-122.2138,W001,2013-09-18 13:29:54,397946N1222138W001,,7/14/2005,00:00,,,71.500,0.000,71.500,285.980,285.480,214.480,71.000,UNK - Unknown,Unknown,Bureau of Reclamation,Voluntary,7,14,2005
Glenn_01.01.2003-06.21.2013.csv,Glenn,39.7946,-122.2138,W001,2013-09-18 13:29:54,397946N1222138W001,,7/21/2005,00:00,,2 - Nearby pump operating,72.400,0.000,72.400,285.980,285.480,213.580,71.900,UNK - Unknown,Unknown,Bureau of Reclamation,Voluntary,7,21,2005
Glenn_01.01.2003-06.21.2013.csv,Glenn,39.7946,-122.2138,W001,2013-09-18 13:29:54,397946N1222138W001,,8/4/2005,00:00,,,73.000,0.000,73.000,285.980,285.480,212.980,72.500,UNK - Unknown,Unknown,Bureau of Reclamation,Voluntary,8,4,2005
Glenn_01.01.2003-06.21.2013.csv,Glenn,39.7946,-122.2138,W001,2013-09-18 13:29:54,397946N1222138W001,,8/11/2005,00:00,,,73.500,0.000,73.500,285.980,285.480,212.480,73.000,UNK - Unknown,Unknown,Bureau of Reclamation,Voluntary,8,11,2005
Glenn_01.01.2003-06.21.2013.csv,Glenn,39.7946,-122.2138,W001,2013-09-18 13:29:54,397946N1222138W001,,8/18/2005,00:00,,,73.600,0.000,73.600,285.980,285.480,212.380,73.100,UNK - Unknown,Unknown,Bureau of Reclamation,Voluntary,8,18,2005
Glenn_01.01.2003-06.21.2013.csv,Glenn,39.7946,-122.2138,W001,2013-09-18 13:29:54,397946N1222138W001,,9/1/2005,00:00,,,74.300,0.000,74.300,285.980,285.480,211.680,73.800,UNK - Unknown,Unknown,Bureau of Reclamation,Voluntary,9,1,2005
Glenn_01.01.2003-06.21.2013.csv,Glenn,39.7946,-122.2138,W001,2013-09-18 13:29:54,397946N1222138W001,,9/9/2005,00:00,,,74.600,0.000,74.600,285.980,285.480,211.380,74.100,UNK - Unknown,Unknown,Bureau of Reclamation,Voluntary,9,9,2005
Glenn_01.01.2003-06.21.2013.csv,Glenn,39.7946,-122.2138,W001,2013-09-18 13:29:54,397946N1222138W001,,9/15/2005,00:00,,,74.700,0.000,74.700,285.980,285.480,211.280,74.200,UNK - Unknown,Unknown,Bureau of Reclamation,Voluntary,9,15,2005
Glenn_01.01.2003-06.21.2013.csv,Glenn,39.7946,-122.2138,W001,2013-09-18 13:29:54,397946N1222138W001,,8/25/2005,00:00,,,73.700,0.000,73.700,285.980,285.480,212.280,73.200,UNK - Unknown,Unknown,Bureau of Reclamation,Voluntary,8,25,2005
Glenn_01.01.2003-06.21.2013.csv,Glenn,39.7946,-122.2138,W001,2013-09-18 13:29:54,397946N1222138W001,,10/14/2005,00:00,,,74.900,0.000,74.900,285.980,285.480,211.080,74.400,UNK - Unknown,Unknown,Bureau of Reclamation,Voluntary,10,14,2005
Glenn_01.01.2003-06.21.2013.csv,Glenn,39.7946,-122.2138,W001,2013-09-18 13:29:54,397946N1222138W001,,10/6/2005,00:00,,1 - Pumping,77.000,0.000,77.000,285.980,285.480,208.980,76.500,UNK - Unknown,Unknown,Bureau of Reclamation,Voluntary,10,6,2005
Glenn_01.01.2003-06.21.2013.csv,Glenn,39.7946,-122.2138,W001,2013-09-18 13:29:54,397946N1222138W001,,9/20/2005,00:00,,,74.800,0.000,74.800,285.980,285.480,211.180,74.300,UNK - Unknown,Unknown,Bureau of Reclamation,Voluntary,9,20,2005
Glenn_01.01.2003-06.21.2013.csv,Glenn,39.7946,-122.2138,W001,2013-09-18 13:29:54,397946N1222138W001,,10/18/2005,00:00,,,74.700,0.000,74.700,285.980,285.480,211.280,74.200,UNK - Unknown,Unknown,Bureau of Reclamation,Voluntary,10,18,2005
Glenn_01.01.2003-06.21.2013.csv,Glenn,39.7946,-122.2138,W001,2013-09-18 13:29:54,397946N1222138W001,,10/27/2005,00:00,7 - Special/Other,,NULL,NULL,NULL,285.980,285.480,NULL,NULL,,,Bureau of Reclamation,Voluntary,10,27,2005
Glenn_01.01.2003-06.21.2013.csv,Glenn,39.7946,-122.2138,W001,2013-09-18 13:29:54,397946N1222138W001,,3/30/2006,00:00,,,69.500,0.000,69.500,285.980,285.480,216.480,69.000,UNK - Unknown,Unknown,Bureau of Reclamation,Voluntary,3,30,2006
Glenn_01.01.2003-06.21.2013.csv,Glenn,39.7946,-122.2138,W001,2013-09-18 13:29:54,397946N1222138W001,,3/28/2007,00:00,,,73.200,0.000,73.200,285.980,285.480,212.780,72.700,UNK - Unknown,Unknown,Bureau of Reclamation,Voluntary,3,28,2007
Glenn_01.01.2003-06.21.2013.csv,Glenn,39.7946,-122.2138,W001,2013-09-18 13:29:54,397946N1222138W001,,10/17/2006,00:00,,,74.300,0.000,74.300,285.980,285.480,211.680,73.800,UNK - Unknown,Unknown,Bureau of Reclamation,Voluntary,10,17,2006
Glenn_01.01.2003-06.21.2013.csv,Glenn,39.7946,-122.2138,W001,2013-09-18 13:29:54,397946N1222138W001,,10/23/2007,00:00,,,76.800,0.000,76.800,285.980,285.480,209.180,76.300,UNK - Unknown,Unknown,Bureau of Reclamation,Voluntary,10,23,2007
Glenn_01.01.2003-06.21.2013.csv,Glenn,39.7946,-122.2138,W001,2013-09-18 13:29:54,397946N1222138W001,,3/14/2008,00:00,,,73.600,0.000,73.600,285.980,285.480,212.380,73.100,UNK - Unknown,Unknown,Bureau of Reclamation,Voluntary,3,14,2008
Glenn_01.01.2003-06.21.2013.csv,Glenn,39.7946,-122.2138,W001,2013-09-18 13:29:54,397946N1222138W001,,9/30/2008,00:00,,,78.300,0.000,78.300,285.980,285.480,207.680,77.800,UNK - Unknown,Unknown,Bureau of Reclamation,Voluntary,9,30,2008
Glenn_01.01.2003-06.21.2013.csv,Glenn,39.7946,-122.2138,W001,2013-09-18 13:29:54,397946N1222138W001,,3/23/2009,00:00,1 - Pumping,,NULL,NULL,NULL,285.980,285.480,NULL,NULL,,,Bureau of Reclamation,Voluntary,PUMPING3,23,2009
Glenn_01.01.2003-06.21.2013.csv,Glenn,39.7946,-122.2138,W001,2013-09-18 13:29:54,397946N1222138W001,,10/20/2009,00:00,,,78.700,0.000,78.700,285.980,285.480,207.280,78.200,UNK - Unknown,Unknown,Bureau of Reclamation,Voluntary,10,20,2009
Glenn_01.01.2003-06.21.2013.csv,Glenn,39.7946,-122.2138,W001,2013-09-18 13:29:54,397946N1222138W001,,4/8/2010,00:00,,,73.800,0.000,73.800,285.980,285.480,212.180,73.300,UNK - Unknown,Unknown,Bureau of Reclamation,Voluntary,4,8,2010
Glenn_01.01.2003-06.21.2013.csv,Glenn,39.7946,-122.2138,W001,2013-09-18 13:29:54,397946N1222138W001,,10/18/2010,00:00,1 - Pumping,,NULL,NULL,NULL,285.980,285.480,NULL,NULL,,,Bureau of Reclamation,Voluntary,PUMPING10,18,2010
Glenn_01.01.2003-06.21.2013.csv,Glenn,39.7946,-122.2138,W001,2013-09-18 13:29:54,397946N1222138W001,,4/4/2011,00:00,,,73.600,0.000,73.600,285.980,285.480,212.380,73.100,UNK - Unknown,Unknown,Bureau of Reclamation,Voluntary,4,4,2011
Glenn_01.01.2003-06.21.2013.csv,Glenn,39.7946,-122.2138,W001,2013-09-18 13:29:54,397946N1222138W001,,10/11/2011,00:00,,,77.200,0.000,77.200,285.980,285.480,208.780,76.700,UNK - Unknown,Unknown,Bureau of Reclamation,Voluntary,10,11,2011
Glenn_01.01.2003-06.21.2013.csv,Glenn,39.7946,-122.2138,W001,2013-09-18 13:29:54,397946N1222138W001,,3/26/2012,00:00,,,75.600,0.000,75.600,285.980,285.480,210.380,75.100,UNK - Unknown,Unknown,Bureau of Reclamation,Voluntary,3,26,2012
Glenn_01.01.2003-06.21.2013.csv,Glenn,39.7953,-122.2433,W001,2013-09-18 13:29:54,397953N1222433W001,22N03W06B001M,10/12/2011,00:00,,,37.900,0.000,37.900,309.900,308.500,272.000,36.500,ST - Steel tape measurement,0.1 Ft,Department of Water Resources,Voluntary,10,12,2011
Glenn_01.01.2003-06.21.2013.csv,Glenn,39.7953,-122.2433,W001,2013-09-18 13:29:54,397953N1222433W001,22N03W06B001M,3/26/2012,00:00,,,37.000,-0.360,37.360,309.900,308.500,272.540,35.960,ST - Steel tape measurement,0.1 Ft,Department of Water Resources,Voluntary,3,26,2012
Glenn_01.01.2003-06.21.2013.csv,Glenn,39.7953,-122.2433,W001,2013-09-18 13:29:54,397953N1222433W001,22N03W06B001M,8/1/2012,00:00,,,60.000,19.900,40.100,309.900,308.500,269.800,38.700,ST - Steel tape measurement,0.1 Ft,Department of Water Resources,Voluntary,8,1,2012
Glenn_01.01.2003-06.21.2013.csv,Glenn,39.7953,-122.2433,W001,2013-09-18 13:29:54,397953N1222433W001,22N03W06B001M,10/17/2012,00:00,,,40.000,0.100,39.900,309.900,308.500,270.000,38.500,ST - Steel tape measurement,0.1 Ft,Department of Water Resources,Voluntary,10,17,2012
Glenn_01.01.2003-06.21.2013.csv,Glenn,39.7953,-122.2433,W001,2013-09-18 13:29:54,397953N1222433W001,22N03W06B001M,3/10/2003,00:00,,,34.200,0.000,34.200,309.900,308.500,275.700,32.800,UNK - Unknown,Unknown,Department of Water Resources,Voluntary,3,10,2003
Glenn_01.01.2003-06.21.2013.csv,Glenn,39.7953,-122.2433,W001,2013-09-18 13:29:54,397953N1222433W001,22N03W06B001M,4/8/2003,00:00,,,34.000,0.000,34.000,309.900,308.500,275.900,32.600,UNK - Unknown,Unknown,Department of Water Resources,Voluntary,4,8,2003
Glenn_01.01.2003-06.21.2013.csv,Glenn,39.7953,-122.2433,W001,2013-09-18 13:29:54,397953N1222433W001,22N03W06B001M,5/21/2003,00:00,,,35.200,0.000,35.200,309.900,308.500,274.700,33.800,UNK - Unknown,Unknown,Department of Water Resources,Voluntary,5,21,2003
Glenn_01.01.2003-06.21.2013.csv,Glenn,39.7953,-122.2433,W001,2013-09-18 13:29:54,397953N1222433W001,22N03W06B001M,6/25/2003,00:00,,,35.900,0.000,35.900,309.900,308.500,274.000,34.500,UNK - Unknown,Unknown,Department of Water Resources,Voluntary,6,25,2003
Glenn_01.01.2003-06.21.2013.csv,Glenn,39.7953,-122.2433,W001,2013-09-18 13:29:54,397953N1222433W001,22N03W06B001M,7/11/2003,00:00,,,36.700,0.000,36.700,309.900,308.500,273.200,35.300,UNK - Unknown,Unknown,Department of Water Resources,Voluntary,7,11,2003
Glenn_01.01.2003-06.21.2013.csv,Glenn,39.7953,-122.2433,W001,2013-09-18 13:29:54,397953N1222433W001,22N03W06B001M,7/18/2003,00:00,,,37.000,0.000,37.000,309.900,308.500,272.900,35.600,UNK - Unknown,Unknown,Department of Water Resources,Voluntary,7,18,2003
Glenn_01.01.2003-06.21.2013.csv,Glenn,39.7953,-122.2433,W001,2013-09-18 13:29:54,397953N1222433W001,22N03W06B001M,7/24/2003,00:00,,,35.200,0.000,35.200,309.900,308.500,274.700,33.800,UNK - Unknown,Unknown,Department of Water Resources,Voluntary,7,24,2003
Glenn_01.01.2003-06.21.2013.csv,Glenn,39.7953,-122.2433,W001,2013-09-18 13:29:54,397953N1222433W001,22N03W06B001M,7/31/2003,00:00,,,37.500,0.000,37.500,309.900,308.500,272.400,36.100,UNK - Unknown,Unknown,Department of Water Resources,Voluntary,7,31,2003
Glenn_01.01.2003-06.21.2013.csv,Glenn,39.7953,-122.2433,W001,2013-09-18 13:29:54,397953N1222433W001,22N03W06B001M,8/27/2003,00:00,,,37.500,0.000,37.500,309.900,308.500,272.400,36.100,UNK - Unknown,Unknown,Department of Water Resources,Voluntary,8,27,2003
Glenn_01.01.2003-06.21.2013.csv,Glenn,39.7953,-122.2433,W001,2013-09-18 13:29:54,397953N1222433W001,22N03W06B001M,8/7/2003,00:00,,,37.400,0.000,37.400,309.900,308.500,272.500,36.000,UNK - Unknown,Unknown,Department of Water Resources,Voluntary,8,7,2003
Glenn_01.01.2003-06.21.2013.csv,Glenn,39.7953,-122.2433,W001,2013-09-18 13:29:54,397953N1222433W001,22N03W06B001M,8/14/2003,00:00,,,37.500,0.000,37.500,309.900,308.500,272.400,36.100,UNK - Unknown,Unknown,Department of Water Resources,Voluntary,8,14,2003
Glenn_01.01.2003-06.21.2013.csv,Glenn,39.7953,-122.2433,W001,2013-09-18 13:29:54,397953N1222433W001,22N03W06B001M,8/21/2003,00:00,,,37.600,0.000,37.600,309.900,308.500,272.300,36.200,UNK - Unknown,Unknown,Department of Water Resources,Voluntary,8,21,2003
Glenn_01.01.2003-06.21.2013.csv,Glenn,39.7953,-122.2433,W001,2013-09-18 13:29:54,397953N1222433W001,22N03W06B001M,9/4/2003,00:00,,,37.800,0.000,37.800,309.900,308.500,272.100,36.400,UNK - Unknown,Unknown,Department of Water Resources,Voluntary,9,4,2003
Glenn_01.01.2003-06.21.2013.csv,Glenn,39.7953,-122.2433,W001,2013-09-18 13:29:54,397953N1222433W001,22N03W06B001M,9/17/2003,00:00,,,37.800,0.000,37.800,309.900,308.500,272.100,36.400,UNK - Unknown,Unknown,Department of Water Resources,Voluntary,9,17,2003
Glenn_01.01.2003-06.21.2013.csv,Glenn,39.7953,-122.2433,W001,2013-09-18 13:29:54,397953N1222433W001,22N03W06B001M,9/25/2003,00:00,,,37.900,0.000,37.900,309.900,308.500,272.000,36.500,UNK - Unknown,Unknown,Department of Water Resources,Voluntary,9,25,2003
Glenn_01.01.2003-06.21.2013.csv,Glenn,39.7953,-122.2433,W001,2013-09-18 13:29:54,397953N1222433W001,22N03W06B001M,10/2/2003,00:00,,,37.600,0.000,37.600,309.900,308.500,272.300,36.200,UNK - Unknown,Unknown,Department of Water Resources,Voluntary,10,2,2003
Glenn_01.01.2003-06.21.2013.csv,Glenn,39.7953,-122.2433,W001,2013-09-18 13:29:54,397953N1222433W001,22N03W06B001M,10/16/2003,00:00,,,37.600,0.000,37.600,309.900,308.500,272.300,36.200,UNK - Unknown,Unknown,Department of Water Resources,Voluntary,10,16,2003
Glenn_01.01.2003-06.21.2013.csv,Glenn,39.7953,-122.2433,W001,2013-09-18 13:29:54,397953N1222433W001,22N03W06B001M,10/9/2003,00:00,,,37.500,0.000,37.500,309.900,308.500,272.400,36.100,UNK - Unknown,Unknown,Department of Water Resources,Voluntary,10,9,2003
Glenn_01.01.2003-06.21.2013.csv,Glenn,39.7953,-122.2433,W001,2013-09-18 13:29:54,397953N1222433W001,22N03W06B001M,10/23/2003,00:00,,,37.300,0.000,37.300,309.900,308.500,272.600,35.900,UNK - Unknown,Unknown,Department of Water Resources,Voluntary,10,23,2003
Glenn_01.01.2003-06.21.2013.csv,Glenn,39.7953,-122.2433,W001,2013-09-18 13:29:54,397953N1222433W001,22N03W06B001M,10/30/2003,00:00,,,37.200,0.000,37.200,309.900,308.500,272.700,35.800,UNK - Unknown,Unknown,Department of Water Resources,Voluntary,10,30,2003
Glenn_01.01.2003-06.21.2013.csv,Glenn,39.7953,-122.2433,W001,2013-09-18 13:29:54,397953N1222433W001,22N03W06B001M,11/17/2003,00:00,,,36.600,0.000,36.600,309.900,308.500,273.300,35.200,UNK - Unknown,Unknown,Department of Water Resources,Voluntary,11,17,2003
Glenn_01.01.2003-06.21.2013.csv,Glenn,39.7953,-122.2433,W001,2013-09-18 13:29:54,397953N1222433W001,22N03W06B001M,11/6/2003,00:00,,,37.000,0.000,37.000,309.900,308.500,272.900,35.600,UNK - Unknown,Unknown,Department of Water Resources,Voluntary,11,6,2003
Glenn_01.01.2003-06.21.2013.csv,Glenn,39.7953,-122.2433,W001,2013-09-18 13:29:54,397953N1222433W001,22N03W06B001M,11/13/2003,00:00,,,36.700,0.000,36.700,309.900,308.500,273.200,35.300,UNK - Unknown,Unknown,Department of Water Resources,Voluntary,11,13,2003
Glenn_01.01.2003-06.21.2013.csv,Glenn,39.7953,-122.2433,W001,2013-09-18 13:29:54,397953N1222433W001,22N03W06B001M,3/31/2004,00:00,,,32.100,0.000,32.100,309.900,308.500,277.800,30.700,UNK - Unknown,Unknown,Department of Water Resources,Voluntary,3,31,2004
Glenn_01.01.2003-06.21.2013.csv,Glenn,39.7953,-122.2433,W001,2013-09-18 13:29:54,397953N1222433W001,22N03W06B001M,4/26/2004,00:00,,,32.900,0.000,32.900,309.900,308.500,277.000,31.500,UNK - Unknown,Unknown,Department of Water Resources,Voluntary,4,26,2004
Glenn_01.01.2003-06.21.2013.csv,Glenn,39.7953,-122.2433,W001,2013-09-18 13:29:54,397953N1222433W001,22N03W06B001M,5/24/2004,00:00,,,33.400,0.000,33.400,309.900,308.500,276.500,32.000,UNK - Unknown,Unknown,Department of Water Resources,Voluntary,5,24,2004
Glenn_01.01.2003-06.21.2013.csv,Glenn,39.7953,-122.2433,W001,2013-09-18 13:29:54,397953N1222433W001,22N03W06B001M,6/21/2004,00:00,,,35.000,0.000,35.000,309.900,308.500,274.900,33.600,UNK - Unknown,Unknown,Department of Water Resources,Voluntary,6,21,2004
Glenn_01.01.2003-06.21.2013.csv,Glenn,39.7953,-122.2433,W001,2013-09-18 13:29:54,397953N1222433W001,22N03W06B001M,7/26/2004,00:00,,,36.200,0.000,36.200,309.900,308.500,273.700,34.800,UNK - Unknown,Unknown,Department of Water Resources,Voluntary,7,26,2004
Glenn_01.01.2003-06.21.2013.csv,Glenn,39.7953,-122.2433,W001,2013-09-18 13:29:54,397953N1222433W001,22N03W06B001M,8/25/2004,00:00,,,37.100,0.000,37.100,309.900,308.500,272.800,35.700,UNK - Unknown,Unknown,Department of Water Resources,Voluntary,8,25,2004
Glenn_01.01.2003-06.21.2013.csv,Glenn,39.7953,-122.2433,W001,2013-09-18 13:29:54,397953N1222433W001,22N03W06B001M,9/22/2004,00:00,,,37.400,0.000,37.400,309.900,308.500,272.500,36.000,UNK - Unknown,Unknown,Department of Water Resources,Voluntary,9,22,2004
Glenn_01.01.2003-06.21.2013.csv,Glenn,39.7953,-122.2433,W001,2013-09-18 13:29:54,397953N1222433W001,22N03W06B001M,10/18/2004,00:00,,,36.600,0.000,36.600,309.900,308.500,273.300,35.200,UNK - Unknown,Unknown,Department of Water Resources,Voluntary,10,18,2004
Glenn_01.01.2003-06.21.2013.csv,Glenn,39.7953,-122.2433,W001,2013-09-18 13:29:54,397953N1222433W001,22N03W06B001M,11/16/2004,00:00,,,35.200,0.000,35.200,309.900,308.500,274.700,33.800,UNK - Unknown,Unknown,Department of Water Resources,Voluntary,11,16,2004
Glenn_01.01.2003-06.21.2013.csv,Glenn,39.7953,-122.2433,W001,2013-09-18 13:29:54,397953N1222433W001,22N03W06B001M,3/29/2005,00:00,,,31.300,0.000,31.300,309.900,308.500,278.600,29.900,UNK - Unknown,Unknown,Department of Water Resources,Voluntary,3,29,2005
Glenn_01.01.2003-06.21.2013.csv,Glenn,39.7953,-122.2433,W001,2013-09-18 13:29:54,397953N1222433W001,22N03W06B001M,4/29/2005,00:00,,,30.600,0.000,30.600,309.900,308.500,279.300,29.200,UNK - Unknown,Unknown,Department of Water Resources,Voluntary,4,29,2005
Glenn_01.01.2003-06.21.2013.csv,Glenn,39.7953,-122.2433,W001,2013-09-18 13:29:54,397953N1222433W001,22N03W06B001M,5/27/2005,00:00,,,30.700,0.000,30.700,309.900,308.500,279.200,29.300,UNK - Unknown,Unknown,Department of Water Resources,Voluntary,5,27,2005
Glenn_01.01.2003-06.21.2013.csv,Glenn,39.7953,-122.2433,W001,2013-09-18 13:29:54,397953N1222433W001,22N03W06B001M,6/24/2005,00:00,,,32.000,0.000,32.000,309.900,308.500,277.900,30.600,UNK - Unknown,Unknown,Department of Water Resources,Voluntary,6,24,2005
Glenn_01.01.2003-06.21.2013.csv,Glenn,39.7953,-122.2433,W001,2013-09-18 13:29:54,397953N1222433W001,22N03W06B001M,7/1/2005,00:00,,,32.400,0.000,32.400,309.900,308.500,277.500,31.000,UNK - Unknown,Unknown,Department of Water Resources,Voluntary,7,1,2005
Glenn_01.01.2003-06.21.2013.csv,Glenn,39.7953,-122.2433,W001,2013-09-18 13:29:54,397953N1222433W001,22N03W06B001M,7/7/2005,00:00,7 - Special/Other,,NULL,NULL,NULL,309.900,308.500,NULL,NULL,,,Department of Water Resources,Voluntary,FLOOD IRRIGATED7,7,2005
Glenn_01.01.2003-06.21.2013.csv,Glenn,39.7953,-122.2433,W001,2013-09-18 13:29:54,397953N1222433W001,22N03W06B001M,7/14/2005,00:00,,,33.100,0.000,33.100,309.900,308.500,276.800,31.700,UNK - Unknown,Unknown,Department of Water Resources,Voluntary,7,14,2005
Glenn_01.01.2003-06.21.2013.csv,Glenn,39.7953,-122.2433,W001,2013-09-18 13:29:54,397953N1222433W001,22N03W06B001M,7/21/2005,00:00,,,33.600,0.000,33.600,309.900,308.500,276.300,32.200,UNK - Unknown,Unknown,Department of Water Resources,Voluntary,7,21,2005
Glenn_01.01.2003-06.21.2013.csv,Glenn,39.7953,-122.2433,W001,2013-09-18 13:29:54,397953N1222433W001,22N03W06B001M,7/29/2005,00:00,,,34.000,0.000,34.000,309.900,308.500,275.900,32.600,UNK - Unknown,Unknown,Department of Water Resources,Voluntary,7,29,2005
Glenn_01.01.2003-06.21.2013.csv,Glenn,39.7953,-122.2433,W001,2013-09-18 13:29:54,397953N1222433W001,22N03W06B001M,8/4/2005,00:00,,,34.800,0.000,34.800,309.900,308.500,275.100,33.400,UNK - Unknown,Unknown,Department of Water Resources,Voluntary,8,4,2005
Glenn_01.01.2003-06.21.2013.csv,Glenn,39.7953,-122.2433,W001,2013-09-18 13:29:54,397953N1222433W001,22N03W06B001M,8/11/2005,00:00,9 - Temporarily inaccessible,,NULL,NULL,NULL,309.900,308.500,NULL,NULL,,,Department of Water Resources,Voluntary,8,11,2005
Glenn_01.01.2003-06.21.2013.csv,Glenn,39.7953,-122.2433,W001,2013-09-18 13:29:54,397953N1222433W001,22N03W06B001M,8/18/2005,00:00,9 - Temporarily inaccessible,,NULL,NULL,NULL,309.900,308.500,NULL,NULL,,,Department of Water Resources,Voluntary,8,18,2005
Glenn_01.01.2003-06.21.2013.csv,Glenn,39.7953,-122.2433,W001,2013-09-18 13:29:54,397953N1222433W001,22N03W06B001M,8/26/2005,00:00,,,35.000,0.000,35.000,309.900,308.500,274.900,33.600,UNK - Unknown,Unknown,Department of Water Resources,Voluntary,8,26,2005
Glenn_01.01.2003-06.21.2013.csv,Glenn,39.7953,-122.2433,W001,2013-09-18 13:29:54,397953N1222433W001,22N03W06B001M,9/1/2005,00:00,9 - Temporarily inaccessible,,NULL,NULL,NULL,309.900,308.500,NULL,NULL,,,Department of Water Resources,Voluntary,9,1,2005
Glenn_01.01.2003-06.21.2013.csv,Glenn,39.7953,-122.2433,W001,2013-09-18 13:29:54,397953N1222433W001,22N03W06B001M,9/9/2005,00:00,,,35.300,0.000,35.300,309.900,308.500,274.600,33.900,UNK - Unknown,Unknown,Department of Water Resources,Voluntary,9,9,2005
Glenn_01.01.2003-06.21.2013.csv,Glenn,39.7953,-122.2433,W001,2013-09-18 13:29:54,397953N1222433W001,22N03W06B001M,9/15/2005,00:00,,,35.500,0.000,35.500,309.900,308.500,274.400,34.100,UNK - Unknown,Unknown,Department of Water Resources,Voluntary,9,15,2005
Glenn_01.01.2003-06.21.2013.csv,Glenn,39.7953,-122.2433,W001,2013-09-18 13:29:54,397953N1222433W001,22N03W06B001M,8/25/2005,00:00,,,35.000,0.000,35.000,309.900,308.500,274.900,33.600,UNK - Unknown,Unknown,Department of Water Resources,Voluntary,8,25,2005
Glenn_01.01.2003-06.21.2013.csv,Glenn,39.7953,-122.2433,W001,2013-09-18 13:29:54,397953N1222433W001,22N03W06B001M,9/30/2005,00:00,7 - Special/Other,,NULL,NULL,NULL,309.900,308.500,NULL,NULL,,,Department of Water Resources,Voluntary,9,30,2005
Glenn_01.01.2003-06.21.2013.csv,Glenn,39.7953,-122.2433,W001,2013-09-18 13:29:54,397953N1222433W001,22N03W06B001M,10/14/2005,00:00,9 - Temporarily inaccessible,,NULL,NULL,NULL,309.900,308.500,NULL,NULL,,,Department of Water Resources,Voluntary,10,14,2005
Glenn_01.01.2003-06.21.2013.csv,Glenn,39.7953,-122.2433,W001,2013-09-18 13:29:54,397953N1222433W001,22N03W06B001M,10/6/2005,00:00,,,35.300,0.000,35.300,309.900,308.500,274.600,33.900,UNK - Unknown,Unknown,Department of Water Resources,Voluntary,10,6,2005
Glenn_01.01.2003-06.21.2013.csv,Glenn,39.7953,-122.2433,W001,2013-09-18 13:29:54,397953N1222433W001,22N03W06B001M,9/20/2005,00:00,,,35.700,0.000,35.700,309.900,308.500,274.200,34.300,UNK - Unknown,Unknown,Department of Water Resources,Voluntary,9,20,2005
Glenn_01.01.2003-06.21.2013.csv,Glenn,39.7953,-122.2433,W001,2013-09-18 13:29:54,397953N1222433W001,22N03W06B001M,10/21/2005,00:00,,,35.000,0.000,35.000,309.900,308.500,274.900,33.600,UNK - Unknown,Unknown,Department of Water Resources,Voluntary,10,21,2005
Glenn_01.01.2003-06.21.2013.csv,Glenn,39.7953,-122.2433,W001,2013-09-18 13:29:54,397953N1222433W001,22N03W06B001M,10/27/2005,00:00,,,34.900,0.000,34.900,309.900,308.500,275.000,33.500,UNK - Unknown,Unknown,Department of Water Resources,Voluntary,10,27,2005
Glenn_01.01.2003-06.21.2013.csv,Glenn,39.7953,-122.2433,W001,2013-09-18 13:29:54,397953N1222433W001,22N03W06B001M,3/30/2006,00:00,,4 - Pumped recently,34.500,0.000,34.500,309.900,308.500,275.400,33.100,UNK - Unknown,Unknown,Department of Water Resources,Voluntary,3,30,2006
Glenn_01.01.2003-06.21.2013.csv,Glenn,39.7953,-122.2433,W001,2013-09-18 13:29:54,397953N1222433W001,22N03W06B001M,5/19/2006,00:00,9 - Temporarily inaccessible,,NULL,NULL,NULL,309.900,308.500,NULL,NULL,,,Department of Water Resources,Voluntary,5,19,2006
Glenn_01.01.2003-06.21.2013.csv,Glenn,39.7953,-122.2433,W001,2013-09-18 13:29:54,397953N1222433W001,22N03W06B001M,8/3/2006,00:00,,,34.400,0.000,34.400,309.900,308.500,275.500,33.000,UNK - Unknown,Unknown,Department of Water Resources,Voluntary,8,3,2006
Glenn_01.01.2003-06.21.2013.csv,Glenn,39.7953,-122.2433,W001,2013-09-18 13:29:54,397953N1222433W001,22N03W06B001M,10/12/2006,00:00,9 - Temporarily inaccessible,,NULL,NULL,NULL,309.900,308.500,NULL,NULL,,,Department of Water Resources,Voluntary,10,12,2006
Glenn_01.01.2003-06.21.2013.csv,Glenn,39.7953,-122.2433,W001,2013-09-18 13:29:54,397953N1222433W001,22N03W06B001M,3/20/2007,00:00,,,34.000,0.000,34.000,309.900,308.500,275.900,32.600,UNK - Unknown,Unknown,Department of Water Resources,Voluntary,3,20,2007
Glenn_01.01.2003-06.21.2013.csv,Glenn,39.7953,-122.2433,W001,2013-09-18 13:29:54,397953N1222433W001,22N03W06B001M,8/10/2007,00:00,,,37.800,0.000,37.800,309.900,308.500,272.100,36.400,UNK - Unknown,Unknown,Department of Water Resources,Voluntary,8,10,2007
Glenn_01.01.2003-06.21.2013.csv,Glenn,39.7953,-122.2433,W001,2013-09-18 13:29:54,397953N1222433W001,22N03W06B001M,10/15/2007,00:00,7 - Special/Other,,NULL,NULL,NULL,309.900,308.500,NULL,NULL,,,Department of Water Resources,Voluntary,10,15,2007
Glenn_01.01.2003-06.21.2013.csv,Glenn,39.7953,-122.2433,W001,2013-09-18 13:29:54,397953N1222433W001,22N03W06B001M,3/13/2008,00:00,1 - Pumping,,NULL,NULL,NULL,309.900,308.500,NULL,NULL,,,Department of Water Resources,Voluntary,3,13,2008
Glenn_01.01.2003-06.21.2013.csv,Glenn,39.7953,-122.2433,W001,2013-09-18 13:29:54,397953N1222433W001,22N03W06B001M,8/5/2008,00:00,,,41.900,0.000,41.900,309.900,308.500,268.000,40.500,UNK - Unknown,Unknown,Department of Water Resources,Voluntary,8,5,2008
Glenn_01.01.2003-06.21.2013.csv,Glenn,39.7953,-122.2433,W001,2013-09-18 13:29:54,397953N1222433W001,22N03W06B001M,10/23/2008,00:00,,,38.200,0.000,38.200,309.900,308.500,271.700,36.800,UNK - Unknown,Unknown,Department of Water Resources,Voluntary,10,23,2008
Glenn_01.01.2003-06.21.2013.csv,Glenn,39.7953,-122.2433,W001,2013-09-18 13:29:54,397953N1222433W001,22N03W06B001M,1/12/2009,00:00,,,37.900,0.000,37.900,309.900,308.500,272.000,36.500,UNK - Unknown,Unknown,Department of Water Resources,Voluntary,1,12,2009
Glenn_01.01.2003-06.21.2013.csv,Glenn,39.7953,-122.2433,W001,2013-09-18 13:29:54,397953N1222433W001,22N03W06B001M,3/23/2009,00:00,,,40.400,0.000,40.400,309.900,308.500,269.500,39.000,UNK - Unknown,Unknown,Department of Water Resources,Voluntary,3,23,2009
Glenn_01.01.2003-06.21.2013.csv,Glenn,39.7953,-122.2433,W001,2013-09-18 13:29:54,397953N1222433W001,22N03W06B001M,5/15/2009,00:00,,,36.400,0.000,36.400,309.900,308.500,273.500,35.000,UNK - Unknown,Unknown,Department of Water Resources,Voluntary,5,15,2009
Glenn_01.01.2003-06.21.2013.csv,Glenn,39.7953,-122.2433,W001,2013-09-18 13:29:54,397953N1222433W001,22N03W06B001M,6/23/2009,00:00,,,38.300,0.000,38.300,309.900,308.500,271.600,36.900,UNK - Unknown,Unknown,Department of Water Resources,Voluntary,6,23,2009
Glenn_01.01.2003-06.21.2013.csv,Glenn,39.7953,-122.2433,W001,2013-09-18 13:29:54,397953N1222433W001,22N03W06B001M,8/10/2009,00:00,9 - Temporarily inaccessible,,NULL,NULL,NULL,309.900,308.500,NULL,NULL,,,Department of Water Resources,Voluntary,8,10,2009
Glenn_01.01.2003-06.21.2013.csv,Glenn,39.7953,-122.2433,W001,2013-09-18 13:29:54,397953N1222433W001,22N03W06B001M,9/17/2009,00:00,9 - Temporarily inaccessible,,NULL,NULL,NULL,309.900,308.500,NULL,NULL,,,Department of Water Resources,Voluntary,9,17,2009
Glenn_01.01.2003-06.21.2013.csv,Glenn,39.7953,-122.2433,W001,2013-09-18 13:29:54,397953N1222433W001,22N03W06B001M,10/22/2009,00:00,,,38.800,0.000,38.800,309.900,308.500,271.100,37.400,UNK - Unknown,Unknown,Department of Water Resources,Voluntary,10,22,2009
Glenn_01.01.2003-06.21.2013.csv,Glenn,39.7953,-122.2433,W001,2013-09-18 13:29:54,397953N1222433W001,22N03W06B001M,3/22/2010,00:00,,,34.400,0.000,34.400,309.900,308.500,275.500,33.000,UNK - Unknown,Unknown,Department of Water Resources,Voluntary,3,22,2010
Glenn_01.01.2003-06.21.2013.csv,Glenn,39.7953,-122.2433,W001,2013-09-18 13:29:54,397953N1222433W001,22N03W06B001M,8/2/2010,00:00,,,38.400,0.000,38.400,309.900,308.500,271.500,37.000,UNK - Unknown,Unknown,Department of Water Resources,Voluntary,8,2,2010
Glenn_01.01.2003-06.21.2013.csv,Glenn,39.7953,-122.2433,W001,2013-09-18 13:29:54,397953N1222433W001,22N03W06B001M,10/18/2010,00:00,,,38.100,0.000,38.100,309.900,308.500,271.800,36.700,UNK - Unknown,Unknown,Department of Water Resources,Voluntary,10,18,2010
Glenn_01.01.2003-06.21.2013.csv,Glenn,39.7953,-122.2433,W001,2013-09-18 13:29:54,397953N1222433W001,22N03W06B001M,4/5/2011,00:00,,,34.300,0.000,34.300,309.900,308.500,275.600,32.900,UNK - Unknown,Unknown,Department of Water Resources,Voluntary,4,5,2011
Glenn_01.01.2003-06.21.2013.csv,Glenn,39.7953,-122.2433,W001,2013-09-18 13:29:54,397953N1222433W001,22N03W06B001M,8/3/2011,00:00,,,37.800,0.000,37.800,309.900,308.500,272.100,36.400,UNK - Unknown,Unknown,Department of Water Resources,Voluntary,8,3,2011
Glenn_01.01.2003-06.21.2013.csv,Glenn,39.7953,-122.2433,W001,2013-09-18 13:29:54,397953N1222433W001,22N03W06B001M,10/12/2011,00:00,,,37.900,0.000,37.900,309.900,308.500,272.000,36.500,UNK - Unknown,Unknown,Department of Water Resources,Voluntary,10,12,2011
Glenn_01.01.2003-06.21.2013.csv,Glenn,39.7953,-122.2433,W001,2013-09-18 13:29:54,397953N1222433W001,22N03W06B001M,3/19/2013,00:00,,,40.000,3.600,36.400,309.900,308.500,273.500,35.000,ST - Steel tape measurement,0.1 Ft,Department of Water Resources,Voluntary,3,19,2013
Glenn_01.01.2003-06.21.2013.csv,Glenn,39.7956,-122.2278,W001,2013-09-18 13:29:54,397956N1222278W001,,10/15/2012,00:00,,,87.400,0.000,87.400,298.890,297.490,211.490,86.000,ES - Electric sounder measurement,0.1 Ft,Bureau of Reclamation,Voluntary,10,15,2012
Glenn_01.01.2003-06.21.2013.csv,Glenn,39.7956,-122.2278,W001,2013-09-18 13:29:54,397956N1222278W001,,4/15/2013,00:00,,,78.900,0.000,78.900,298.890,297.490,219.990,77.500,ES - Electric sounder measurement,0.1 Ft,Bureau of Reclamation,Voluntary,4,15,2013
Glenn_01.01.2003-06.21.2013.csv,Glenn,39.7956,-122.2278,W001,2013-09-18 13:29:54,397956N1222278W001,,4/7/2003,00:00,,,74.000,0.000,74.000,298.890,297.490,224.890,72.600,UNK - Unknown,Unknown,Bureau of Reclamation,Voluntary,4,7,2003
Glenn_01.01.2003-06.21.2013.csv,Glenn,39.7956,-122.2278,W001,2013-09-18 13:29:54,397956N1222278W001,,7/11/2003,00:00,,,81.800,0.000,81.800,298.890,297.490,217.090,80.400,UNK - Unknown,Unknown,Bureau of Reclamation,Voluntary,7,11,2003
Glenn_01.01.2003-06.21.2013.csv,Glenn,39.7956,-122.2278,W001,2013-09-18 13:29:54,397956N1222278W001,,7/18/2003,00:00,,4 - Pumped recently,82.400,0.000,82.400,298.890,297.490,216.490,81.000,UNK - Unknown,Unknown,Bureau of Reclamation,Voluntary,7,18,2003
Glenn_01.01.2003-06.21.2013.csv,Glenn,39.7956,-122.2278,W001,2013-09-18 13:29:54,397956N1222278W001,,7/24/2003,00:00,,,83.100,0.000,83.100,298.890,297.490,215.790,81.700,UNK - Unknown,Unknown,Bureau of Reclamation,Voluntary,7,24,2003
Glenn_01.01.2003-06.21.2013.csv,Glenn,39.7956,-122.2278,W001,2013-09-18 13:29:54,397956N1222278W001,,7/31/2003,00:00,,,83.200,0.000,83.200,298.890,297.490,215.690,81.800,UNK - Unknown,Unknown,Bureau of Reclamation,Voluntary,7,31,2003
Glenn_01.01.2003-06.21.2013.csv,Glenn,39.7956,-122.2278,W001,2013-09-18 13:29:54,397956N1222278W001,,8/7/2003,00:00,,,83.100,0.000,83.100,298.890,297.490,215.790,81.700,UNK - Unknown,Unknown,Bureau of Reclamation,Voluntary,8,7,2003
Glenn_01.01.2003-06.21.2013.csv,Glenn,39.7956,-122.2278,W001,2013-09-18 13:29:54,397956N1222278W001,,8/14/2003,00:00,,,83.500,0.000,83.500,298.890,297.490,215.390,82.100,UNK - Unknown,Unknown,Bureau of Reclamation,Voluntary,8,14,2003
Glenn_01.01.2003-06.21.2013.csv,Glenn,39.7956,-122.2278,W001,2013-09-18 13:29:54,397956N1222278W001,,8/21/2003,00:00,,,84.000,0.000,84.000,298.890,297.490,214.890,82.600,UNK - Unknown,Unknown,Bureau of Reclamation,Voluntary,8,21,2003
Glenn_01.01.2003-06.21.2013.csv,Glenn,39.7956,-122.2278,W001,2013-09-18 13:29:54,397956N1222278W001,,9/4/2003,00:00,,,83.700,0.000,83.700,298.890,297.490,215.190,82.300,UNK - Unknown,Unknown,Bureau of Reclamation,Voluntary,9,4,2003
Glenn_01.01.2003-06.21.2013.csv,Glenn,39.7956,-122.2278,W001,2013-09-18 13:29:54,397956N1222278W001,,9/25/2003,00:00,,,83.700,0.000,83.700,298.890,297.490,215.190,82.300,UNK - Unknown,Unknown,Bureau of Reclamation,Voluntary,9,25,2003
Glenn_01.01.2003-06.21.2013.csv,Glenn,39.7956,-122.2278,W001,2013-09-18 13:29:54,397956N1222278W001,,10/2/2003,00:00,,,83.500,0.000,83.500,298.890,297.490,215.390,82.100,UNK - Unknown,Unknown,Bureau of Reclamation,Voluntary,10,2,2003
Glenn_01.01.2003-06.21.2013.csv,Glenn,39.7956,-122.2278,W001,2013-09-18 13:29:54,397956N1222278W001,,10/14/2003,00:00,,,83.100,0.000,83.100,298.890,297.490,215.790,81.700,UNK - Unknown,Unknown,Bureau of Reclamation,Voluntary,10,14,2003
Glenn_01.01.2003-06.21.2013.csv,Glenn,39.7956,-122.2278,W001,2013-09-18 13:29:54,397956N1222278W001,,10/9/2003,00:00,,,83.200,0.000,83.200,298.890,297.490,215.690,81.800,UNK - Unknown,Unknown,Bureau of Reclamation,Voluntary,10,9,2003
Glenn_01.01.2003-06.21.2013.csv,Glenn,39.7956,-122.2278,W001,2013-09-18 13:29:54,397956N1222278W001,,10/23/2003,00:00,,,82.500,0.000,82.500,298.890,297.490,216.390,81.100,UNK - Unknown,Unknown,Bureau of Reclamation,Voluntary,10,23,2003
Glenn_01.01.2003-06.21.2013.csv,Glenn,39.7956,-122.2278,W001,2013-09-18 13:29:54,397956N1222278W001,,10/30/2003,00:00,,,82.000,0.000,82.000,298.890,297.490,216.890,80.600,UNK - Unknown,Unknown,Bureau of Reclamation,Voluntary,10,30,2003
Glenn_01.01.2003-06.21.2013.csv,Glenn,39.7956,-122.2278,W001,2013-09-18 13:29:54,397956N1222278W001,,11/6/2003,00:00,,,81.200,0.000,81.200,298.890,297.490,217.690,79.800,UNK - Unknown,Unknown,Bureau of Reclamation,Voluntary,11,6,2003
Glenn_01.01.2003-06.21.2013.csv,Glenn,39.7956,-122.2278,W001,2013-09-18 13:29:54,397956N1222278W001,,11/13/2003,00:00,,,80.500,0.000,80.500,298.890,297.490,218.390,79.100,UNK - Unknown,Unknown,Bureau of Reclamation,Voluntary,11,13,2003
Glenn_01.01.2003-06.21.2013.csv,Glenn,39.7956,-122.2278,W001,2013-09-18 13:29:54,397956N1222278W001,,4/1/2004,00:00,,,71.000,0.000,71.000,298.890,297.490,227.890,69.600,UNK - Unknown,Unknown,Bureau of Reclamation,Voluntary,4,1,2004
Glenn_01.01.2003-06.21.2013.csv,Glenn,39.7956,-122.2278,W001,2013-09-18 13:29:54,397956N1222278W001,,11/5/2004,00:00,,,76.700,0.000,76.700,298.890,297.490,222.190,75.300,UNK - Unknown,Unknown,Bureau of Reclamation,Voluntary,11,5,2004
Glenn_01.01.2003-06.21.2013.csv,Glenn,39.7956,-122.2278,W001,2013-09-18 13:29:54,397956N1222278W001,,4/14/2005,00:00,,,67.900,0.000,67.900,298.890,297.490,230.990,66.500,UNK - Unknown,Unknown,Bureau of Reclamation,Voluntary,4,14,2005
Glenn_01.01.2003-06.21.2013.csv,Glenn,39.7956,-122.2278,W001,2013-09-18 13:29:54,397956N1222278W001,,10/18/2005,00:00,,,77.200,0.000,77.200,298.890,297.490,221.690,75.800,UNK - Unknown,Unknown,Bureau of Reclamation,Voluntary,10,18,2005
Glenn_01.01.2003-06.21.2013.csv,Glenn,39.7956,-122.2278,W001,2013-09-18 13:29:54,397956N1222278W001,,3/30/2006,00:00,,,67.700,0.000,67.700,298.890,297.490,231.190,66.300,UNK - Unknown,Unknown,Bureau of Reclamation,Voluntary,3,30,2006
Glenn_01.01.2003-06.21.2013.csv,Glenn,39.7956,-122.2278,W001,2013-09-18 13:29:54,397956N1222278W001,,3/28/2007,00:00,,,71.800,0.000,71.800,298.890,297.490,227.090,70.400,UNK - Unknown,Unknown,Bureau of Reclamation,Voluntary,3,28,2007
Glenn_01.01.2003-06.21.2013.csv,Glenn,39.7956,-122.2278,W001,2013-09-18 13:29:54,397956N1222278W001,,10/17/2006,00:00,,,76.300,0.000,76.300,298.890,297.490,222.590,74.900,UNK - Unknown,Unknown,Bureau of Reclamation,Voluntary,10,17,2006
Glenn_01.01.2003-06.21.2013.csv,Glenn,39.7956,-122.2278,W001,2013-09-18 13:29:54,397956N1222278W001,,10/23/2007,00:00,,,78.600,0.000,78.600,298.890,297.490,220.290,77.200,UNK - Unknown,Unknown,Bureau of Reclamation,Voluntary,10,23,2007
Glenn_01.01.2003-06.21.2013.csv,Glenn,39.7956,-122.2278,W001,2013-09-18 13:29:54,397956N1222278W001,,3/14/2008,00:00,,,72.500,0.000,72.500,298.890,297.490,226.390,71.100,UNK - Unknown,Unknown,Bureau of Reclamation,Voluntary,3,14,2008
Glenn_01.01.2003-06.21.2013.csv,Glenn,39.7956,-122.2278,W001,2013-09-18 13:29:54,397956N1222278W001,,9/30/2008,00:00,,,85.300,0.000,85.300,298.890,297.490,213.590,83.900,UNK - Unknown,Unknown,Bureau of Reclamation,Voluntary,9,30,2008
Glenn_01.01.2003-06.21.2013.csv,Glenn,39.7956,-122.2278,W001,2013-09-18 13:29:54,397956N1222278W001,,3/23/2009,00:00,,,75.200,0.000,75.200,298.890,297.490,223.690,73.800,UNK - Unknown,Unknown,Bureau of Reclamation,Voluntary,3,23,2009
Glenn_01.01.2003-06.21.2013.csv,Glenn,39.7956,-122.2278,W001,2013-09-18 13:29:54,397956N1222278W001,,10/20/2009,00:00,,,83.100,0.000,83.100,298.890,297.490,215.790,81.700,UNK - Unknown,Unknown,Bureau of Reclamation,Voluntary,10,20,2009
Glenn_01.01.2003-06.21.2013.csv,Glenn,39.7956,-122.2278,W001,2013-09-18 13:29:54,397956N1222278W001,,4/8/2010,00:00,,,75.000,0.000,75.000,298.890,297.490,223.890,73.600,UNK - Unknown,Unknown,Bureau of Reclamation,Voluntary,4,8,2010
Glenn_01.01.2003-06.21.2013.csv,Glenn,39.7956,-122.2278,W001,2013-09-18 13:29:54,397956N1222278W001,,10/18/2010,00:00,,,83.500,0.000,83.500,298.890,297.490,215.390,82.100,UNK - Unknown,Unknown,Bureau of Reclamation,Voluntary,10,18,2010
Glenn_01.01.2003-06.21.2013.csv,Glenn,39.7956,-122.2278,W001,2013-09-18 13:29:54,397956N1222278W001,,4/4/2011,00:00,,,75.000,0.000,75.000,298.890,297.490,223.890,73.600,UNK - Unknown,Unknown,Bureau of Reclamation,Voluntary,4,4,2011
Glenn_01.01.2003-06.21.2013.csv,Glenn,39.7956,-122.2278,W001,2013-09-18 13:29:54,397956N1222278W001,,10/11/2011,00:00,,,83.300,0.000,83.300,298.890,297.490,215.590,81.900,UNK - Unknown,Unknown,Bureau of Reclamation,Voluntary,10,11,2011
Glenn_01.01.2003-06.21.2013.csv,Glenn,39.7956,-122.2278,W001,2013-09-18 13:29:54,397956N1222278W001,,3/26/2012,00:00,,,77.500,0.000,77.500,298.890,297.490,221.390,76.100,UNK - Unknown,Unknown,Bureau of Reclamation,Voluntary,3,26,2012
Glenn_01.01.2003-06.21.2013.csv,Glenn,39.7972,-122.1967,W001,2013-09-18 13:29:54,397972N1221967W001,22N03W03D001M,10/12/2011,00:00,,,84.950,0.000,84.950,270.970,270.470,186.020,84.450,ES - Electric sounder measurement,0.01 Ft,Department of Water Resources,Voluntary,10,12,2011
Glenn_01.01.2003-06.21.2013.csv,Glenn,39.7972,-122.1967,W001,2013-09-18 13:29:54,397972N1221967W001,22N03W03D001M,3/26/2012,00:00,,,80.000,2.400,77.600,270.970,270.470,193.370,77.100,ST - Steel tape measurement,0.1 Ft,Department of Water Resources,Voluntary,3,26,2012
Glenn_01.01.2003-06.21.2013.csv,Glenn,39.7972,-122.1967,W001,2013-09-18 13:29:54,397972N1221967W001,22N03W03D001M,8/1/2012,00:00,,,89.580,0.000,89.580,270.970,270.470,181.390,89.080,ES - Electric sounder measurement,0.01 Ft,Department of Water Resources,Voluntary,8,1,2012
Glenn_01.01.2003-06.21.2013.csv,Glenn,39.7972,-122.1967,W001,2013-09-18 13:29:54,397972N1221967W001,22N03W03D001M,10/17/2012,00:00,,,92.240,0.000,92.240,270.970,270.470,178.730,91.740,ES - Electric sounder measurement,0.01 Ft,Department of Water Resources,Voluntary,10,17,2012
Glenn_01.01.2003-06.21.2013.csv,Glenn,39.7972,-122.1967,W001,2013-09-18 13:29:54,397972N1221967W001,22N03W03D001M,3/10/2003,00:00,,,75.600,0.000,75.600,270.970,270.470,195.370,75.100,UNK - Unknown,Unknown,Department of Water Resources,Voluntary,3,10,2003
Glenn_01.01.2003-06.21.2013.csv,Glenn,39.7972,-122.1967,W001,2013-09-18 13:29:54,397972N1221967W001,22N03W03D001M,4/8/2003,00:00,,,79.900,0.000,79.900,270.970,270.470,191.070,79.400,UNK - Unknown,Unknown,Department of Water Resources,Voluntary,4,8,2003
Glenn_01.01.2003-06.21.2013.csv,Glenn,39.7972,-122.1967,W001,2013-09-18 13:29:54,397972N1221967W001,22N03W03D001M,5/21/2003,00:00,,,72.600,0.000,72.600,270.970,270.470,198.370,72.100,UNK - Unknown,Unknown,Department of Water Resources,Voluntary,5,21,2003
Glenn_01.01.2003-06.21.2013.csv,Glenn,39.7972,-122.1967,W001,2013-09-18 13:29:54,397972N1221967W001,22N03W03D001M,6/25/2003,00:00,,,80.000,0.000,80.000,270.970,270.470,190.970,79.500,UNK - Unknown,Unknown,Department of Water Resources,Voluntary,6,25,2003
Glenn_01.01.2003-06.21.2013.csv,Glenn,39.7972,-122.1967,W001,2013-09-18 13:29:54,397972N1221967W001,22N03W03D001M,7/30/2003,00:00,,,91.600,0.000,91.600,270.970,270.470,179.370,91.100,UNK - Unknown,Unknown,Department of Water Resources,Voluntary,7,30,2003
Glenn_01.01.2003-06.21.2013.csv,Glenn,39.7972,-122.1967,W001,2013-09-18 13:29:54,397972N1221967W001,22N03W03D001M,8/27/2003,00:00,,,94.300,0.000,94.300,270.970,270.470,176.670,93.800,UNK - Unknown,Unknown,Department of Water Resources,Voluntary,8,27,2003
Glenn_01.01.2003-06.21.2013.csv,Glenn,39.7972,-122.1967,W001,2013-09-18 13:29:54,397972N1221967W001,22N03W03D001M,9/17/2003,00:00,,,84.700,0.000,84.700,270.970,270.470,186.270,84.200,UNK - Unknown,Unknown,Department of Water Resources,Voluntary,9,17,2003
Glenn_01.01.2003-06.21.2013.csv,Glenn,39.7972,-122.1967,W001,2013-09-18 13:29:54,397972N1221967W001,22N03W03D001M,10/16/2003,00:00,,,93.800,0.000,93.800,270.970,270.470,177.170,93.300,UNK - Unknown,Unknown,Department of Water Resources,Voluntary,10,16,2003
Glenn_01.01.2003-06.21.2013.csv,Glenn,39.7972,-122.1967,W001,2013-09-18 13:29:54,397972N1221967W001,22N03W03D001M,11/17/2003,00:00,,,82.600,0.000,82.600,270.970,270.470,188.370,82.100,UNK - Unknown,Unknown,Department of Water Resources,Voluntary,11,17,2003
Glenn_01.01.2003-06.21.2013.csv,Glenn,39.7972,-122.1967,W001,2013-09-18 13:29:54,397972N1221967W001,22N03W03D001M,3/31/2004,00:00,,,71.200,0.000,71.200,270.970,270.470,199.770,70.700,UNK - Unknown,Unknown,Department of Water Resources,Voluntary,3,31,2004
Glenn_01.01.2003-06.21.2013.csv,Glenn,39.7972,-122.1967,W001,2013-09-18 13:29:54,397972N1221967W001,22N03W03D001M,4/26/2004,00:00,,,73.100,0.000,73.100,270.970,270.470,197.870,72.600,UNK - Unknown,Unknown,Department of Water Resources,Voluntary,4,26,2004
Glenn_01.01.2003-06.21.2013.csv,Glenn,39.7972,-122.1967,W001,2013-09-18 13:29:54,397972N1221967W001,22N03W03D001M,5/24/2004,00:00,,,75.600,0.000,75.600,270.970,270.470,195.370,75.100,UNK - Unknown,Unknown,Department of Water Resources,Voluntary,5,24,2004
Glenn_01.01.2003-06.21.2013.csv,Glenn,39.7972,-122.1967,W001,2013-09-18 13:29:54,397972N1221967W001,22N03W03D001M,6/21/2004,00:00,,,78.600,0.000,78.600,270.970,270.470,192.370,78.100,UNK - Unknown,Unknown,Department of Water Resources,Voluntary,6,21,2004
Glenn_01.01.2003-06.21.2013.csv,Glenn,39.7972,-122.1967,W001,2013-09-18 13:29:54,397972N1221967W001,22N03W03D001M,7/26/2004,00:00,,,83.000,0.000,83.000,270.970,270.470,187.970,82.500,UNK - Unknown,Unknown,Department of Water Resources,Voluntary,7,26,2004
Glenn_01.01.2003-06.21.2013.csv,Glenn,39.7972,-122.1967,W001,2013-09-18 13:29:54,397972N1221967W001,22N03W03D001M,8/25/2004,00:00,,,85.000,0.000,85.000,270.970,270.470,185.970,84.500,UNK - Unknown,Unknown,Department of Water Resources,Voluntary,8,25,2004
Glenn_01.01.2003-06.21.2013.csv,Glenn,39.7972,-122.1967,W001,2013-09-18 13:29:54,397972N1221967W001,22N03W03D001M,9/22/2004,00:00,,,85.100,0.000,85.100,270.970,270.470,185.870,84.600,UNK - Unknown,Unknown,Department of Water Resources,Voluntary,9,22,2004
Glenn_01.01.2003-06.21.2013.csv,Glenn,39.7972,-122.1967,W001,2013-09-18 13:29:54,397972N1221967W001,22N03W03D001M,10/18/2004,00:00,,,85.500,0.000,85.500,270.970,270.470,185.470,85.000,UNK - Unknown,Unknown,Department of Water Resources,Voluntary,10,18,2004
Glenn_01.01.2003-06.21.2013.csv,Glenn,39.7972,-122.1967,W001,2013-09-18 13:29:54,397972N1221967W001,22N03W03D001M,11/16/2004,00:00,,,82.700,0.000,82.700,270.970,270.470,188.270,82.200,UNK - Unknown,Unknown,Department of Water Resources,Voluntary,11,16,2004
Glenn_01.01.2003-06.21.2013.csv,Glenn,39.7972,-122.1967,W001,2013-09-18 13:29:54,397972N1221967W001,22N03W03D001M,3/29/2005,00:00,,,72.300,0.000,72.300,270.970,270.470,198.670,71.800,UNK - Unknown,Unknown,Department of Water Resources,Voluntary,3,29,2005
Glenn_01.01.2003-06.21.2013.csv,Glenn,39.7972,-122.1967,W001,2013-09-18 13:29:54,397972N1221967W001,22N03W03D001M,4/29/2005,00:00,,,71.200,0.000,71.200,270.970,270.470,199.770,70.700,UNK - Unknown,Unknown,Department of Water Resources,Voluntary,4,29,2005
Glenn_01.01.2003-06.21.2013.csv,Glenn,39.7972,-122.1967,W001,2013-09-18 13:29:54,397972N1221967W001,22N03W03D001M,5/27/2005,00:00,,,70.800,0.000,70.800,270.970,270.470,200.170,70.300,UNK - Unknown,Unknown,Department of Water Resources,Voluntary,5,27,2005
Glenn_01.01.2003-06.21.2013.csv,Glenn,39.7972,-122.1967,W001,2013-09-18 13:29:54,397972N1221967W001,22N03W03D001M,6/24/2005,00:00,,,74.600,0.000,74.600,270.970,270.470,196.370,74.100,UNK - Unknown,Unknown,Department of Water Resources,Voluntary,6,24,2005
Glenn_01.01.2003-06.21.2013.csv,Glenn,39.7972,-122.1967,W001,2013-09-18 13:29:54,397972N1221967W001,22N03W03D001M,7/29/2005,00:00,,,79.500,0.000,79.500,270.970,270.470,191.470,79.000,UNK - Unknown,Unknown,Department of Water Resources,Voluntary,7,29,2005
Glenn_01.01.2003-06.21.2013.csv,Glenn,39.7972,-122.1967,W001,2013-09-18 13:29:54,397972N1221967W001,22N03W03D001M,8/26/2005,00:00,,,82.100,0.000,82.100,270.970,270.470,188.870,81.600,UNK - Unknown,Unknown,Department of Water Resources,Voluntary,8,26,2005
Glenn_01.01.2003-06.21.2013.csv,Glenn,39.7972,-122.1967,W001,2013-09-18 13:29:54,397972N1221967W001,22N03W03D001M,9/30/2005,00:00,,,82.700,0.000,82.700,270.970,270.470,188.270,82.200,UNK - Unknown,Unknown,Department of Water Resources,Voluntary,9,30,2005
Glenn_01.01.2003-06.21.2013.csv,Glenn,39.7972,-122.1967,W001,2013-09-18 13:29:54,397972N1221967W001,22N03W03D001M,10/21/2005,00:00,,,82.300,0.000,82.300,270.970,270.470,188.670,81.800,UNK - Unknown,Unknown,Department of Water Resources,Voluntary,10,21,2005
Glenn_01.01.2003-06.21.2013.csv,Glenn,39.7972,-122.1967,W001,2013-09-18 13:29:54,397972N1221967W001,22N03W03D001M,3/30/2006,00:00,,,70.900,0.000,70.900,270.970,270.470,200.070,70.400,UNK - Unknown,Unknown,Department of Water Resources,Voluntary,3,30,2006
Glenn_01.01.2003-06.21.2013.csv,Glenn,39.7972,-122.1967,W001,2013-09-18 13:29:54,397972N1221967W001,22N03W03D001M,5/19/2006,00:00,,,70.000,0.000,70.000,270.970,270.470,200.970,69.500,UNK - Unknown,Unknown,Department of Water Resources,Voluntary,5,19,2006
Glenn_01.01.2003-06.21.2013.csv,Glenn,39.7972,-122.1967,W001,2013-09-18 13:29:54,397972N1221967W001,22N03W03D001M,8/3/2006,00:00,,,78.900,0.000,78.900,270.970,270.470,192.070,78.400,UNK - Unknown,Unknown,Department of Water Resources,Voluntary,8,3,2006
Glenn_01.01.2003-06.21.2013.csv,Glenn,39.7972,-122.1967,W001,2013-09-18 13:29:54,397972N1221967W001,22N03W03D001M,10/12/2006,00:00,,,80.700,0.000,80.700,270.970,270.470,190.270,80.200,UNK - Unknown,Unknown,Department of Water Resources,Voluntary,10,12,2006
Glenn_01.01.2003-06.21.2013.csv,Glenn,39.7972,-122.1967,W001,2013-09-18 13:29:54,397972N1221967W001,22N03W03D001M,3/20/2007,00:00,,,74.140,0.000,74.140,270.970,270.470,196.830,73.640,UNK - Unknown,Unknown,Department of Water Resources,Voluntary,3,20,2007
Glenn_01.01.2003-06.21.2013.csv,Glenn,39.7972,-122.1967,W001,2013-09-18 13:29:54,397972N1221967W001,22N03W03D001M,8/10/2007,00:00,,,86.630,0.000,86.630,270.970,270.470,184.340,86.130,UNK - Unknown,Unknown,Department of Water Resources,Voluntary,8,10,2007
Glenn_01.01.2003-06.21.2013.csv,Glenn,39.7972,-122.1967,W001,2013-09-18 13:29:54,397972N1221967W001,22N03W03D001M,10/15/2007,00:00,,,98.160,0.000,98.160,270.970,270.470,172.810,97.660,UNK - Unknown,Unknown,Department of Water Resources,Voluntary,10,15,2007
Glenn_01.01.2003-06.21.2013.csv,Glenn,39.7972,-122.1967,W001,2013-09-18 13:29:54,397972N1221967W001,22N03W03D001M,3/13/2008,00:00,,,76.540,0.000,76.540,270.970,270.470,194.430,76.040,UNK - Unknown,Unknown,Department of Water Resources,Voluntary,3,13,2008
Glenn_01.01.2003-06.21.2013.csv,Glenn,39.7972,-122.1967,W001,2013-09-18 13:29:54,397972N1221967W001,22N03W03D001M,8/5/2008,00:00,,,87.900,0.000,87.900,270.970,270.470,183.070,87.400,UNK - Unknown,Unknown,Department of Water Resources,Voluntary,8,5,2008
Glenn_01.01.2003-06.21.2013.csv,Glenn,39.7972,-122.1967,W001,2013-09-18 13:29:54,397972N1221967W001,22N03W03D001M,10/23/2008,00:00,,,89.020,0.000,89.020,270.970,270.470,181.950,88.520,UNK - Unknown,Unknown,Department of Water Resources,Voluntary,10,23,2008
Glenn_01.01.2003-06.21.2013.csv,Glenn,39.7972,-122.1967,W001,2013-09-18 13:29:54,397972N1221967W001,22N03W03D001M,1/12/2009,00:00,,,83.300,0.000,83.300,270.970,270.470,187.670,82.800,UNK - Unknown,Unknown,Department of Water Resources,Voluntary,1,12,2009
Glenn_01.01.2003-06.21.2013.csv,Glenn,39.7972,-122.1967,W001,2013-09-18 13:29:54,397972N1221967W001,22N03W03D001M,3/23/2009,00:00,,,79.900,0.000,79.900,270.970,270.470,191.070,79.400,UNK - Unknown,Unknown,Department of Water Resources,Voluntary,3,23,2009
Glenn_01.01.2003-06.21.2013.csv,Glenn,39.7972,-122.1967,W001,2013-09-18 13:29:54,397972N1221967W001,22N03W03D001M,5/15/2009,00:00,,,80.850,0.000,80.850,270.970,270.470,190.120,80.350,UNK - Unknown,Unknown,Department of Water Resources,Voluntary,5,15,2009
Glenn_01.01.2003-06.21.2013.csv,Glenn,39.7972,-122.1967,W001,2013-09-18 13:29:54,397972N1221967W001,22N03W03D001M,6/23/2009,00:00,,,90.700,0.000,90.700,270.970,270.470,180.270,90.200,UNK - Unknown,Unknown,Department of Water Resources,Voluntary,6,23,2009
Glenn_01.01.2003-06.21.2013.csv,Glenn,39.7972,-122.1967,W001,2013-09-18 13:29:54,397972N1221967W001,22N03W03D001M,8/10/2009,00:00,,,89.890,0.000,89.890,270.970,270.470,181.080,89.390,UNK - Unknown,Unknown,Department of Water Resources,Voluntary,8,10,2009
Glenn_01.01.2003-06.21.2013.csv,Glenn,39.7972,-122.1967,W001,2013-09-18 13:29:54,397972N1221967W001,22N03W03D001M,9/17/2009,00:00,,,91.520,0.000,91.520,270.970,270.470,179.450,91.020,UNK - Unknown,Unknown,Department of Water Resources,Voluntary,9,17,2009
Glenn_01.01.2003-06.21.2013.csv,Glenn,39.7972,-122.1967,W001,2013-09-18 13:29:54,397972N1221967W001,22N03W03D001M,10/22/2009,00:00,,,93.400,0.000,93.400,270.970,270.470,177.570,92.900,UNK - Unknown,Unknown,Department of Water Resources,Voluntary,10,22,2009
Glenn_01.01.2003-06.21.2013.csv,Glenn,39.7972,-122.1967,W001,2013-09-18 13:29:54,397972N1221967W001,22N03W03D001M,3/22/2010,00:00,,,78.200,0.000,78.200,270.970,270.470,192.770,77.700,UNK - Unknown,Unknown,Department of Water Resources,Voluntary,3,22,2010
Glenn_01.01.2003-06.21.2013.csv,Glenn,39.7972,-122.1967,W001,2013-09-18 13:29:54,397972N1221967W001,22N03W03D001M,8/2/2010,00:00,,,86.050,0.000,86.050,270.970,270.470,184.920,85.550,UNK - Unknown,Unknown,Department of Water Resources,Voluntary,8,2,2010
Glenn_01.01.2003-06.21.2013.csv,Glenn,39.7972,-122.1967,W001,2013-09-18 13:29:54,397972N1221967W001,22N03W03D001M,10/18/2010,00:00,,,87.770,0.000,87.770,270.970,270.470,183.200,87.270,UNK - Unknown,Unknown,Department of Water Resources,Voluntary,10,18,2010
Glenn_01.01.2003-06.21.2013.csv,Glenn,39.7972,-122.1967,W001,2013-09-18 13:29:54,397972N1221967W001,22N03W03D001M,4/5/2011,00:00,,,75.920,0.000,75.920,270.970,270.470,195.050,75.420,UNK - Unknown,Unknown,Department of Water Resources,Voluntary,4,5,2011
Glenn_01.01.2003-06.21.2013.csv,Glenn,39.7972,-122.1967,W001,2013-09-18 13:29:54,397972N1221967W001,22N03W03D001M,8/3/2011,00:00,,,82.550,0.000,82.550,270.970,270.470,188.420,82.050,UNK - Unknown,Unknown,Department of Water Resources,Voluntary,8,3,2011
Glenn_01.01.2003-06.21.2013.csv,Glenn,39.7972,-122.1967,W001,2013-09-18 13:29:54,397972N1221967W001,22N03W03D001M,10/12/2011,00:00,,,84.950,0.000,84.950,270.970,270.470,186.020,84.450,UNK - Unknown,Unknown,Department of Water Resources,Voluntary,10,12,2011
Glenn_01.01.2003-06.21.2013.csv,Glenn,39.7972,-122.1967,W001,2013-09-18 13:29:54,397972N1221967W001,22N03W03D001M,3/19/2013,00:00,,,80.190,0.000,80.190,270.970,270.470,190.780,79.690,ES - Electric sounder measurement,0.01 Ft,Department of Water Resources,Voluntary,3,19,2013
